1.27497930861, 1.02219213057, 1.69943154975, 0.804656693928, 2.83000025142, 1.15750687203, 1.77536227545, 1.26000037801, 1.14000034591, 3.47913466843, 2.24840966264, 0.93955287126, 3.04000038139, 1.00887800847, 1.01879357345, 1.00000052154, 1.00000061164, 1.03645204265, 5.00398274261, 0.910444204082, 1.00000096383, 77.6371245152, 0.856650884288, 3.73468827294, 0.980048431227, 3.2900005673, 1.00000041254, 46.7821227256, 7915.11080011
4.4644357381, 1.02984747991, 1.73499220825, 0.870901301935, 2.83000036843, 1.15305405675, 1.96781438566, 1.26000045319, 1.14000099947, 2.93912766701, 1.90664790831, 0.893444798088, 3.04000085767, 1.0113489678, 1.01529974443, 1.00000048035, 1.00000019175, 1.02307960128, 8.561407232, 0.934154945916, 1.00000074092, 81.1337521415, 0.958322050207, 4.59668258883, 1.03690609654, 3.29000082862, 1.00000002129, 20.4515906605, 6556.17667917
3.92447739023, 1.02081828686, 1.66404717385, 0.912508095924, 2.83000055284, 1.15613991639, 2.82189638677, 1.26000008766, 1.14000026762, 2.97231273448, 2.43237318834, 1.00489468293, 3.04000031938, 1.00360591209, 1.0816345293, 1.00000020367, 1.00000092577, 1.10628926733, 8.41620164261, 0.91210801866, 1.00000030479, 85.3844303842, 1.0015784578, 4.14178098259, 0.984486626633, 3.29000085143, 1.00000017193, 18.3610474693, 854.850350202
3.26188882288, 1.13635437592, 1.62731117816, 0.801524741649, 2.83000044272, 1.08106815137, 1.70652015103, 1.26000051621, 1.14000008441, 2.53839953421, 1.56179548206, 0.971029664947, 3.04000053511, 1.00486121925, 0.969488137843, 1.00000063483, 1.0000008952, 1.06177310147, 6.47586015852, 0.914737686473, 1.000000025, 103.229612636, 0.946787918189, 2.89629744326, 1.00797174407, 3.29000033787, 1.00000033789, 34.0166797008, 4727.51943838
5.18063814574, 1.00829628156, 1.58885897848, 0.90728031542, 2.83000015821, 1.14070739353, 3.57840219391, 1.26000086835, 1.14000086574, 3.66687515067, 2.72435373337, 0.935817357564, 3.04000079426, 1.03495507838, 1.01330938783, 1.00000059292, 1.00000065928, 1.07518599918, 3.64326297589, 0.911993822918, 1.00000029565, 84.3187431271, 0.946509334267, 2.23022777971, 0.98412132943, 3.29000073087, 1.00000072554, 24.2694551534, 8696.3330013
3.88177855533, 1.00058515312, 1.55258936461, 0.824773051369, 2.83000037933, 1.12554093874, 1.87746094682, 1.26000051917, 1.14000029399, 2.75797271614, 2.94115507587, 0.922248814368, 3.04000070949, 1.01827305776, 0.991029823529, 1.00000048599, 1.00000005319, 1.02909419185, 8.66837891955, 0.926592035728, 1.00000068285, 109.020704378, 0.905766250808, 3.50162973419, 1.02165440796, 3.29000092432, 1.00000077792, 28.6997831578, 16540.0167622
4.43622435861, 1.02792077215, 1.53175118107, 0.855419669419, 2.83000088098, 1.1856336219, 1.53947229691, 1.26000065889, 1.14000029381, 3.20053548969, 2.26284432814, 1.03010007755, 3.04000060387, 1.00974689803, 0.953155827138, 1.00000080776, 1.00000029759, 1.04452849866, 9.82184819888, 0.94128571466, 1.00000048755, 88.9992843056, 0.896001126792, 4.89452589453, 1.02421251444, 3.29000037431, 1.00000043483, 44.246364525, 6410.13689824
1.33304664037, 1.00788270275, 1.61341770439, 0.85521146429, 2.83000011821, 1.11916129826, 1.07822108039, 1.26000024483, 1.14000086097, 3.69386639772, 2.18314168182, 0.967700404734, 3.04000058329, 1.06307842217, 1.02323554542, 1.00000000602, 1.00000012783, 1.10891400286, 8.0236767625, 0.923135224575, 1.0000001215, 107.459709481, 1.00244593221, 4.32736309748, 1.03336988141, 3.29000059515, 1.00000059043, 37.8969496657, 11847.6966908
3.46500357294, 1.11425888415, 1.7173243572, 0.824684580356, 2.83000058297, 1.15842496479, 1.7379468034, 1.26000072197, 1.14000083049, 2.33271784734, 2.06738666921, 0.946780861961, 3.04000051966, 1.03285802679, 0.826449220786, 1.00000090647, 1.0000003152, 1.10409520005, 7.45396103613, 0.914920633666, 1.00000097615, 117.58611854, 0.897362878889, 3.21161439754, 1.0094771226, 3.29000010225, 1.00000089244, 35.7520790918, 61324.6688184
5.97548309368, 1.03924806234, 1.44847696159, 0.805019403043, 2.83000075185, 1.1535550036, 1.03461140728, 1.26000078737, 1.14000076038, 1.30418673387, 2.37751163092, 1.09660275015, 3.04000009255, 1.01635468223, 0.904526341686, 1.00000080867, 1.00000008442, 1.08311881946, 5.52235757872, 0.915254237006, 1.00000036425, 77.0422008319, 0.964856104908, 3.54972234116, 1.06675739226, 3.29000083163, 1.00000088328, 21.3594854787, 4073.07950291
3.44148929906, 1.0760666611, 1.63021103728, 0.805440635597, 2.83000025236, 1.11870455949, 2.5307186393, 1.26000041188, 1.14000021293, 3.60037120932, 2.90253273236, 1.09237196957, 3.04000078751, 1.06699227685, 0.91447119291, 1.00000017602, 1.00000002356, 1.03588095137, 6.48499723352, 0.939146525426, 1.00000066473, 82.6425357309, 0.952692648719, 1.79140221964, 1.06970471583, 3.29000011431, 1.00000058922, 50.1760933397, 4164.72653942
4.85518372803, 1.07930159405, 1.49678263404, 0.849202006352, 2.83000095681, 1.09585493681, 2.38306419017, 1.26000018729, 1.14000041134, 2.07907089939, 2.44095942674, 0.992342409882, 3.0400009899, 1.03670110667, 1.08059767249, 1.00000000318, 1.00000043576, 1.00272609469, 5.90750548339, 0.918365851597, 1.00000058509, 107.669641668, 0.868833398058, 3.97947794011, 1.0352445818, 3.29000009226, 1.0000000943, 26.8193119202, 26748.7182198
5.2285358814, 1.1266943011, 1.58350742513, 0.803803008588, 2.83000019344, 1.03243740865, 1.66299584652, 1.26000046311, 1.14000055137, 3.22384010041, 2.34045290389, 1.0729154993, 3.04000056535, 1.06043314635, 0.814248692766, 1.00000045339, 1.00000071119, 1.08512464215, 8.56129787939, 0.91479045305, 1.00000076051, 75.5443134878, 0.884460550411, 2.74376351877, 1.05806006985, 3.29000066095, 1.00000033343, 60.5927162234, 49949.2248637
4.55942513429, 1.0417022659, 1.39449870822, 0.843357468209, 2.83000087686, 1.10459154008, 1.85563384301, 1.260000859, 1.14000066357, 3.71841154165, 2.79850351015, 1.04978545382, 3.04000059153, 1.0191845512, 0.861255869605, 1.00000017973, 1.00000020319, 1.08511777615, 4.40391479084, 0.910733928938, 1.0000002089, 86.6587467371, 1.0607928948, 3.00865605969, 1.00224506387, 3.29000083679, 1.00000082562, 33.1653497222, 3211.93409859
2.49219198458, 1.10007549064, 1.67582040618, 0.836541414818, 2.83000098339, 1.0635312218, 2.70176906233, 1.2600009922, 1.14000051812, 2.89410802254, 3.02286581193, 0.966155395146, 3.04000053242, 1.03800231862, 0.911178995194, 1.00000060274, 1.00000034383, 1.04639391174, 9.27338907913, 0.92787088859, 1.00000070942, 77.7083025162, 1.0678368626, 4.12182047866, 1.04308885012, 3.29000098062, 1.00000096706, 13.8647124559, 701.924403852
5.51756056851, 1.1350267774, 1.57841651889, 0.805113196428, 2.83000002415, 1.18635409929, 1.71312568416, 1.26000054529, 1.14000021167, 3.62107727604, 1.92332647902, 0.916922854785, 3.04000060534, 1.04543758888, 1.05537352287, 1.00000035408, 1.00000069585, 1.03399759013, 6.74783907497, 0.926934917791, 1.00000030903, 81.8227554426, 0.951102818644, 1.39564774294, 1.02650265604, 3.29000038552, 1.00000093718, 74.388984137, 48133.936926
5.71992273148, 1.08041120789, 1.4566745412, 0.827486089833, 2.83000056031, 1.12824137031, 1.09931157164, 1.2600007001, 1.14000011813, 3.70696507063, 2.7847300321, 0.955926851584, 3.04000091741, 1.02729231275, 1.01454674097, 1.00000068434, 1.00000056637, 1.1054019187, 8.07662961095, 0.936655716164, 1.00000082305, 86.8005258193, 0.965633412674, 4.18135483924, 0.989671589598, 3.29000083186, 1.00000073676, 24.7206089066, 9170.32116298
3.56003602943, 1.09362568472, 1.4213628366, 0.807760208851, 2.83000089493, 1.09335411293, 2.5628858049, 1.26000016044, 1.1400004972, 2.61244297568, 2.08260661703, 0.948070989249, 3.04000059901, 1.01211059201, 1.00979987787, 1.00000000984, 1.00000075067, 1.06039274279, 7.68940347491, 0.930543514319, 1.00000076419, 120.391587977, 0.882646892456, 3.42005271364, 1.026291013, 3.29000066936, 1.00000067492, 54.0700998488, 31113.0199936
3.01426545231, 1.06907754271, 1.56769754841, 0.883281113285, 2.83000004862, 1.1576170413, 5.08027751254, 1.26000081546, 1.14000099218, 3.38658115554, 2.49072663163, 1.04682167493, 3.04000090524, 1.04381028067, 1.03591289804, 1.00000051397, 1.00000002881, 1.03832012073, 6.18952244495, 0.916735050547, 1.00000087801, 78.5966248702, 1.01506432751, 2.44850578889, 1.06143894351, 3.2900000665, 1.00000046884, 24.9197987927, 17859.7481148
5.15245538145, 1.09758607739, 1.53715427148, 0.854241053809, 2.83000076851, 1.1739479329, 1.92649024093, 1.26000049237, 1.14000091623, 1.44422230033, 2.1629839773, 1.03469881223, 3.04000029748, 1.03081283312, 0.948291954489, 1.00000097646, 1.00000062513, 1.09815007338, 7.12497180988, 0.910107971931, 1.00000077463, 96.941051181, 0.847646532817, 2.26575741703, 1.06351452942, 3.29000069076, 1.00000011091, 34.1983724653, 27929.3485651
4.44997730962, 1.03132468606, 1.5064758789, 0.87324272494, 2.83000084242, 1.07318787994, 1.11872394041, 1.26000094467, 1.14000038402, 3.43255641426, 2.28106086237, 0.999335469999, 3.0400001516, 1.00863930776, 1.08829208993, 1.00000079323, 1.00000087466, 1.05344502422, 8.12338450362, 0.912129735448, 1.00000066956, 105.215848283, 0.927516264467, 2.23975977495, 1.02101235568, 3.29000045403, 1.00000016364, 42.0115339182, 14711.8164941
4.70541724152, 1.09768844153, 1.63406173283, 0.908445756534, 2.83000000132, 1.12657800101, 1.11473256236, 1.2600008712, 1.14000060178, 2.60604517631, 2.45741052235, 1.00913238511, 3.04000054304, 1.02739833212, 1.02427448747, 1.00000007786, 1.00000067695, 1.0870173601, 6.64347781396, 0.924439291186, 1.00000099223, 97.3429770377, 1.02172246292, 3.46227093847, 0.986316004162, 3.29000003562, 1.00000062332, 72.0330566921, 68738.2848172
2.05221970981, 1.115409008, 1.6456088677, 0.848436513425, 2.83000045578, 1.00790069207, 1.19758525335, 1.2600006535, 1.14000032985, 2.86069402275, 2.22157059897, 0.970799329303, 3.04000008014, 1.03070548353, 0.944955056893, 1.00000097918, 1.00000081389, 1.0971459144, 6.99263551413, 0.932886092684, 1.00000080407, 112.035927123, 0.9375030972, 1.84374529626, 1.0294557846, 3.29000055544, 1.00000015329, 28.1966431802, 17395.2538142
5.59587165582, 1.08723448557, 1.69197762898, 0.815419159264, 2.8300007968, 1.07251761103, 1.04665119277, 1.26000072511, 1.14000026241, 2.91505818353, 2.07517795744, 0.889145751697, 3.04000029574, 1.02426604007, 0.954848316303, 1.00000000639, 1.00000025406, 1.06900525234, 4.22569961146, 0.92251866266, 1.00000023951, 123.417917636, 1.01352044372, 1.6685607437, 0.980238526423, 3.29000066041, 1.00000064617, 20.9647325651, 1615.20832485
5.21406949372, 1.04727233351, 1.38376201312, 0.803779993895, 2.8300005728, 0.911014559646, 1.09538235302, 1.26000069245, 1.14000058071, 2.05759122751, 2.73947937138, 0.910820457292, 3.04000081908, 1.00251712345, 1.02915453032, 1.00000009157, 1.00000052453, 1.05255775946, 6.36054030517, 0.935826638684, 1.00000069789, 87.2934810078, 0.885748850089, 1.61269280686, 1.03998862828, 3.29000005226, 1.00000014732, 29.9309823605, 5973.39774312
5.75841208029, 1.05845997299, 1.61929270935, 0.899909127902, 2.83000068013, 1.17491670697, 2.04620444398, 1.26000004792, 1.14000077449, 3.53545184089, 2.16754216437, 1.01244402565, 3.04000046026, 1.0710595148, 0.985293739428, 1.00000027883, 1.00000082161, 1.07486007721, 3.97292713079, 0.918562279601, 1.00000076976, 79.9676850889, 0.990534897247, 1.80735260522, 1.05591750405, 3.29000020793, 1.00000075917, 52.5474706574, 22274.0712482
5.92702573591, 1.01116488614, 1.47507253642, 0.827963745169, 2.83000079491, 1.17387254705, 4.35699578239, 1.26000007124, 1.14000053146, 3.40176345591, 1.95216481456, 0.976585257451, 3.0400000074, 1.05328891249, 1.08463082023, 1.00000060495, 1.00000049942, 1.00927981412, 8.06789155662, 0.935838109395, 1.00000051116, 75.0707949978, 1.02354378917, 2.92665325899, 0.974750211633, 3.29000008222, 1.00000063262, 25.9990562205, 12508.9918841
2.2666366049, 1.02299641103, 1.499498572, 0.868933917202, 2.83000094084, 1.02916604555, 1.12102785349, 1.26000070948, 1.14000003716, 3.47532896841, 1.92682140279, 0.902326866403, 3.04000059811, 1.02587610634, 1.03084869478, 1.00000071245, 1.00000056737, 1.10777759037, 7.24202505472, 0.945500346903, 1.00000042323, 110.724011161, 0.937870471306, 3.21725471083, 1.05653802575, 3.29000060501, 1.00000002475, 28.4450901698, 52152.1647861
4.53481683878, 1.11913305873, 1.42314273626, 0.829129900689, 2.83000091302, 1.18753443146, 2.54128655905, 1.26000036821, 1.14000027461, 3.01419860135, 1.9116459178, 1.01937152837, 3.04000075193, 1.05451789909, 0.964271528353, 1.00000091918, 1.00000096909, 1.05829097277, 7.7972203249, 0.913732048019, 1.00000029828, 93.6154141219, 0.952673974907, 3.15884576943, 1.03850334104, 3.29000092888, 1.00000094178, 34.3567318904, 5560.42748035
4.73819577345, 1.12602108453, 1.65821064121, 0.872221707079, 2.83000048265, 1.01400349912, 2.36330298745, 1.26000009823, 1.14000082003, 3.41575548315, 2.37531779575, 1.06123241128, 3.04000067478, 1.06564666396, 0.860140125406, 1.00000018334, 1.00000040142, 1.05954820154, 7.9186002216, 0.917679722305, 1.00000030435, 76.4635440735, 0.952308675783, 2.06221050901, 1.05779845194, 3.29000060438, 1.00000066252, 52.519497529, 18709.7175337
3.79411879209, 1.11395838264, 1.69596946512, 0.873152328959, 2.83000081175, 1.07533633317, 1.6938451254, 1.26000043139, 1.14000073034, 3.47109284831, 2.04950079925, 0.920939544096, 3.04000019012, 1.01618448671, 1.01152067281, 1.00000000159, 1.00000028003, 1.08067457627, 8.99632007283, 0.950323294359, 1.00000089492, 98.2936832, 1.04577554902, 3.98216432423, 1.00370634621, 3.29000032955, 1.00000091283, 38.6133938015, 16194.3104188
5.08773735301, 1.04025530406, 1.60071996276, 0.9531191931, 2.83000026719, 1.14020609491, 3.50214271018, 1.2600003441, 1.14000042614, 2.87755234747, 2.58328228038, 0.900145757003, 3.04000038587, 1.09518468707, 0.997796647069, 1.0000000995, 1.00000034244, 1.04063834125, 7.25134382549, 0.919776945832, 1.00000098044, 88.6537422389, 0.885549669223, 1.31561615307, 1.03871721151, 3.29000093657, 1.00000013718, 45.2828314414, 52798.4528259
5.69077745498, 1.06050394471, 1.34426002843, 0.858463732567, 2.83000000225, 1.08665993681, 1.75693288865, 1.26000030854, 1.14000083619, 2.94473675608, 2.06292954224, 1.00633844716, 3.04000091611, 1.10729683507, 0.905547328814, 1.0000002168, 1.00000036772, 1.04947892252, 7.7478515484, 0.910285691255, 1.00000061049, 91.908110173, 0.87545580892, 4.0557009663, 1.04596004362, 3.29000012791, 1.00000040304, 32.4567926676, 12988.0316259
1.40579114455, 1.13894205617, 1.68753954188, 0.825101627627, 2.83000025846, 1.09424206469, 3.17934096752, 1.26000004849, 1.14000091704, 3.26694902891, 2.77852507379, 0.909116476065, 3.0400001671, 1.04770722417, 0.944027119723, 1.00000060762, 1.00000042975, 1.00322360714, 8.75934534477, 0.926357456391, 1.00000059277, 123.083332712, 1.0473410676, 1.81569853649, 1.05978867461, 3.29000082617, 1.00000096802, 41.7010531148, 3357.04904655
5.99326323838, 1.00904528159, 1.66632192163, 0.88560171273, 2.83000096612, 1.18567571789, 2.47288899333, 1.26000013126, 1.14000057847, 3.13141029678, 3.07680256641, 0.886673016646, 3.04000090521, 1.06472951819, 0.860670072619, 1.00000067717, 1.00000001313, 1.06500557832, 9.98449072693, 0.932892035732, 1.00000004158, 80.1642910785, 1.06129137433, 4.19965234044, 1.05998156843, 3.2900005567, 1.00000080571, 22.0864012675, 7893.37853471
5.14960460466, 1.06207808667, 1.45100794354, 0.906974605098, 2.83000047658, 1.07309969259, 1.30712010108, 1.26000072069, 1.14000075941, 2.5752933724, 2.72875598804, 0.923879227431, 3.04000011179, 1.03582707778, 1.02988577645, 1.00000087699, 1.00000035893, 1.06005091714, 8.91703000751, 0.922407837299, 1.00000025652, 87.4278940325, 0.939217513706, 4.42075296498, 1.03928403266, 3.29000001525, 1.00000073482, 39.4809442387, 21715.1816126
5.24205866369, 1.12966754311, 1.7256217447, 0.891451549001, 2.83000020053, 1.15218520032, 1.63887385426, 1.26000028575, 1.14000030553, 3.16211171843, 2.38755388035, 0.909079833921, 3.04000099127, 1.08131834917, 0.890823173306, 1.00000080184, 1.00000003342, 1.09131441651, 5.74606642011, 0.94713826572, 1.00000061255, 103.043752561, 0.971556833797, 1.41561288206, 0.985021428684, 3.29000088575, 1.00000074636, 27.1210949023, 14306.7161501
5.1358986629, 1.07324669003, 1.35324058691, 0.818082450796, 2.83000005555, 1.16759478926, 2.2970306943, 1.26000020134, 1.14000062595, 2.60135562887, 1.63483070024, 0.93051884704, 3.04000075972, 1.05392899648, 0.97468890261, 1.00000006669, 1.00000005571, 1.10410176877, 9.49779422174, 0.911525261946, 1.00000002528, 80.5724834615, 1.01656492474, 1.76962619452, 1.00600314067, 3.29000040065, 1.00000026551, 59.6672175903, 66724.7482376
3.71216346995, 1.05438329965, 1.67025050326, 0.907554507989, 2.83000003838, 1.18001851926, 1.81982726634, 1.2600008573, 1.14000072399, 2.57582984852, 2.65088708214, 0.925288350115, 3.04000020529, 1.11389659506, 0.856613670522, 1.00000087552, 1.00000056114, 1.10886662163, 5.50716182429, 0.927070052874, 1.00000016712, 111.108333826, 0.893292281054, 1.08216669899, 1.06871823056, 3.29000083805, 1.00000054468, 42.394671523, 2495.78748245
4.15710297273, 1.09755220227, 1.34793304412, 0.918064507197, 2.83000050403, 0.9850965031, 4.11220467571, 1.2600002747, 1.14000048396, 3.64372650593, 2.24611051756, 1.07460024207, 3.04000066359, 1.00642339881, 1.04700221201, 1.00000048269, 1.00000000352, 1.09885322735, 8.74568669914, 0.910810460146, 1.00000075311, 78.8489897124, 0.94709808851, 1.91189035953, 1.01286836535, 3.29000082339, 1.00000033769, 41.9703947265, 100872.379136
5.32881949959, 1.08164948739, 1.6513173813, 0.829855456422, 2.83000085742, 1.13008567823, 2.25032852709, 1.26000077163, 1.14000009081, 3.39950610696, 2.42366314674, 1.01014649134, 3.04000038808, 1.10977970174, 0.865701622011, 1.00000084271, 1.00000073435, 1.0537299167, 5.11794624863, 0.931109678257, 1.00000040494, 110.88552578, 1.08037569713, 2.35927411788, 0.965360509315, 3.29000092779, 1.00000088302, 23.4694721181, 8991.45518813
5.78439005248, 1.09390427408, 1.45640628884, 0.822690676507, 2.83000043198, 1.11718766487, 2.99204370712, 1.26000076627, 1.14000073153, 3.63639798519, 1.8381164717, 1.02975361555, 3.04000000773, 1.02261369416, 0.816701245867, 1.00000038803, 1.00000064066, 1.05612106542, 9.8621956205, 0.945347228173, 1.00000075381, 103.774046505, 0.893131333852, 2.85308923739, 1.05130629253, 3.29000015085, 1.0000004182, 73.4448860764, 54246.7208265
5.11639519236, 1.03827868803, 1.69659113429, 0.835750830719, 2.83000058817, 1.12793249287, 2.75677851559, 1.26000035155, 1.14000093496, 2.99843923976, 1.8869733023, 0.894666545285, 3.04000057905, 1.04618477149, 0.992766122008, 1.00000012151, 1.00000026914, 1.02733151304, 9.49598687774, 0.968071042511, 1.00000050525, 113.0750545, 1.0311407423, 4.54876566893, 1.05776129546, 3.29000048823, 1.0000008012, 47.1490602213, 5595.12035176
3.85858654316, 1.11704564964, 1.41664679038, 0.903427458724, 2.83000062957, 0.957676889931, 2.12438287173, 1.26000013704, 1.14000054654, 3.61235285923, 2.37419002251, 0.975738647155, 3.04000072304, 1.02963665559, 0.997873923112, 1.00000080155, 1.00000020378, 1.10465505113, 6.63172790507, 0.939413793683, 1.00000049091, 80.3072402129, 0.947510557014, 2.27482120953, 1.02190031976, 3.2900006312, 1.00000053187, 64.6147627248, 6656.0709627
4.17188057786, 1.03016071011, 1.42990934844, 0.812368305039, 2.83000083659, 1.1365493956, 3.10618221546, 1.26000067797, 1.14000051327, 3.18130824373, 2.88828255016, 0.966658305355, 3.04000002384, 1.11886126847, 0.964478029264, 1.00000031655, 1.00000027987, 1.01003010423, 4.72842827698, 0.922058586719, 1.00000014089, 98.4740845831, 0.984062158184, 1.06905601362, 1.02681311148, 3.29000002927, 1.00000031105, 32.4931989111, 13175.4425436
5.05013481686, 1.06880211902, 1.6010961934, 0.925125911258, 2.83000062072, 1.16930523153, 1.33958828766, 1.26000077473, 1.14000024366, 2.06065342912, 3.10251084165, 1.00363452185, 3.04000009476, 1.00289402667, 1.04992870311, 1.00000007322, 1.00000025738, 1.08059654507, 6.86279891701, 0.911174119256, 1.00000067332, 114.54217522, 1.01495800714, 1.19815759672, 1.04842477882, 3.29000014168, 1.00000053898, 36.7448339524, 14712.5398354
4.38513260927, 1.06241268384, 1.67709083462, 0.921287603983, 2.83000070629, 1.08908333257, 3.80143923256, 1.260000043, 1.14000042649, 3.22435334866, 1.78092551838, 0.889732067435, 3.04000065804, 1.09516968523, 1.07436431765, 1.00000010224, 1.00000050275, 1.02154809103, 8.84794156306, 0.927267140046, 1.00000045026, 108.883610904, 0.928403066262, 2.26140153294, 1.03099655048, 3.29000097568, 1.00000014919, 39.2669197647, 34977.023627
5.68623749979, 1.12087799058, 1.61472521077, 0.860886861815, 2.83000029037, 0.95001227466, 1.49333067707, 1.26000005255, 1.14000004095, 3.36569564739, 1.91622919601, 1.03860747943, 3.04000090933, 1.05163370425, 0.950293304662, 1.00000087472, 1.00000021991, 1.10607687547, 9.00082940437, 0.918726559587, 1.00000074945, 78.7255676926, 0.995636253501, 1.61026633774, 1.06032602325, 3.29000091774, 1.00000062574, 26.4645226115, 8007.97459348
3.49840098465, 1.13369680682, 1.55025701422, 0.943160084295, 2.83000056433, 1.14889911586, 3.19892585353, 1.26000099364, 1.14000051456, 3.12003130501, 2.86922185993, 0.907074573738, 3.04000069543, 1.04961034524, 0.873211099234, 1.00000013754, 1.00000089214, 1.07989611579, 6.0353934765, 0.925249304688, 1.00000004684, 120.821723795, 0.856071172565, 1.45613714715, 1.03763699671, 3.29000019294, 1.00000017309, 30.763535535, 3106.79305043
5.16151886931, 1.1390246091, 1.56966807657, 0.843027946642, 2.83000025347, 0.997454904935, 1.84111000226, 1.26000006981, 1.14000013866, 3.43266720977, 1.561356478, 1.08573840555, 3.04000094709, 1.05674729562, 0.938266555907, 1.00000073207, 1.00000036225, 1.03835128101, 7.026666143, 0.935179861143, 1.00000003878, 98.0559170836, 0.976073442645, 1.78378375286, 1.06978755066, 3.29000097116, 1.00000063472, 28.5937948336, 13426.1041034
3.71073240928, 1.05950382553, 1.43626179494, 0.846697792251, 2.8300004611, 1.14449473704, 5.23036991751, 1.26000048281, 1.14000045017, 3.57205984395, 2.96240306182, 0.95285425708, 3.04000074322, 1.10165431625, 0.873231876991, 1.00000029265, 1.00000069003, 1.00125148895, 5.91314743795, 0.914351232174, 1.00000023165, 116.966582799, 0.981092776736, 1.56074591087, 1.02950553566, 3.2900001714, 1.00000050991, 42.9670710361, 37063.7052514
4.46681429034, 1.10167485374, 1.59611882758, 0.877341556587, 2.83000040118, 1.17033008887, 1.43743924713, 1.26000065702, 1.14000071217, 2.98883289528, 2.82785026655, 0.901356635412, 3.04000093883, 1.03643250798, 0.854745196055, 1.00000028885, 1.00000083795, 1.09302451072, 9.75323570455, 0.939623176085, 1.00000095271, 97.1734647655, 1.08941783823, 2.46305383933, 1.0164369179, 3.29000021248, 1.00000078833, 9.99385406476, 166.320005092
5.8465935242, 1.11870321644, 1.3504645857, 0.832691388591, 2.83000003762, 1.09764304117, 1.38968837499, 1.26000061136, 1.14000066003, 3.40095673755, 2.25866706741, 1.06114466619, 3.04000053345, 1.03713952127, 1.01218349178, 1.00000002844, 1.00000083485, 1.05259214789, 9.20894987232, 0.966237049524, 1.00000061841, 79.7592733435, 1.0061957499, 1.72601668005, 0.978624405744, 3.2900004315, 1.00000059451, 40.4807146061, 132814.075744
5.95852453312, 1.07213073114, 1.7003917936, 0.845215975141, 2.83000049936, 0.995447974415, 2.14432106261, 1.26000005013, 1.1400009139, 1.96647666654, 2.37258366809, 0.884116500311, 3.04000054973, 1.057324346, 0.795295236427, 1.00000053685, 1.00000040799, 1.06696130072, 9.33607744555, 0.959784225475, 1.00000037292, 85.8725678841, 0.96269358791, 1.54140198117, 1.06928717022, 3.29000060849, 1.0000004695, 55.8353088562, 9843.58375167
5.50764090747, 1.10012917205, 1.50670792687, 0.866417787405, 2.83000099976, 1.14464215635, 3.15957052331, 1.26000073449, 1.14000064709, 3.35782380157, 2.69321352501, 0.965170040158, 3.04000095424, 1.07848183861, 1.04867489664, 1.00000017882, 1.00000026207, 1.05497777039, 3.88804120522, 0.917007292131, 1.00000012291, 120.014234103, 1.07531335183, 4.40875066532, 1.04191925513, 3.29000036376, 1.00000042527, 19.7431620472, 3754.71554845
5.97313546785, 1.04872968762, 1.49263565422, 0.861803214649, 2.83000079638, 0.974590642489, 1.20655943088, 1.26000098327, 1.14000042347, 3.06262869503, 2.63684366461, 0.924377378332, 3.04000091257, 1.05893567357, 0.800651046501, 1.00000089781, 1.00000013331, 1.08028774894, 7.21079726807, 0.923774951849, 1.00000004116, 124.376379268, 1.07381140715, 4.59511380123, 0.970345123573, 3.29000018991, 1.0000001241, 22.9162105802, 2604.91109738
5.91505309512, 1.13586107482, 1.45935884237, 0.816744507389, 2.83000055797, 0.987831123912, 3.37659163393, 1.26000016858, 1.14000004521, 2.82542684961, 1.60000730687, 0.880698637492, 3.04000080543, 1.05984743772, 1.00477351121, 1.00000035378, 1.0000000759, 1.09402761048, 8.4112979809, 0.910107890206, 1.00000046271, 84.827463225, 1.0826845296, 2.60160211406, 1.02761947487, 3.29000028318, 1.000000876, 33.3153648111, 4352.75109
3.25247952934, 1.13191837027, 1.6611994878, 0.829248455234, 2.83000086945, 0.953117716291, 2.58743890527, 1.26000003101, 1.14000066679, 3.57118902831, 2.00451008272, 0.926147796506, 3.04000055785, 1.06576132144, 0.934749888941, 1.00000082726, 1.00000002847, 1.07327440197, 9.81167252038, 0.929978319081, 1.00000003572, 98.344661543, 1.08694841819, 2.37306669481, 1.06054977378, 3.29000002537, 1.00000022298, 29.6947711555, 18685.9690801
5.7627809037, 1.10205760953, 1.6657479701, 0.883910983854, 2.8300006878, 1.03595633439, 3.46634858652, 1.26000062134, 1.1400005268, 2.4678340723, 2.28612883953, 1.00406203926, 3.04000030082, 1.08074886803, 1.06766475702, 1.00000036558, 1.00000015793, 1.023272906, 9.05324803498, 0.926740131806, 1.00000062441, 88.0973143602, 1.06624862388, 2.00253353397, 1.03182381546, 3.29000048355, 1.00000066532, 28.5977365681, 2949.89846862
4.36218973673, 1.1194055656, 1.46971714043, 0.847969690917, 2.83000073435, 1.07046282202, 1.38246227195, 1.26000061402, 1.14000045184, 2.47367678633, 2.83549127319, 1.00143464047, 3.04000055601, 1.08590329991, 0.928243839158, 1.00000095876, 1.00000061799, 1.04295129261, 8.37941480411, 0.9240771962, 1.00000094665, 107.965969911, 0.935839632648, 1.19625674816, 1.05995854522, 3.29000009731, 1.00000099096, 59.2899305033, 8408.30424246
5.84770086771, 1.13474355763, 1.62716659061, 0.80203780421, 2.83000072202, 1.11704562127, 4.28793768008, 1.26000028866, 1.14000074024, 2.74845617836, 2.59760115779, 0.928380607402, 3.04000051575, 1.06087647538, 0.877392803703, 1.00000056001, 1.00000065456, 1.08850264326, 7.04427881848, 0.931965099352, 1.00000035805, 115.062997947, 1.04826448518, 1.40964925591, 1.06648612913, 3.29000039828, 1.00000028129, 24.3577356001, 34409.7451611
4.79225290138, 1.05553179189, 1.38971429809, 0.831771308669, 2.83000019028, 1.11273128399, 1.25391816734, 1.26000058219, 1.14000075834, 2.14084225627, 3.10457848201, 0.972218487508, 3.04000047705, 1.10714115552, 0.988162880442, 1.00000053255, 1.00000013009, 1.03140382208, 5.69334026723, 0.945340335953, 1.00000046545, 123.867897322, 0.939370020284, 1.35451360315, 1.04480357714, 3.29000049787, 1.00000073727, 25.4620567776, 25447.8835574
5.33686299362, 1.06461089376, 1.4125419787, 0.918980109106, 2.83000066428, 1.08083262586, 5.20195957777, 1.26000044162, 1.14000004642, 3.16122782657, 2.81819941476, 0.919498151251, 3.04000083292, 1.05317499487, 1.0475028127, 1.00000095798, 1.00000073707, 1.0551549235, 9.07769284909, 0.918251914498, 1.00000097983, 106.317491108, 1.04357508358, 2.69884968094, 0.982860956895, 3.29000021958, 1.00000069467, 58.0815911089, 33798.4766903
5.7850024729, 1.07918217965, 1.45729114477, 0.852693756119, 2.83000040619, 1.15966521314, 3.15846087167, 1.2600007825, 1.14000093803, 3.35655244728, 2.62075370446, 1.0288284572, 3.04000028334, 1.10252958178, 1.01496692659, 1.00000032425, 1.00000061068, 1.02635208518, 9.28771024659, 0.922519835663, 1.00000020666, 117.496757695, 0.962409029789, 1.70942800849, 1.01148089018, 3.29000080542, 1.00000083641, 30.4903054565, 30223.7041285
5.70990929262, 1.10788142479, 1.47048888698, 0.812519730276, 2.83000033729, 0.925740634575, 1.1638043461, 1.2600009065, 1.14000012946, 3.33099993396, 2.71520810253, 0.976009523458, 3.04000059701, 1.07557692222, 0.91313518686, 1.00000014445, 1.00000057387, 1.06682856555, 9.97067285747, 0.941563661084, 1.00000059345, 75.0748539037, 1.05280749868, 1.50763914933, 1.05408310051, 3.29000006161, 1.00000037083, 17.5499875178, 1571.61783456
5.61149058226, 1.02463083982, 1.34780370432, 0.939257366791, 2.83000023952, 1.09641411032, 2.85317776732, 1.26000044758, 1.14000044599, 3.7161778578, 2.0257343014, 1.00103989426, 3.04000013761, 1.11363931171, 0.810665081371, 1.00000069162, 1.00000007722, 1.03138292378, 7.6394458856, 0.911285771638, 1.00000079011, 103.210695352, 0.996134959336, 2.3500076144, 1.06367906428, 3.29000094462, 1.00000030227, 52.0711548188, 16032.4296319
5.7367223866, 1.09101828273, 1.62663240273, 0.900643852903, 2.83000032091, 1.17564458203, 2.23326034095, 1.26000045604, 1.1400009353, 1.54568571945, 1.92556126389, 0.98120568158, 3.04000091058, 1.11537396901, 0.995666105741, 1.00000050272, 1.00000026418, 1.03565871456, 9.25750324305, 0.914657083311, 1.00000021457, 118.730603167, 1.02628454518, 2.68744240536, 1.05257454765, 3.29000024384, 1.00000034167, 23.0022715111, 12946.6248202
5.23784288641, 1.01851881745, 1.39140470951, 0.870537176891, 2.83000057892, 1.18438231848, 2.19833607531, 1.26000090762, 1.14000093741, 3.62713795891, 2.82661446496, 0.929291478705, 3.04000096661, 1.085574994, 1.00850245946, 1.0000008816, 1.00000038783, 1.08045707262, 3.69570715432, 0.957884661146, 1.00000020417, 120.864866836, 1.08375855857, 1.05163867101, 1.00247080714, 3.29000001471, 1.00000049227, 26.7305129158, 15729.1679595
4.19358327015, 1.10957640116, 1.41349147321, 0.943101061362, 2.83000028922, 0.997550897025, 1.60502526607, 1.26000098807, 1.14000061319, 3.56234449471, 2.60561996563, 1.03695372199, 3.04000029046, 1.08068583881, 0.987410074334, 1.00000062168, 1.0000006257, 1.06001669476, 7.23934144581, 0.93194462509, 1.00000055654, 90.4656514595, 1.03805482472, 1.04151933039, 1.06547317248, 3.29000059305, 1.00000075078, 42.8235685367, 8072.26911595
5.32824497155, 1.10920237768, 1.52165636817, 0.916056773447, 2.83000074663, 1.12090157154, 5.30822755336, 1.26000044451, 1.1400007519, 3.00237199827, 1.94041023167, 0.9795824404, 3.04000024745, 1.08116184443, 0.987491069742, 1.00000003716, 1.00000000835, 1.06539036687, 9.75001893142, 0.910945263704, 1.00000018781, 115.777118339, 0.978750405267, 2.64415120159, 1.05669639599, 3.29000009232, 1.00000079593, 82.9660748369, 36303.0565637
5.32550159567, 1.09503054382, 1.55175543943, 0.993681631119, 2.8300005112, 1.11258883958, 2.06600135265, 1.26000046053, 1.14000073615, 2.71557198879, 2.86222485409, 0.936353739476, 3.04000047901, 1.10624911333, 1.03379655371, 1.00000028153, 1.00000016338, 1.103840942, 7.3535401986, 0.931905899266, 1.00000049065, 75.3157137077, 1.06673335603, 1.02928489309, 1.01521602835, 3.29000029385, 1.00000094374, 36.909692737, 20187.1013007
5.91072836708, 1.02466752007, 1.41408115579, 0.884516945236, 2.83000091569, 1.1196002265, 3.36337596093, 1.26000068236, 1.14000086165, 3.20060752498, 2.28607604985, 0.898421836275, 3.04000039913, 1.09331291115, 1.05698964401, 1.00000039629, 1.00000093317, 1.07792252783, 9.05749685201, 0.964706938166, 1.00000025644, 100.671491752, 0.967829560071, 1.7404652411, 1.06131305632, 3.29000021335, 1.00000008901, 22.0069568156, 2362.41736119
4.91474223464, 1.09026122939, 1.38047248064, 0.970542859277, 2.83000099903, 1.04044410741, 2.60785700713, 1.26000077683, 1.14000090562, 3.28348703812, 2.29545605931, 0.919636510414, 3.04000015925, 1.10881600569, 1.04589422222, 1.00000088091, 1.00000011153, 1.05644594713, 9.2068648057, 0.939684411893, 1.00000075239, 114.572965665, 1.05478982975, 1.44818710797, 1.02028232186, 3.29000002174, 1.00000066953, 50.8150444333, 3393.21222441
3.5045025756, 1.13561396188, 1.66895231573, 0.988748891289, 2.83000018859, 1.18178972753, 1.83708439463, 1.26000077354, 1.14000049948, 3.67316264435, 2.70040236777, 1.07100380593, 3.04000092574, 1.0064848704, 0.956184850032, 1.00000096253, 1.00000095013, 1.10219302893, 6.83744669432, 0.954757391478, 1.00000027388, 116.96226169, 0.94695339023, 1.95221076391, 0.985300530773, 3.29000024076, 1.00000007294, 12.6237312731, 696.291444801
4.26370389926, 1.11541568495, 1.56197764048, 0.960878067966, 2.83000084735, 1.11899256905, 3.19563626092, 1.26000000928, 1.14000050994, 3.52685918016, 2.70243917103, 1.04866052198, 3.04000074009, 1.00037412714, 0.842079650945, 1.00000046093, 1.00000092808, 1.08505366174, 6.90991660996, 0.933986827196, 1.00000042865, 124.750630718, 0.877948072895, 4.24068490611, 0.965522135056, 3.29000081672, 1.00000020245, 28.8934673827, 37443.4374686
5.03642738646, 1.05511700145, 1.69813452657, 0.934143822949, 2.83000084253, 1.17174499257, 5.32464008808, 1.26000075121, 1.14000030466, 3.66918754054, 2.17263255148, 1.03985890454, 3.04000052831, 1.00816438463, 1.08224369621, 1.00000070087, 1.00000036416, 1.06475101398, 5.73176833066, 0.978023713455, 1.00000000046, 104.299530627, 1.08015379654, 1.79751577695, 0.980060666982, 3.29000048539, 1.00000075454, 28.5707726425, 11451.0035929
5.12363039974, 1.09507288565, 1.73311929948, 0.954813157886, 2.8300007652, 1.1562379349, 2.11256657791, 1.26000053898, 1.14000077669, 3.49766947463, 2.26675313554, 0.972885812538, 3.04000062498, 1.01254477905, 0.892431284005, 1.0000000515, 1.00000031429, 1.08229116892, 9.50996993164, 0.932818013732, 1.00000021851, 112.790931647, 0.86659577017, 1.68736642891, 1.03325126423, 3.29000038743, 1.00000073458, 40.8257051827, 31245.7427467
4.98233264081, 1.1177885765, 1.43776367005, 0.972286613724, 2.83000070759, 1.15969852436, 5.76786033041, 1.26000093537, 1.14000065804, 3.58576878871, 2.04058471086, 1.07220994479, 3.04000086952, 1.00314422059, 1.00853736983, 1.00000018629, 1.00000050598, 1.07339381588, 9.94386064579, 0.926969397717, 1.00000035841, 116.35934652, 0.995869599099, 4.59570806231, 1.01062725114, 3.29000051658, 1.00000086038, 69.7750666974, 50857.0224845
5.48457807244, 1.06727926669, 1.69837038552, 0.973041337802, 2.83000057723, 1.1364721507, 5.44948765404, 1.26000069584, 1.14000020798, 3.68658733622, 1.90447531424, 0.99451567126, 3.04000096368, 1.02625234371, 1.02866353153, 1.00000043281, 1.00000006633, 1.10059728169, 9.38558985679, 0.969720584162, 1.00000066703, 120.591431316, 1.08891459187, 4.74142782959, 1.0282416118, 3.29000006853, 1.00000057375, 25.9021485687, 2220.23776848
3.86423188335, 1.08006646355, 1.67178384158, 0.959739919041, 2.83000089556, 0.933133634799, 3.71300056748, 1.26000069455, 1.1400003175, 3.66324928855, 2.51404068045, 1.09179309016, 3.04000000205, 1.01054095915, 1.01548009993, 1.00000025948, 1.00000078033, 1.08513559263, 5.88928211877, 0.919105682481, 1.0000002625, 100.441540965, 1.03289093633, 5.32467785674, 0.986869324668, 3.29000001129, 1.00000018683, 30.7512306805, 5160.66457905
5.6250285033, 1.11673793807, 1.70692104171, 0.938574227202, 2.83000085115, 1.00682794776, 1.72232316046, 1.26000033984, 1.14000061195, 3.6319348585, 1.69702566142, 0.939593781443, 3.04000069871, 1.00285033047, 0.927315670498, 1.00000076578, 1.00000030603, 1.03735132339, 4.79648609516, 0.918233973624, 1.00000070255, 123.635051976, 0.858267704066, 1.83774096582, 1.00055961748, 3.29000077144, 1.00000001193, 32.6893273793, 30922.8819643
5.31061859355, 1.10449298282, 1.59280839909, 0.958089049109, 2.83000018727, 1.13448128109, 2.60946984139, 1.26000063737, 1.14000012494, 3.71792695906, 2.26757716213, 1.04171022094, 3.04000027912, 1.04504339866, 0.936611792205, 1.00000074819, 1.00000005376, 1.073453983, 6.07516817712, 0.946748352144, 1.00000043571, 117.300160565, 1.03275397192, 3.8526130229, 1.04121201863, 3.2900002923, 1.00000066477, 49.6796721609, 41350.4298832
4.94731584098, 1.12867980228, 1.61163142343, 0.962455432287, 2.83000096997, 1.10729639783, 3.8325848909, 1.26000043652, 1.1400008692, 2.9204688274, 1.94809420103, 0.947914200497, 3.04000044563, 1.00999004797, 0.954360037546, 1.00000076133, 1.00000062381, 1.04685021464, 8.98169457525, 0.936536096842, 1.00000094532, 123.293991162, 0.85356046408, 3.4006671784, 1.00740574333, 3.29000011679, 1.00000058649, 43.7447139801, 24460.8963858
5.33212895696, 1.02303252786, 1.55075168592, 0.801449969496, 2.83000060033, 0.944091429169, 2.20041803562, 1.26000053059, 1.14000030136, 3.66030070845, 2.4697528363, 0.985712351039, 3.04000089731, 1.04128707594, 1.07713407222, 1.00000083174, 1.00000071438, 1.10213381496, 7.85753560664, 0.971314683848, 1.00000067042, 123.455202496, 1.05121267788, 1.3841481303, 0.965529441375, 3.29000051457, 1.00000016323, 42.4506829327, 2854.27513198
5.86009780048, 1.11741650395, 1.60343228058, 0.900464980895, 2.83000057546, 1.07769046686, 2.16225791077, 1.26000070675, 1.14000051491, 3.11354144025, 2.97071457873, 0.934154396503, 3.04000054754, 1.05642450786, 0.79554839727, 1.00000051044, 1.00000048412, 1.08985799043, 3.22161190947, 0.93340057102, 1.00000057959, 123.133475447, 0.891991638195, 3.95906459465, 1.01490586581, 3.29000019131, 1.00000039766, 50.3154070652, 15600.2400465
5.87213947226, 1.12243626959, 1.690759631, 0.901822324998, 2.83000088388, 0.997614435131, 1.07139448909, 1.26000070071, 1.14000098262, 3.2807524721, 1.96071683413, 0.965529264763, 3.04000005279, 1.01401404212, 0.938749196366, 1.0000009431, 1.00000032395, 1.07460174721, 5.95761534782, 0.976717993919, 1.00000036777, 119.446444032, 0.866235944585, 2.18846502422, 1.04438986926, 3.2900006036, 1.00000057467, 32.0373120074, 2247.14356013
4.74515168221, 1.03446474786, 1.64508692616, 0.956137310902, 2.83000039733, 0.980704022829, 1.0082350842, 1.26000042656, 1.14000084474, 3.59702145405, 2.98819924385, 1.02603346032, 3.04000004903, 1.0750065511, 1.07716770275, 1.00000047931, 1.00000077142, 1.10990371149, 8.11593646339, 0.949964105047, 1.00000005391, 117.966594739, 1.02368170598, 4.57268999754, 0.996262174611, 3.29000035659, 1.00000023787, 37.6012858115, 18348.9292282
3.56624118828, 1.0514413983, 1.69371649769, 0.941523367831, 2.83000089454, 1.07849344738, 1.47976143063, 1.26000013102, 1.14000033699, 3.50948004866, 2.55963202798, 0.911165351482, 3.04000070156, 1.00763362785, 0.7944888652, 1.00000006835, 1.00000027159, 1.10088082636, 6.4649389245, 0.926412955279, 1.00000027974, 109.06679954, 0.862931313529, 2.3731983745, 1.04097765657, 3.29000060679, 1.00000051785, 45.2209534318, 30088.3674958
4.10477644085, 1.07783446938, 1.67653274214, 0.933940923459, 2.83000091938, 1.18927161599, 2.58358383734, 1.26000061482, 1.14000080098, 3.4929250127, 2.36317997728, 0.924482066751, 3.04000085796, 1.10163780584, 0.964181670248, 1.00000028601, 1.00000042921, 1.06485527155, 6.82764468171, 0.964504887175, 1.00000085242, 121.467076907, 0.96221985379, 1.66602447715, 0.997142317589, 3.2900008567, 1.00000063051, 48.2076465201, 14876.2883168
4.97452759857, 1.016267482, 1.66662416484, 0.815378866713, 2.83000015412, 1.18766621262, 1.74225068307, 1.26000030919, 1.14000034235, 3.3116643349, 2.70957521876, 0.981682275564, 3.04000001982, 1.03651589496, 1.02853654383, 1.00000096002, 1.00000015277, 1.10173469004, 5.83019697736, 0.991501803893, 1.00000025658, 103.481740922, 0.913115362868, 1.10387744734, 1.04331844434, 3.29000000396, 1.00000025145, 22.7082348242, 11497.012056
5.28905274813, 1.11170644793, 1.54399870582, 0.958871696241, 2.83000019884, 0.980628583665, 2.84604032518, 1.26000077687, 1.14000076781, 3.65576091422, 2.17347708588, 0.929191800901, 3.04000085199, 1.01790816882, 0.901989287266, 1.00000058651, 1.00000029517, 1.0780513435, 5.70300062895, 0.949322009188, 1.00000088839, 109.167333387, 0.869129882151, 2.98711548292, 1.06307672185, 3.29000069654, 1.0000000581, 33.2846859353, 33347.3512509
4.88537564498, 1.12124306122, 1.70284450931, 0.980662896181, 2.83000058748, 0.950231664583, 1.45532429671, 1.2600009799, 1.1400009188, 3.5052063842, 2.93249738344, 1.06099022625, 3.04000020874, 1.05516936905, 0.881599514087, 1.00000075491, 1.00000054992, 1.04036145561, 7.16688095563, 0.960108892524, 1.00000047122, 109.955696544, 0.877787190105, 2.93899242408, 1.05938076891, 3.29000035532, 1.00000064674, 27.9196811566, 10081.3922786
3.98454647907, 1.07218414932, 1.6563268601, 0.972266643624, 2.83000069917, 1.0205482553, 1.15158729922, 1.26000086754, 1.14000064926, 3.28498961239, 2.90832857218, 0.978140436688, 3.04000083505, 1.05161247698, 0.934097055125, 1.00000089906, 1.00000032244, 1.02066093535, 5.0591880922, 0.944104169221, 1.00000029158, 122.520509809, 1.03767512292, 2.01509212311, 1.05968752757, 3.29000047182, 1.00000032714, 24.6843818359, 4535.28435391
5.36688921513, 1.0362891227, 1.64484029969, 0.921886746336, 2.83000058423, 1.17225104477, 5.65243939091, 1.26000096834, 1.14000043592, 3.61907993427, 2.8595848239, 1.09403575279, 3.04000084752, 1.02892415344, 0.823349377287, 1.0000006559, 1.00000022885, 1.08437716994, 3.42293070221, 0.955072770236, 1.00000027534, 120.831807363, 0.928623967063, 3.14389646729, 1.06442696426, 3.29000098853, 1.00000071365, 23.078850987, 1301.7960745
5.89522308626, 1.07989705943, 1.40697356531, 0.997697791184, 2.83000041746, 1.11548195222, 1.23041812012, 1.26000008254, 1.14000099598, 3.53136522992, 2.11367425359, 1.05742856354, 3.04000026499, 1.08065417475, 1.07706907319, 1.00000002653, 1.000000644, 1.08751455881, 9.5266679912, 0.983673782528, 1.00000093238, 106.043333927, 1.04179364635, 3.07810203714, 1.01300424766, 3.29000042345, 1.00000033184, 22.5733149656, 3903.38199554
3.52619773898, 1.08084049238, 1.57399855303, 0.883387878104, 2.83000014334, 1.06799478128, 1.99176835512, 1.26000029325, 1.14000079895, 3.4513440759, 2.03087564118, 1.09937672035, 3.04000027792, 1.01973792507, 0.865811546005, 1.00000094163, 1.00000031261, 1.08784692194, 9.89927207759, 0.996891852514, 1.0000007986, 121.948768301, 1.05519572469, 3.73743312131, 1.05377011402, 3.29000046167, 1.00000079316, 43.5598249897, 55596.6399048
4.89936561697, 1.07098987472, 1.50013738659, 0.92930646678, 2.83000038985, 1.14527498818, 2.80604766807, 1.26000074411, 1.14000072774, 3.42864784157, 2.01839383442, 0.988679705017, 3.04000051211, 1.02655684459, 1.02072582917, 1.00000041614, 1.00000015994, 1.06434678581, 5.88859538819, 0.966355684695, 1.00000041162, 119.3371452, 0.874025217038, 2.83514197703, 1.03689147557, 3.29000059525, 1.00000018457, 43.4329618718, 28017.1989136
5.25771942195, 1.12002385171, 1.62712918826, 0.979898894657, 2.83000077587, 0.930670797452, 3.21963296623, 1.26000045327, 1.14000044602, 3.48189612271, 2.30500441878, 0.932399320243, 3.04000045694, 1.01247800921, 0.962504705644, 1.00000078245, 1.00000060236, 1.06172602242, 5.87272191296, 0.960116494777, 1.00000027584, 119.958509122, 0.886190887143, 3.82445016409, 1.06949176461, 3.29000088135, 1.00000063551, 43.6107061549, 17222.9141249
4.29890474907, 1.08461772198, 1.5871893173, 0.895655869117, 2.83000082309, 0.902775954069, 3.41680444308, 1.26000015515, 1.14000078337, 3.71149527168, 2.87920473222, 1.02569074344, 3.04000041849, 1.05437720465, 0.934915112118, 1.00000084902, 1.00000006601, 1.05304785455, 8.84457777354, 0.957432969959, 1.00000007107, 114.965848738, 1.07135829718, 3.55989644953, 1.00637592921, 3.29000014184, 1.00000018512, 44.8380492774, 14246.8278252
4.68070827399, 1.03902899295, 1.62672388323, 0.887347519999, 2.83000044908, 1.13456055174, 4.70969937628, 1.2600000834, 1.14000040377, 3.7128640168, 2.85107249976, 0.966178330888, 3.04000023514, 1.00970585996, 0.958622364873, 1.0000000169, 1.0000001347, 1.04626680738, 8.65822354154, 0.958099193075, 1.00000027052, 119.288647286, 1.02657900197, 1.82251118496, 1.01679130833, 3.29000057145, 1.00000086356, 40.8180413644, 10274.6221834
5.74754663065, 1.06449522666, 1.71264414032, 0.851094853079, 2.83000060763, 1.05496096174, 3.29420327034, 1.26000009257, 1.14000044621, 2.73803918397, 2.43512934074, 0.989141080143, 3.04000033624, 1.01400199909, 0.909427503067, 1.00000025192, 1.00000070581, 1.09286179041, 7.73259863213, 0.98863474713, 1.00000016524, 119.963223051, 1.05334054914, 2.53705510906, 1.05871050399, 3.29000063499, 1.00000070381, 27.7822708391, 5586.16226134
2.42059205339, 1.08528079254, 1.6227888484, 0.923902413743, 2.83000001492, 1.02507895458, 3.18381526843, 1.2600007147, 1.14000094893, 3.46728757288, 2.03312635275, 0.975076341185, 3.04000085535, 1.00506307122, 0.953231972734, 1.00000066227, 1.00000017151, 1.06716917197, 4.13300773157, 0.916095022809, 1.00000048411, 123.20740019, 0.891056114364, 4.888435059, 1.03032441728, 3.29000097502, 1.00000035187, 45.2058458731, 16490.6405696
5.8582890368, 1.00747673133, 1.73951123535, 0.850353396532, 2.83000070529, 1.03371519442, 3.22254014407, 1.2600002774, 1.14000048409, 3.00857768713, 2.63412283992, 1.03727205629, 3.040000254, 1.07685022447, 1.00706125396, 1.00000045875, 1.00000056415, 1.10886961284, 6.37289190317, 0.925176211317, 1.00000002591, 124.376262513, 0.891021608659, 1.3007525318, 1.0213081495, 3.29000059839, 1.00000025643, 46.1276989535, 15768.6934867
5.74649725423, 1.02202256092, 1.70496517699, 0.819292873547, 2.83000079244, 1.09343093427, 1.37917971962, 1.26000046812, 1.14000058772, 3.04502222587, 2.33971436996, 0.965853446326, 3.04000019397, 1.03925296694, 1.01561289494, 1.00000057433, 1.00000046788, 1.10706397482, 3.9968564715, 0.9529565122, 1.00000030752, 119.811985538, 1.01688537581, 1.95896903334, 1.04974927989, 3.29000047132, 1.00000005753, 29.5841084776, 18091.9651933
4.65726646388, 1.00348498887, 1.69144238583, 0.982720779079, 2.83000047142, 1.14112082979, 1.89886019706, 1.26000067324, 1.14000099306, 3.6175286197, 2.11424724002, 1.06674599203, 3.04000006818, 1.01346995756, 0.80944401688, 1.00000069226, 1.00000016846, 1.10491020832, 9.44262216137, 0.983914816912, 1.00000097677, 124.956109139, 0.995187997209, 5.66668006182, 1.06092015038, 3.2900007822, 1.00000002828, 43.343804235, 9808.64075652
5.85505789242, 1.10278195832, 1.65342746513, 0.890666988234, 2.83000068041, 1.0584824251, 3.76060440763, 1.2600001374, 1.14000091, 2.76524101848, 2.0115588537, 1.06952639672, 3.04000066943, 1.00689542055, 1.05639074325, 1.00000004814, 1.00000085165, 1.07395456898, 5.41382615062, 0.929305821617, 1.00000023787, 124.533121315, 1.00760359703, 5.43291515281, 1.0403445055, 3.2900009223, 1.00000008233, 28.9199713998, 18713.0340614
4.34366661673, 1.08762833352, 1.5705714037, 0.92303090963, 2.83000022139, 1.08734906001, 3.19950238267, 1.2600007711, 1.14000097771, 3.65485205162, 3.10763714352, 0.981951433413, 3.04000004162, 1.00713645754, 0.903809138862, 1.0000001759, 1.00000067698, 1.08940357405, 5.1712543923, 0.919386626707, 1.00000090925, 103.663984072, 1.07306930773, 4.9838082413, 1.06885419152, 3.29000082137, 1.00000092303, 37.8984014955, 2803.890247
4.56793436662, 1.05479570695, 1.70981325909, 0.9246067443, 2.83000032198, 1.00714549916, 3.0572960305, 1.26000025608, 1.14000077469, 3.34551075349, 2.37071782799, 0.885403735346, 3.04000010597, 1.00090967047, 0.867964825421, 1.00000008009, 1.00000020277, 1.06401233958, 8.50278611564, 0.932992945241, 1.00000008335, 123.932896817, 0.89998391989, 3.59610312384, 1.0305467877, 3.29000072884, 1.00000086454, 55.7142712859, 4657.6654052
5.61643686249, 1.05672107027, 1.59832370298, 0.862144088269, 2.83000071859, 1.06023841929, 3.54024147634, 1.26000004968, 1.14000089131, 3.64714439581, 2.5984590404, 1.07642891308, 3.04000080065, 1.03928903075, 1.02433318933, 1.0000006344, 1.00000025663, 1.06373705236, 9.8270063742, 0.969003782908, 1.00000077696, 86.019494213, 1.07414922539, 2.86985965684, 1.02302545784, 3.29000022977, 1.00000007003, 23.0971937294, 4608.9397816
5.65073167153, 1.07648837072, 1.35410884602, 0.924277960754, 2.83000017024, 1.05384194478, 1.55732057258, 1.26000095262, 1.14000087384, 3.56936559142, 1.56292309431, 1.03620335863, 3.04000087053, 1.00939051731, 0.915574081141, 1.00000049328, 1.00000032617, 1.04099706517, 8.3347297808, 0.94933745419, 1.00000049413, 117.157126489, 0.937452092991, 3.47961038422, 1.02936662362, 3.29000036038, 1.00000012516, 32.7466320763, 5178.21586245
5.38072336377, 1.11019873033, 1.73755913583, 0.896554902966, 2.8300005708, 1.17087087322, 4.20675728542, 1.26000030675, 1.14000067439, 3.21169440209, 2.37844033267, 1.08035981177, 3.04000074769, 1.04002056162, 0.812559258507, 1.00000061684, 1.00000040591, 1.06860360557, 3.13179814619, 0.952835359417, 1.00000036488, 116.635316723, 0.917133655131, 5.44935009288, 1.05490252707, 3.29000097609, 1.00000081516, 29.3903534865, 3080.93157544
4.26806379399, 1.11199025423, 1.36119034406, 0.89836941446, 2.83000082479, 1.10695389453, 3.34797475887, 1.26000019507, 1.14000046221, 3.57899529524, 2.61540478953, 1.04997872362, 3.04000027982, 1.02474934008, 0.838710609962, 1.00000033134, 1.00000022735, 1.02203364533, 8.91388925637, 0.911224121724, 1.00000024893, 122.011178111, 0.925367035249, 4.6707006626, 1.01947767992, 3.2900001005, 1.00000004068, 17.7455129222, 4839.58715643
3.79804060114, 1.06133890974, 1.73422092183, 0.814571473565, 2.83000049407, 0.901405919987, 1.09660823708, 1.2600003227, 1.14000053959, 3.61227492524, 2.63700742569, 1.08740409343, 3.04000004833, 1.00467614779, 0.923828185162, 1.00000029233, 1.00000066858, 1.09776291406, 8.20774294573, 0.933127517852, 1.00000028889, 88.9753000762, 1.07411906575, 4.08976550981, 1.06172253645, 3.29000020681, 1.00000020634, 28.2040950328, 18611.8233103
1.41861668231, 1.06462085319, 1.64970047994, 0.845283738578, 2.83000084339, 1.12603877663, 1.28346248722, 1.26000086672, 1.14000070092, 3.48483684862, 2.10954433676, 1.07321188981, 3.04000094669, 1.09113020105, 0.872456514347, 1.00000073317, 1.00000065632, 1.09161055953, 3.40684537258, 0.962541449841, 1.00000092943, 122.450390841, 0.90343893282, 3.35034436777, 1.06209531413, 3.2900003284, 1.00000014033, 29.430345578, 1016.88389411
5.78872016172, 1.03234311419, 1.66174559722, 0.902892349181, 2.83000043016, 1.05545261109, 1.26918264826, 1.26000003466, 1.14000052198, 3.55818380797, 2.06785939523, 0.939766008969, 3.04000039492, 1.09475872147, 1.07255189886, 1.00000067336, 1.00000092712, 1.0816681717, 6.24759574504, 0.983879496483, 1.00000006277, 112.089811286, 1.00748454135, 2.96609196407, 1.02755941632, 3.29000046196, 1.00000002614, 37.578968901, 2006.25714189
5.25429337349, 1.04674873213, 1.64560500965, 0.95994046234, 2.83000033195, 1.01945397142, 2.13966837308, 1.26000036854, 1.14000047565, 3.53941462675, 3.08134344542, 1.01570342264, 3.04000007797, 1.07999965046, 0.839836038024, 1.00000094717, 1.00000014414, 1.07552019373, 7.13891492788, 0.941345334756, 1.00000055188, 119.225716518, 1.03256431554, 5.78883298984, 1.05697523012, 3.29000010187, 1.00000013559, 17.0826418552, 895.44706972
4.86425638082, 1.05644700384, 1.56129855374, 0.822378920873, 2.83000054913, 1.11146807091, 1.88310103927, 1.2600005966, 1.14000062013, 3.55063425367, 2.24636763207, 0.947231232863, 3.04000054651, 1.07764119661, 0.950071286273, 1.00000073505, 1.00000076253, 1.090164382, 5.80540830524, 0.944602785596, 1.00000039556, 116.36296954, 0.919625072994, 3.34801598367, 1.00685750326, 3.29000054904, 1.00000089508, 23.8015116125, 737.584680504
4.00754650983, 1.01115244477, 1.67120545074, 0.959141699339, 2.83000005416, 1.0058984438, 2.08769265059, 1.26000020714, 1.140000734, 3.16623206367, 2.46029879968, 0.96839074118, 3.04000072785, 1.07244548726, 1.04985048898, 1.00000038409, 1.00000013975, 1.0790999864, 6.43292603308, 0.970803063433, 1.00000077628, 109.745210754, 1.08419599044, 2.58246955481, 1.05357114529, 3.29000020573, 1.00000081329, 26.5675738167, 78588.689579
5.69892650236, 1.04072196005, 1.72499220088, 0.811629724507, 2.83000083098, 0.985655528242, 4.68091545799, 1.26000097835, 1.14000029102, 3.36235211558, 2.432682464, 0.994286163024, 3.04000001784, 1.00718357919, 0.886738409683, 1.00000020357, 1.0000004209, 1.04810739871, 4.28369881999, 0.967619154771, 1.00000061753, 121.228422175, 0.945075895204, 2.44958974365, 1.02747655178, 3.29000086328, 1.00000049624, 33.773326368, 1479.8041946
4.21254104276, 1.06956436837, 1.64126068088, 0.955039969383, 2.83000021583, 1.04696351315, 2.41643663705, 1.26000035232, 1.14000033074, 3.26236307606, 2.72811741719, 0.953795114734, 3.04000054327, 1.07043139177, 1.01580713338, 1.00000037364, 1.00000063098, 1.04780095149, 7.64070587753, 0.916663975531, 1.00000078706, 124.713897551, 1.04403761487, 4.33484492961, 1.04473548826, 3.29000072096, 1.00000087759, 44.5039073228, 42786.1891539
3.633107862, 1.05923898349, 1.70726399929, 0.862473513292, 2.83000070101, 1.16490322057, 1.17353354407, 1.26000017085, 1.14000074274, 3.01061511129, 2.48685105065, 1.03472010243, 3.04000019172, 1.05331507191, 1.06369527249, 1.00000034308, 1.0000002095, 1.03207502982, 7.21535883882, 0.921789462951, 1.0000008296, 106.334848299, 0.842153490554, 3.6244738633, 0.992277288004, 3.29000063746, 1.00000005271, 15.4610875498, 1396.15343638
5.19831993287, 1.03784784876, 1.72501051518, 0.871698168882, 2.83000055136, 1.09599070261, 2.11335550325, 1.26000061805, 1.14000096068, 3.02732963829, 2.38327113067, 0.914758639841, 3.0400005642, 1.00755945498, 0.962599602456, 1.00000025505, 1.00000042635, 1.08036364309, 6.27495573098, 0.919464588077, 1.00000026195, 96.5263108503, 0.98372619054, 5.2298009185, 1.02735092012, 3.29000032052, 1.00000044556, 9.65883011665, 409.455472369
3.30283324168, 1.12469140459, 1.69010718253, 0.82216328244, 2.83000023104, 1.09807301518, 2.19050395995, 1.26000083407, 1.14000038931, 3.21017568589, 2.04135635777, 1.0615040023, 3.04000024349, 1.06001929468, 0.795203660213, 1.00000098679, 1.00000017861, 1.05292287629, 4.79293484655, 0.92964877159, 1.00000030074, 122.900461041, 0.98698129188, 5.43525642633, 1.05743229547, 3.29000085865, 1.00000059438, 30.6432496412, 17747.6790229
3.03811332645, 1.07051582454, 1.69972931036, 0.892001854095, 2.83000084573, 1.02920466446, 2.37148148879, 1.26000045385, 1.14000006028, 3.67335969866, 2.53414917746, 1.03880530469, 3.04000079499, 1.07609623509, 1.06020640402, 1.00000052079, 1.00000039291, 1.05677471338, 9.79950038511, 0.930319976132, 1.00000087367, 112.937202901, 1.02701121368, 4.83136559045, 1.0360422154, 3.29000012189, 1.00000069242, 24.8827167269, 4036.75831688
5.24822035518, 1.03843285925, 1.66733362875, 0.999362075527, 2.8300004816, 1.08055048826, 4.76261021944, 1.26000020323, 1.14000068433, 3.11573719637, 1.63256440278, 1.07632701995, 3.04000043058, 1.02860033341, 0.981744878075, 1.00000041939, 1.00000017018, 1.02992051537, 7.05931196931, 0.955081389896, 1.00000040107, 117.587571168, 0.891336426072, 3.30477800205, 1.061249829, 3.29000011339, 1.0000005365, 42.3976556496, 23217.5302907
1.84164410311, 1.01679119478, 1.64687442566, 0.849114049543, 2.8300005803, 0.95341391199, 3.33968770575, 1.26000001287, 1.14000017502, 3.16786729742, 1.74595542531, 0.934390324265, 3.04000022119, 1.01035927305, 1.08136608223, 1.0000006344, 1.00000007384, 1.09784931113, 9.2655354459, 0.938894497643, 1.00000051877, 115.637270183, 0.906644870228, 3.179011216, 1.05873333864, 3.29000003091, 1.00000037909, 34.7056076251, 58462.2623265
5.70100061061, 1.03255815789, 1.49745393553, 0.893206600422, 2.83000094843, 1.15176132553, 1.99575559631, 1.26000089046, 1.14000059115, 3.19180030148, 1.87604735288, 1.05903877089, 3.04000025818, 1.04721526095, 1.00326465274, 1.00000065724, 1.00000010071, 1.01600188674, 7.93483394048, 0.981077370799, 1.00000013978, 110.695460795, 1.06326304565, 1.63476228374, 1.0496277429, 3.29000049111, 1.00000039777, 27.6048572629, 18069.013879
4.80904394762, 1.03481912028, 1.73310291026, 0.818795238384, 2.83000089097, 1.00206890399, 3.87901979594, 1.2600009211, 1.14000088355, 3.11968623864, 1.86613926318, 0.981387715084, 3.04000093651, 1.05151766689, 0.967091317873, 1.00000045468, 1.00000088729, 1.08018606525, 5.24202263036, 0.951022192314, 1.00000035245, 124.210409839, 0.987308179682, 3.13894366801, 1.04003601691, 3.29000050804, 1.00000054375, 69.7411820093, 64727.3859284
5.40494678068, 1.02073060661, 1.61127575081, 0.946683332427, 2.83000043752, 0.981888999432, 2.50235203748, 1.26000057758, 1.14000046267, 3.13702188676, 2.92913821286, 0.985770543173, 3.04000011358, 1.0745711773, 1.08198304374, 1.0000001917, 1.00000044351, 1.09227109844, 3.4160256205, 0.960058613338, 1.00000064122, 122.78621414, 0.976948914797, 4.61289857573, 1.06214475599, 3.29000070182, 1.00000087413, 47.1770002343, 26489.0121328
3.77406474054, 1.04056865476, 1.621048958, 0.852719740688, 2.83000012936, 1.17177229582, 5.47938179969, 1.26000050067, 1.14000065964, 3.15544228914, 2.27684978176, 1.08226651331, 3.04000029968, 1.01470296111, 1.05334748895, 1.000000279, 1.00000011082, 1.03503645756, 9.13026703274, 0.920413460396, 1.00000067051, 119.261061645, 0.919473265321, 3.50149163999, 1.05597671375, 3.29000040763, 1.00000069675, 34.8060882219, 36309.9357802
5.61156408638, 1.07097954814, 1.52377837768, 0.886446833837, 2.83000041102, 0.877369715926, 2.22183455539, 1.26000059128, 1.14000044528, 3.66561112863, 3.00799287018, 1.02925684328, 3.04000061816, 1.0975102132, 0.782077956352, 1.00000066262, 1.00000049901, 1.07357682887, 8.98929362734, 0.940019354634, 1.00000091154, 116.445857134, 0.925619702031, 2.96596568805, 1.06406709978, 3.29000043225, 1.00000040746, 34.5541287177, 18511.2632098
5.28341230061, 1.07179650478, 1.4379794742, 0.877444237964, 2.83000096698, 0.924548232051, 2.33036273628, 1.2600008682, 1.14000075641, 3.38617287072, 2.25923312993, 1.08353205466, 3.04000006976, 1.04365715056, 0.895062819028, 1.00000085018, 1.00000089836, 1.10133676253, 6.62118001735, 0.938924479865, 1.0000006682, 117.778165296, 0.851149644803, 5.28954764032, 1.0554257267, 3.29000021114, 1.00000077731, 52.2193231221, 106553.576237
5.5166324049, 1.01337258443, 1.53908890252, 0.906287008303, 2.83000050142, 1.12318742409, 4.43101378472, 1.2600002101, 1.14000075503, 3.13774875342, 1.72508559109, 1.09277953349, 3.04000035022, 1.04602290275, 1.02261724233, 1.00000065313, 1.00000078706, 1.09155028876, 4.0585999072, 0.942078748392, 1.00000009618, 121.168431698, 0.932663355133, 5.45044420318, 1.03721405959, 3.29000029085, 1.00000061654, 30.1291679134, 9646.55186718
4.82187324661, 1.01997919748, 1.60050186342, 0.913582012642, 2.8300001804, 1.06600249879, 1.86340444789, 1.26000041239, 1.14000074035, 3.45942405977, 2.91110441064, 1.07938602804, 3.04000078638, 1.08819687009, 0.925704992818, 1.00000028168, 1.00000062395, 1.02210390563, 3.94587018732, 0.98545062897, 1.00000080521, 110.452489612, 0.936690259753, 2.03295721506, 1.04421418548, 3.29000066232, 1.00000016745, 28.3118512058, 17334.0183383
5.7402262456, 1.0228964, 1.63059053977, 0.853435888206, 2.83000073318, 1.04437355034, 3.2125986732, 1.26000088179, 1.14000078962, 3.47299162934, 2.04463585004, 0.977849463233, 3.04000099252, 1.01136983465, 0.938829304037, 1.00000028808, 1.00000074098, 1.03241402001, 3.2550507085, 0.952737199011, 1.00000042695, 119.536743963, 0.874824849882, 2.22604291578, 1.05188756468, 3.2900000253, 1.00000074835, 36.7850617234, 26662.1490887
5.80387135581, 1.02712810044, 1.66613013225, 0.893988968703, 2.83000088888, 0.987992635547, 3.55255894495, 1.26000087962, 1.14000072933, 1.68379224997, 2.54387382968, 1.04113810201, 3.04000089325, 1.01728635236, 0.87690447159, 1.000000191, 1.00000026969, 1.0732563158, 5.88971066078, 0.937213491075, 1.00000040836, 115.682493945, 1.07546936283, 5.8867824592, 1.06282013581, 3.29000056854, 1.00000061764, 46.557520482, 18194.4783737
5.83433359369, 1.08863498008, 1.45076064919, 0.842262482864, 2.83000035061, 1.0124991602, 5.93428390852, 1.26000048632, 1.14000015467, 3.45082386014, 2.99926445842, 1.05908513905, 3.04000003751, 1.0136039037, 0.837356832302, 1.00000049239, 1.00000057099, 1.01862341925, 5.54689056826, 0.913970881841, 1.00000095769, 110.596487939, 0.886699992281, 5.15342050123, 1.03833127237, 3.29000030986, 1.00000029176, 28.0926590643, 47596.2171793
5.43085526474, 1.02168937431, 1.66380344962, 0.88998608218, 2.83000032202, 1.07564515298, 2.62974740121, 1.26000006201, 1.1400009949, 3.62400221153, 2.30901400785, 0.99855899498, 3.04000040192, 1.09009635785, 1.04658688469, 1.00000057428, 1.00000014005, 1.03437957325, 8.89092322988, 0.997890779819, 1.0000002105, 117.421525936, 1.0004061007, 2.20782622337, 1.06453907189, 3.29000058587, 1.00000010691, 27.7491792906, 37720.5249325
5.79468151983, 1.01508271021, 1.55008770262, 0.88619747597, 2.83000035376, 1.00872948327, 1.75825043876, 1.26000054528, 1.14000069467, 3.42420760822, 2.2999997305, 1.08340132555, 3.04000049509, 1.00848933814, 1.05413917403, 1.00000021319, 1.00000008065, 1.02969817338, 6.16073933193, 0.957482706068, 1.00000095535, 122.861885476, 0.891439736941, 4.47937554227, 1.0225020112, 3.29000059216, 1.00000051877, 34.1362973, 8135.78044178
5.76050052458, 1.03797311526, 1.63996497206, 0.924193924823, 2.83000061487, 0.989680627595, 1.88882632219, 1.26000077732, 1.14000047815, 3.16858763125, 2.41052529359, 1.08640365702, 3.04000065135, 1.03846203196, 0.906063031891, 1.00000025033, 1.00000033104, 1.06211058766, 8.19639220559, 0.967874815377, 1.00000095979, 112.227751457, 0.890535570948, 5.22400460042, 1.05933523018, 3.29000062771, 1.00000074206, 45.5660953089, 6189.34780488
5.12766174241, 1.00488678345, 1.56688086024, 0.835099071813, 2.83000038342, 0.876343884031, 1.58352615492, 1.26000069513, 1.14000036888, 3.48784987256, 3.01197501461, 0.907937453656, 3.04000004912, 1.02886604943, 0.808919616008, 1.00000068348, 1.00000020592, 1.06078299679, 5.35091049258, 0.926940201162, 1.00000037289, 117.452277375, 0.930031527457, 4.12837290849, 1.03039895494, 3.29000004103, 1.00000055113, 34.9518952339, 64181.1099281
5.92421660153, 1.06159699773, 1.45171696387, 0.885364215371, 2.83000043623, 1.092539328, 1.45656060121, 1.26000062949, 1.1400002939, 3.34663877885, 2.02777957488, 1.0749936954, 3.04000070038, 1.04508888359, 1.00442657101, 1.00000073721, 1.00000008548, 1.04220149141, 6.86425872362, 0.947052377058, 1.00000082694, 113.071516291, 0.943816914065, 4.16076597853, 1.06192812253, 3.29000062485, 1.00000083255, 38.4924839839, 8623.08600127
2.85313418507, 1.05372979667, 1.45659395096, 0.819664710374, 2.83000039845, 1.09989797702, 2.41810625984, 1.26000051638, 1.14000013033, 3.64473838209, 2.42611580313, 1.07273211028, 3.04000018524, 1.03541913896, 0.888918959882, 1.00000009335, 1.00000029543, 1.05459485009, 9.03863681089, 0.949406740525, 1.00000069053, 116.576163445, 0.92026269992, 5.24557825612, 1.05615089493, 3.29000006553, 1.00000023801, 41.8615040837, 70396.8481792
5.76419266942, 1.01315524283, 1.7229304163, 0.890755802884, 2.8300007286, 1.16543437784, 5.57525604884, 1.26000051242, 1.14000071862, 3.02285729218, 2.50147475708, 0.93773938226, 3.04000089851, 1.0917223763, 0.802266998239, 1.00000035731, 1.00000071213, 1.03130660425, 5.78089079105, 0.938740665706, 1.00000008978, 123.360054487, 1.00410725296, 4.22246163765, 1.02844888227, 3.29000051959, 1.00000042594, 73.470345328, 91059.7475119
5.39585973543, 1.03981991952, 1.5463347342, 0.859086689436, 2.83000013242, 1.04919632922, 3.18406360644, 1.26000008953, 1.14000026491, 3.58808782044, 1.91610679867, 0.916768643796, 3.04000050979, 1.07293312142, 0.8578002396, 1.00000050414, 1.00000066922, 1.04895072131, 8.07755645915, 0.922780961153, 1.00000062674, 123.643935708, 1.05266792195, 2.56533432889, 1.04498798205, 3.29000045287, 1.00000088012, 25.1747119267, 8502.24811803
5.99446300276, 1.04249431521, 1.44752040071, 0.939880972, 2.83000061297, 1.10121749936, 3.3201608942, 1.26000045408, 1.14000046482, 3.31968534775, 1.94267676005, 1.05972241674, 3.04000017761, 1.06246389923, 0.936968160029, 1.00000058229, 1.00000086491, 1.01193896601, 8.36766663569, 0.94517143306, 1.00000054865, 103.794647484, 0.892597467159, 3.16520927125, 1.04911002264, 3.29000000359, 1.00000003299, 35.1544983174, 49404.3596706
5.92330490512, 1.04326463981, 1.69832660716, 0.89965277888, 2.83000043616, 1.17237169941, 2.84423674349, 1.26000097372, 1.14000034666, 2.41402610053, 1.6551423271, 1.06627619807, 3.04000090568, 1.07127706902, 0.861405308632, 1.00000078149, 1.00000015318, 1.05961699015, 7.30191103487, 0.920154691371, 1.00000076303, 96.8139423174, 1.05699584481, 5.58903924465, 1.0619781799, 3.2900006343, 1.00000047588, 46.6080277346, 128029.352221
4.90671148205, 1.12948389474, 1.59239882926, 0.905346526339, 2.83000008448, 1.17645350348, 1.01223160325, 1.2600003206, 1.14000016107, 3.64750133975, 1.84635930431, 0.983796626843, 3.04000000161, 1.11153494788, 0.94999383372, 1.00000087278, 1.00000021441, 1.01406535267, 9.20363776702, 0.910907389237, 1.00000056263, 116.279808962, 0.860223451622, 5.71571225463, 1.03851983347, 3.29000090342, 1.00000073378, 37.6886851724, 27989.0993377
2.65834135704, 1.06160737667, 1.73861827007, 0.848423137632, 2.83000073777, 1.1886349421, 5.30760881642, 1.26000072127, 1.14000056481, 3.24471941503, 2.48713940082, 1.04064084528, 3.04000023442, 1.00152753721, 0.940418713456, 1.00000013477, 1.0000008436, 1.02864121682, 7.0956998596, 0.912916808944, 1.00000097638, 76.3537399233, 0.911412364696, 5.00881692328, 1.06182872675, 3.29000042161, 1.00000074868, 20.0615924404, 5012.73676042
5.4144594784, 1.01864800361, 1.43350892206, 0.80936053035, 2.83000056281, 0.931122096884, 1.04028375954, 1.26000060233, 1.1400002336, 3.1684279547, 1.95180446328, 1.02936804913, 3.04000049914, 1.03596824207, 0.973489834688, 1.0000005474, 1.00000056604, 1.09345290102, 6.18077666393, 0.928222499798, 1.00000050844, 124.244738421, 0.890483437853, 4.90706003148, 1.0225895583, 3.29000019558, 1.00000098187, 33.6854106845, 3964.42016159
5.18321126743, 1.01666859998, 1.54235773588, 0.866032671408, 2.83000092181, 1.16516320794, 2.34370607711, 1.26000004416, 1.14000040543, 3.49644457837, 1.93619260593, 1.06450002, 3.04000063285, 1.00694477719, 0.923865763976, 1.0000005573, 1.00000055117, 1.01212146792, 8.12937672593, 0.933622464609, 1.00000006869, 116.801906533, 0.931099452384, 4.44373298524, 1.05274012499, 3.29000001536, 1.0000002854, 57.8207129171, 16523.7172708
4.37886004227, 1.02022954311, 1.67472931896, 0.813517724283, 2.83000029867, 0.970764203127, 3.89286861774, 1.26000038757, 1.14000081415, 3.22384036856, 2.01065285612, 1.06173336323, 3.04000048338, 1.02917411369, 0.913419775055, 1.0000009938, 1.00000012746, 1.04167778684, 4.76158389147, 0.922449720838, 1.00000097611, 114.715227962, 1.03635739776, 3.83510525549, 1.04967949803, 3.29000058984, 1.00000059897, 10.1837808999, 369.36827418
5.53962220059, 1.0059226166, 1.627296359, 0.833691561318, 2.8300001138, 1.10455995994, 3.00768900097, 1.26000071697, 1.14000090319, 3.52873782856, 1.69981592542, 1.01724778556, 3.04000053583, 1.05585082294, 0.951402471241, 1.00000099899, 1.00000019074, 1.0487949448, 5.63385015992, 0.953819112266, 1.00000039881, 100.768601465, 1.07854805123, 4.81457486307, 1.04706424016, 3.29000084156, 1.00000060896, 40.3050640725, 4445.32869694
2.17283162337, 1.01241592192, 1.40906499679, 0.847022890626, 2.83000062117, 1.00956134094, 1.36916487165, 1.26000031216, 1.14000001259, 3.6833028799, 1.99109497532, 1.06348522675, 3.04000034854, 1.10218076827, 0.965703605808, 1.00000010166, 1.00000053653, 1.09243207973, 5.35343344001, 0.925397120748, 1.00000085894, 123.176194928, 1.01197173122, 5.39162158153, 1.04880499018, 3.29000029416, 1.00000050754, 26.761210217, 4206.31043977
4.0733251272, 1.00633638101, 1.54276326717, 0.839239470368, 2.83000056218, 1.05904688407, 2.04443219198, 1.26000003504, 1.14000096566, 3.5198831213, 2.02496214539, 1.04035962599, 3.04000069077, 1.08917512947, 0.932187674516, 1.00000017531, 1.00000090608, 1.01539227381, 6.68915595919, 0.942813180491, 1.00000085092, 97.9590767614, 0.895936833575, 5.69752458682, 1.06722753033, 3.2900006427, 1.00000094307, 51.5029032835, 35207.1245083
1.90436657994, 1.01472558264, 1.52128664135, 0.83812757776, 2.83000023329, 1.1563939094, 3.41282326087, 1.2600006994, 1.14000094399, 2.93091007543, 3.1132812632, 0.892755006173, 3.0400000844, 1.02010198267, 0.801461328334, 1.00000074724, 1.00000001983, 1.00577966055, 5.09712516549, 0.990620541909, 1.00000068373, 117.239171055, 0.865116227565, 5.48409340451, 1.00590578148, 3.29000071371, 1.0000009629, 25.3496370966, 13970.7004005
1.95525874019, 1.06740453813, 1.62595492373, 0.929735104722, 2.83000080232, 1.1064305584, 3.17098524759, 1.26000067586, 1.14000074411, 2.37873100066, 2.82348358536, 0.976593220879, 3.04000003672, 1.05569294591, 0.795704494759, 1.00000034365, 1.00000002486, 1.02028287411, 6.19560065999, 0.977595537, 1.00000080891, 114.246637557, 0.852966459254, 3.50218994534, 1.05208538234, 3.2900009105, 1.00000033739, 55.0624462494, 43385.0018488
5.32770887555, 1.07088074846, 1.43971721342, 0.813187424086, 2.83000068494, 1.04709538384, 1.05889015974, 1.26000048915, 1.14000025988, 2.45695999042, 2.83875488137, 0.881957574382, 3.04000056919, 1.0783296221, 0.867148984338, 1.00000036697, 1.00000029952, 1.02696740145, 4.10997038085, 0.994967824102, 1.00000042519, 108.877113679, 0.907770083734, 4.73035677256, 0.971877027104, 3.29000069939, 1.00000023552, 35.5607613268, 33400.2632911
4.60185979789, 1.06861391796, 1.46738308089, 0.961467489794, 2.83000009668, 1.15495237715, 5.17369971448, 1.26000033948, 1.14000064167, 3.62309292424, 1.77924316971, 0.904015222275, 3.04000090936, 1.07951521807, 0.975227702828, 1.00000007499, 1.00000037616, 1.00384420074, 6.78660974674, 0.988562569315, 1.00000035854, 102.784369705, 0.872692195744, 1.49760592588, 1.01028824408, 3.29000052554, 1.00000024127, 17.9315804457, 1637.32083233
1.16584006487, 1.0070444, 1.40544258361, 0.952448363916, 2.83000014776, 1.16611331779, 4.79749634314, 1.26000009365, 1.14000048344, 3.05885191455, 2.64557723779, 0.918280915608, 3.04000037584, 1.11186063082, 0.976981389821, 1.00000040648, 1.00000006294, 1.05070307839, 6.58324521906, 0.964273861687, 1.0000000267, 113.54027416, 0.883621017174, 1.0990706077, 1.02547267647, 3.290000067, 1.00000088993, 27.8828528921, 57593.232442
3.13041659404, 1.0664059387, 1.41712551532, 0.970386019617, 2.83000009101, 1.1764770171, 4.15289892436, 1.26000066671, 1.14000000824, 2.82320870758, 2.61679612341, 0.919712084219, 3.04000035734, 1.11307298413, 0.815489003, 1.00000073048, 1.00000071534, 1.01432339227, 4.56865746455, 0.956066910459, 1.00000099768, 100.289547334, 0.865260456167, 2.40363234556, 1.014071298, 3.29000019736, 1.00000038254, 28.4682889043, 30774.0109013
2.8265931185, 1.07551882526, 1.38943886775, 0.817754538265, 2.83000021114, 1.17090660735, 3.32672466046, 1.26000095256, 1.14000039195, 1.68342267359, 2.63287364758, 0.885849676342, 3.04000009749, 1.03341831656, 0.943411087556, 1.00000095151, 1.00000067093, 1.05637545472, 6.96235292038, 0.958910379205, 1.00000006121, 106.306816656, 0.897686805961, 2.18680349159, 0.970465596543, 3.29000002142, 1.00000087499, 35.0523537185, 7716.09506136
1.05645004603, 1.13252701125, 1.57457706926, 0.833504429777, 2.83000016596, 1.17627051995, 3.0953396895, 1.26000072276, 1.14000077515, 2.04741788598, 2.73827786311, 0.927523049174, 3.0400008331, 1.05822928637, 0.959236271548, 1.00000068289, 1.00000039323, 1.02742553583, 3.41487101996, 0.972865252661, 1.00000078679, 81.258896974, 0.931877616745, 3.95765071725, 0.974379431326, 3.29000025113, 1.0000004753, 50.1627975331, 86964.8361243
3.67486327177, 1.12177558874, 1.43437088902, 0.924045972073, 2.83000059972, 1.0668029889, 2.19448637592, 1.26000073288, 1.14000074943, 1.9566844335, 2.61723153142, 0.979547939466, 3.04000091829, 1.04814123543, 0.86606657037, 1.00000041805, 1.00000077001, 1.00172428625, 3.9057087501, 0.983715247553, 1.00000017142, 96.3522941459, 0.850866648884, 2.75400092931, 1.03592209794, 3.29000004956, 1.00000024465, 29.1798155125, 4280.73667715
1.11234236773, 1.10268670053, 1.35687129931, 0.940921724189, 2.83000018717, 1.09748426076, 2.79561805468, 1.26000060739, 1.14000015509, 2.12904581687, 2.80175320913, 0.909033214871, 3.04000077511, 1.00313055193, 0.835483465963, 1.00000039946, 1.00000039751, 1.10670722006, 7.34323461195, 0.990178629428, 1.00000031208, 121.969591628, 0.842750278443, 1.79757257021, 1.02956134943, 3.29000022783, 1.00000024559, 40.9851373434, 25263.1891041
1.04599651928, 1.12498673375, 1.38560888632, 0.888072927573, 2.83000005245, 1.05182133475, 2.52244432364, 1.26000066857, 1.14000082676, 1.57077702557, 3.07249902068, 0.906379447882, 3.04000078171, 1.07764669639, 0.911581535343, 1.00000099149, 1.00000067866, 1.02544697412, 3.06170103926, 0.970071140982, 1.00000052888, 114.990008079, 0.987766903384, 4.60185235051, 1.03164490496, 3.29000015289, 1.0000002286, 39.5341332761, 13368.6471652
2.8620722146, 1.06072418458, 1.5302719633, 0.824184857345, 2.83000061483, 1.16302789898, 4.64576681995, 1.26000083728, 1.14000062664, 3.27634193775, 3.07507498639, 0.973992455611, 3.04000013901, 1.10794646679, 0.801665907874, 1.00000002781, 1.00000006329, 1.10492203516, 4.39075487891, 0.923168204941, 1.00000018993, 121.242660892, 0.933117704981, 3.79196990595, 0.986368217485, 3.29000047498, 1.00000064924, 12.5234636183, 157.796602708
2.94482649031, 1.10318716739, 1.52618256251, 0.864576315439, 2.83000088642, 1.09462375276, 3.13471679284, 1.26000057884, 1.14000069539, 2.23910686716, 2.00725633153, 0.919152044855, 3.04000092247, 1.08258438364, 0.955874969858, 1.00000059539, 1.0000003735, 1.03272536863, 7.32670731162, 0.998360789271, 1.00000019765, 120.748350365, 0.927315028016, 2.98418115969, 1.0510851626, 3.29000028468, 1.00000065895, 17.1872608118, 1517.27754729
1.01620497178, 1.12410982653, 1.47252945296, 0.803175806847, 2.83000077515, 1.15057617962, 4.39516968025, 1.26000073228, 1.14000017789, 1.2718084811, 2.89934900075, 0.895813164483, 3.04000005044, 1.10410848004, 0.9805791897, 1.00000047807, 1.00000085068, 1.05916784386, 6.05504104663, 0.967262086856, 1.00000030565, 106.280225865, 0.871599480233, 4.54436526035, 1.0654217287, 3.29000018973, 1.00000080494, 38.1415634763, 161279.014195
4.50327978414, 1.07517630439, 1.34611274189, 0.876669651907, 2.83000078844, 0.944561920352, 3.2205581423, 1.26000071633, 1.14000094286, 2.87424602688, 2.28976861335, 0.934500361241, 3.04000039787, 1.07077679044, 0.869420038473, 1.00000078624, 1.00000026072, 1.041215159, 4.6551905978, 0.944837286359, 1.00000010862, 121.199594639, 0.889457865905, 1.74710227307, 0.995290059361, 3.29000075609, 1.00000062778, 34.6408275279, 2450.34734201
3.31244960183, 1.11491440392, 1.50509181343, 0.968427143623, 2.83000044164, 0.993760902573, 1.53243062393, 1.26000061816, 1.14000087043, 1.44163164172, 3.00377802818, 0.907913898221, 3.04000065273, 1.08013905893, 1.02705959554, 1.00000006397, 1.00000067328, 1.08726136404, 5.14365619242, 0.999109157589, 1.00000035697, 122.197317716, 0.847254030728, 1.81605369407, 0.980954510665, 3.29000097419, 1.00000089188, 34.5980465636, 11778.7090533
5.64521316934, 1.04080854367, 1.39087297659, 0.840433766236, 2.83000029874, 1.05444603375, 4.11487989307, 1.26000002295, 1.14000028636, 1.52163542172, 2.86900167322, 0.923559499241, 3.0400009294, 1.087530846, 0.874626412202, 1.00000073336, 1.00000093774, 1.03380502459, 5.72418096152, 0.984997096118, 1.00000054612, 103.413109046, 0.912831206804, 1.48738541201, 0.990267409515, 3.29000094, 1.00000007642, 57.0194639035, 279401.813498
5.43921033988, 1.11549596965, 1.37924712639, 0.905328398199, 2.83000041217, 1.1795351974, 1.27342460156, 1.26000082187, 1.14000041535, 1.82866373963, 3.02186424327, 0.974209870572, 3.04000006238, 1.10613286505, 0.796869553232, 1.00000084674, 1.00000031991, 1.00082297832, 6.35678333149, 0.989272416745, 1.0000001365, 105.703546539, 0.844990131296, 1.11388146077, 1.00498253582, 3.29000037518, 1.0000001698, 51.889899374, 63427.4317759
1.10842233299, 1.0512056028, 1.47217970324, 0.804192027777, 2.83000076328, 1.18735812202, 1.59313638726, 1.26000030344, 1.14000048311, 3.42008886166, 2.96288761562, 0.945940082338, 3.04000085116, 1.11079200808, 0.804527819817, 1.00000075318, 1.00000027998, 1.06216323767, 8.44375288376, 0.989928018033, 1.00000099221, 115.368130997, 0.869757888413, 1.64163545044, 1.04469019372, 3.29000039811, 1.000000061, 52.1893466361, 12590.7267162
1.97492564244, 1.07194039544, 1.65052284718, 0.922731050702, 2.83000037661, 1.08609685778, 3.22633606476, 1.26000085788, 1.14000050025, 3.59402675395, 3.0037556174, 0.896304217104, 3.04000075646, 1.11782541625, 0.961804000763, 1.00000096309, 1.00000021029, 1.01854879669, 6.81048126188, 0.980913191519, 1.00000080503, 89.2498627667, 0.8852855989, 1.30500499589, 1.01992462512, 3.29000054358, 1.00000050091, 20.2936771098, 3819.9755528
2.20902180946, 1.07221729235, 1.46336003618, 0.884217742889, 2.83000098107, 1.15852297467, 2.68894721373, 1.26000011496, 1.14000049742, 2.2162373241, 1.84582886841, 0.945371362637, 3.04000067757, 1.11483759583, 1.02951779286, 1.00000058918, 1.00000013773, 1.06584495741, 6.57191809398, 0.980219220079, 1.00000098584, 108.320377187, 0.843240006071, 1.1191328092, 1.03331914268, 3.2900008615, 1.00000090439, 39.72112859, 3470.26559197
2.48397437581, 1.10304795138, 1.67078558816, 0.84659260211, 2.83000085394, 1.13353954118, 1.0894021988, 1.26000082114, 1.14000040437, 2.67308732176, 3.02150299452, 0.952173429179, 3.04000098769, 1.09704365131, 0.877526278397, 1.00000016435, 1.00000049311, 1.10850874014, 9.27259873037, 0.991212263461, 1.00000079614, 120.296928952, 0.8446893484, 3.61398303861, 1.03172502993, 3.29000079427, 1.00000032093, 21.8038774471, 2081.11321129
5.23934929594, 1.06526593051, 1.46590384852, 0.837649971539, 2.83000078511, 1.18452029305, 1.49098095916, 1.26000064505, 1.14000092976, 1.54691963639, 2.62744790772, 0.892026262587, 3.04000094015, 1.10941139175, 0.997997375319, 1.00000035999, 1.00000077877, 1.06048349797, 3.19574829988, 0.993889799736, 1.00000052422, 121.282102293, 1.05157532191, 1.52581065713, 0.967779695866, 3.29000024874, 1.00000097791, 26.2900357029, 15491.2289629
4.78987613706, 1.12724774267, 1.52330900218, 0.996313262041, 2.8300003274, 1.16560331779, 2.42952010701, 1.26000062091, 1.14000092565, 2.82791627771, 2.30464051445, 0.908209193324, 3.0400003582, 1.07465598125, 1.03991523053, 1.00000073474, 1.00000024416, 1.08459868765, 4.79707117724, 0.965980647343, 1.00000013559, 107.298602552, 0.878779463304, 1.31274304192, 0.958159141949, 3.29000060566, 1.00000036369, 39.4702174733, 31993.0233629
4.77403180268, 1.07465938188, 1.40090345793, 0.850732393259, 2.83000026727, 1.13718073254, 1.07898033061, 1.26000067852, 1.14000016382, 2.92781758059, 2.77179207078, 0.891075945721, 3.04000048896, 1.11360089416, 0.876504166055, 1.0000004052, 1.00000066817, 1.02589473245, 8.15147817113, 0.968078804244, 1.00000084219, 93.5172974815, 0.901149642146, 2.75901905354, 1.06048882664, 3.29000052729, 1.00000079339, 50.5289994216, 32429.5149098
2.30674036214, 1.13156735304, 1.49513014966, 0.842922330368, 2.83000053568, 1.13076350813, 1.01998474144, 1.26000043583, 1.14000015565, 3.31517129055, 2.57518573256, 0.900691359749, 3.04000072776, 1.06645247968, 0.874862756672, 1.00000074722, 1.000000028, 1.06998231198, 5.51017260107, 0.997214817684, 1.0000003393, 75.0009596125, 0.872330748202, 2.81465618095, 1.01785148846, 3.29000082016, 1.00000024738, 62.0788260093, 13091.0084141
4.451706396, 1.03736955967, 1.53793267152, 0.836374838751, 2.83000003991, 1.18306180043, 2.04090766283, 1.26000093841, 1.14000044822, 1.61650941882, 3.11540751284, 0.903022251453, 3.04000073423, 1.07012757947, 0.959051309699, 1.00000010101, 1.00000087937, 1.10186626003, 8.93305747707, 0.937910983581, 1.00000087766, 113.387924513, 0.893269087369, 2.2368497291, 1.02734607473, 3.29000045882, 1.00000002568, 29.0289808658, 3772.77306446
5.56017032401, 1.12560393347, 1.49542929516, 0.864936242461, 2.83000027449, 1.17690782461, 2.30266205113, 1.26000023426, 1.14000047413, 2.02792274106, 2.93137020375, 0.966716945688, 3.0400004335, 1.1158472432, 0.896992161319, 1.00000035307, 1.00000087791, 1.08569175927, 4.70880128249, 0.971810084322, 1.00000001685, 119.328547141, 0.932687484182, 3.00928021309, 1.00247478068, 3.29000088315, 1.00000082321, 33.9873261439, 25915.5629329
2.41618635877, 1.13879169264, 1.35929361802, 0.932665798769, 2.83000069775, 1.00674435094, 4.02086849306, 1.26000027439, 1.14000091985, 1.89078976092, 2.3053648193, 0.940493131378, 3.04000013589, 1.10322427754, 0.969262953026, 1.00000066945, 1.00000021284, 1.04303078652, 5.4985308543, 0.981434530192, 1.00000078325, 101.837805033, 0.896792605648, 2.51211146527, 1.06185243703, 3.29000083414, 1.00000047717, 48.2126179237, 7809.42517366
5.9284296739, 1.11150874149, 1.4125801526, 0.833840418618, 2.83000066108, 1.1875608284, 1.23981449468, 1.26000033917, 1.140000665, 2.28210487792, 2.89749432171, 0.989857055529, 3.04000081304, 1.11483697052, 0.870329945964, 1.00000001776, 1.00000004141, 1.04337103554, 3.65637094113, 0.98892857485, 1.00000056798, 108.632726353, 1.05123513995, 1.19738567394, 0.951425505009, 3.2900007541, 1.0000006217, 43.3719828399, 41825.4620923
1.64004168832, 1.09508501283, 1.42874898194, 0.812938150582, 2.830000034, 1.13743017462, 1.31354527651, 1.26000043302, 1.14000079492, 3.30612040248, 2.13135725056, 0.883098941199, 3.04000052325, 1.10191141976, 1.08641183962, 1.00000084716, 1.00000022218, 1.10367079461, 8.30585318616, 0.942567065468, 1.0000001354, 117.360157251, 0.87006056223, 1.88436504488, 1.001361649, 3.29000047118, 1.00000019012, 42.4330411224, 1473.34768561
3.73158247359, 1.11893323371, 1.47284942983, 0.844385288659, 2.83000033965, 1.18882390431, 1.12355859525, 1.26000085694, 1.14000020769, 1.49424523998, 2.29989961344, 1.06181838, 3.04000052409, 1.10753179013, 0.892335000165, 1.00000037342, 1.00000051069, 1.07066858465, 8.27489697718, 0.949927624054, 1.00000071819, 104.942658451, 0.953060352359, 5.44109293023, 1.03803499225, 3.2900003599, 1.00000000139, 32.6427917665, 21977.4901065
3.56883382044, 1.13839505748, 1.48646245724, 0.965796884925, 2.83000003355, 1.0460604738, 2.08492690231, 1.26000038674, 1.1400003884, 1.28357524567, 2.80954672364, 1.04425232842, 3.04000044152, 1.09161931178, 0.817233428014, 1.00000029971, 1.00000012309, 1.08218777103, 8.93162469143, 0.953333036484, 1.00000031585, 102.43843009, 0.85299060639, 5.1099187013, 1.06573225095, 3.29000011472, 1.00000031231, 28.1245465425, 20947.2472842
2.54237376601, 1.06689880567, 1.73145992055, 0.919569032564, 2.83000043873, 1.17361801223, 2.90918350145, 1.26000084251, 1.14000098557, 2.93480272317, 2.85611664197, 0.944617395786, 3.04000006507, 1.11933740583, 0.789493335663, 1.00000072785, 1.00000029986, 1.10214458077, 9.52788834079, 0.991139741322, 1.00000085706, 122.623495376, 1.07122496339, 2.38325602916, 1.04135677345, 3.29000096576, 1.00000059037, 50.9606517717, 12519.1353685
3.24868789143, 1.08483501935, 1.4563990172, 0.915177918263, 2.83000086269, 1.04243787412, 1.23355689039, 1.26000080837, 1.14000016954, 2.0712275845, 2.97372520071, 0.91763378782, 3.04000022434, 1.11782165944, 1.07601532, 1.00000094796, 1.00000023432, 1.06182873074, 8.68502515339, 0.963530692019, 1.0000001908, 115.034574518, 0.851347385176, 1.43278714651, 1.05292192927, 3.29000077041, 1.00000022613, 28.6634990697, 6739.93764791
5.62344143258, 1.08924802761, 1.652080707, 0.832134323975, 2.83000031961, 1.11058927485, 3.08438354956, 1.26000093076, 1.14000011527, 2.96917387267, 3.04037348105, 0.884639678367, 3.04000008885, 1.09150134317, 1.02533811855, 1.00000044817, 1.00000073229, 1.0536937999, 8.22471633601, 0.923932272777, 1.00000086335, 97.432496764, 0.84849273773, 1.16427992075, 1.04097120114, 3.29000018637, 1.00000034067, 28.0709803277, 29551.0307323
1.39847436499, 1.08245673133, 1.52210559667, 0.862671880994, 2.83000023834, 1.152353749, 2.91814639665, 1.2600001552, 1.14000060635, 3.18601507602, 3.11429587171, 1.02702150805, 3.04000029932, 1.09940209378, 0.848438272935, 1.0000006585, 1.00000078141, 1.05290250863, 9.11075469428, 0.982122284875, 1.00000027499, 80.8850800963, 0.935182954347, 1.47060225148, 1.06482692869, 3.29000007996, 1.00000087684, 37.5402383515, 21881.5814333
5.05477508882, 1.10914551932, 1.34978273029, 0.904820456333, 2.83000061253, 1.11930787759, 1.90068403961, 1.26000087167, 1.14000074255, 1.89774389571, 3.02797292406, 0.956728429263, 3.04000038176, 1.10803903797, 0.867901398333, 1.00000051669, 1.00000081425, 1.06180329089, 3.14202094747, 0.975503127938, 1.00000003311, 76.4091387343, 1.04566036685, 2.53696396348, 0.988503075071, 3.29000010101, 1.00000072772, 18.6786754284, 8170.94815948
5.08250481372, 1.12876215936, 1.41242927764, 0.816923369946, 2.83000003649, 1.12761887238, 1.97341632028, 1.26000054341, 1.14000066757, 1.89688321446, 2.34683658422, 0.894263089563, 3.04000039849, 1.11639678701, 1.02983212058, 1.00000075222, 1.00000059942, 1.10365373068, 7.29852682935, 0.99807023448, 1.0000000994, 111.364044419, 0.91607026542, 1.13654222411, 1.04978218091, 3.29000051524, 1.00000094817, 33.6637212899, 16852.7085342
3.66127218149, 1.09956398351, 1.4072888214, 0.831606797878, 2.83000076911, 1.15390758395, 3.82827247897, 1.26000063061, 1.14000073928, 2.83405162687, 2.55838917355, 0.943846507479, 3.04000042322, 1.1166560558, 0.97984030378, 1.00000062233, 1.00000003395, 1.03277716657, 9.14322609564, 0.943520968772, 1.00000075313, 97.4398004304, 1.01315320279, 1.12765628315, 1.05815744385, 3.2900004919, 1.0000001962, 31.1449444483, 22932.5489343
3.02847189766, 1.13224234354, 1.52908460205, 0.834955684635, 2.83000082654, 1.04152236717, 2.14926381415, 1.26000002688, 1.14000090856, 2.53364341398, 3.0029776135, 0.905401502695, 3.04000015712, 1.11832554052, 0.798051979352, 1.00000092084, 1.00000033832, 1.09698100572, 8.72255332438, 0.950568453609, 1.00000064903, 85.5699670681, 1.07934227524, 1.72300030706, 1.03569763199, 3.29000014462, 1.00000024551, 65.8806226883, 47683.6728206
