5.59923750298, 1.03666828222, 1.59703150512, 0.833830138512, 2.83000075611, 1.18997669503, 1.65204829775, 1.26000014196, 1.14000084236, 1.42643217553, 2.77043857326, 1.09914930138, 3.04000045277, 1.01184333174, 1.07984256628, 1.00000045829, 1.00000002852, 1.03695741496, 8.95600620527, 0.936521654315, 1.00000051304, 85.3061544098, 0.886562333811, 5.13265529254, 0.976173691953, 3.29000031845, 1.00000038983, 49.1650693478, 74980.2077602
5.54338546443, 1.1008919841, 1.59044202534, 0.975968037869, 2.83000033538, 1.11856037008, 1.16797301173, 1.26000039703, 1.14000028074, 1.30751699318, 3.01877298643, 1.04500593007, 3.0400004395, 1.00355671778, 0.803005316278, 1.00000080494, 1.00000045869, 1.10961038021, 8.80729407673, 0.937798957424, 1.00000044896, 105.075647157, 0.844329389105, 1.14624844213, 0.954189011785, 3.29000005164, 1.00000085358, 23.4540292249, 8626.9754324
3.29896576519, 1.0928624945, 1.63606005571, 0.834193668769, 2.83000089684, 1.15270357174, 1.88183389597, 1.26000011734, 1.14000012387, 2.27166561556, 2.85669583269, 1.065446015, 3.04000016326, 1.03724940166, 1.00958582302, 1.00000021465, 1.00000081577, 1.04258177525, 4.79674503897, 0.94419176903, 1.0000006175, 97.9521794061, 0.8801880202, 5.30574788585, 0.98365125281, 3.29000006862, 1.00000024304, 24.6591285821, 22932.7736316
4.43622435861, 1.02792077215, 1.53175118107, 0.855419669419, 2.83000088098, 1.1856336219, 1.53947229691, 1.26000065889, 1.14000029381, 3.20053548969, 2.26284432814, 1.03010007755, 3.04000060387, 1.00974689803, 0.953155827138, 1.00000080776, 1.00000029759, 1.04452849866, 9.82184819888, 0.94128571466, 1.00000048755, 88.9992843056, 0.896001126792, 4.89452589453, 1.02421251444, 3.29000037431, 1.00000043483, 26.9159095115, 11366.3744349
3.97733074494, 1.04105188667, 1.57533503124, 0.952561868197, 2.83000037627, 1.13745996651, 1.0844037291, 1.26000042172, 1.14000096976, 2.9548224277, 2.80332371511, 1.07277671258, 3.0400007173, 1.03531395847, 1.06872097853, 1.00000068424, 1.00000039276, 1.03019113674, 9.19018341687, 0.943940370734, 1.00000060761, 88.2047502416, 0.894851545223, 4.66779513544, 1.0288085259, 3.29000053447, 1.0000008681, 29.0746921091, 5959.01449302
4.72994786307, 1.00138308764, 1.63825434191, 0.859335120657, 2.83000009125, 1.16357084806, 4.91059605775, 1.26000077574, 1.1400009224, 1.4588341865, 2.15929582206, 1.06542448991, 3.04000087852, 1.05118498518, 0.99776809912, 1.00000091249, 1.0000001719, 1.0824805125, 6.98195004613, 0.937818682636, 1.00000021245, 120.973025267, 0.927083060597, 2.08122575688, 0.985874455659, 3.29000023993, 1.00000082657, 38.3758073864, 4327.8091949
5.54295661113, 1.13533221536, 1.61632001187, 0.918962728977, 2.83000004932, 1.06442552758, 3.1410036554, 1.26000082639, 1.14000033055, 2.09203191862, 2.99845400272, 1.02330575888, 3.04000026887, 1.0054269771, 0.961013638253, 1.00000030567, 1.00000048908, 1.10144267492, 9.81958828143, 0.924076459548, 1.0000005208, 94.0526258763, 0.916852616559, 2.90369428292, 0.973392938285, 3.29000087533, 1.00000034294, 31.1634590295, 6917.72907579
5.79468151983, 1.01508271021, 1.55008770262, 0.88619747597, 2.83000035376, 1.00872948327, 1.75825043876, 1.26000054528, 1.14000069467, 3.42420760822, 2.2999997305, 1.08340132555, 3.04000049509, 1.00848933814, 1.05413917403, 1.00000021319, 1.00000008065, 1.02969817338, 6.16073933193, 0.957482706068, 1.00000095535, 122.861885476, 0.891439736941, 4.47937554227, 1.0225020112, 3.29000059216, 1.00000051877, 43.8456656509, 47149.2307103
5.87275873889, 1.00996250058, 1.55833913648, 0.981864783054, 2.83000048113, 1.18128786806, 1.36182435357, 1.26000057286, 1.14000080497, 2.35833771393, 2.47884053036, 1.06046935378, 3.04000045448, 1.02150132868, 1.06834763308, 1.00000038258, 1.00000062047, 1.0896349694, 8.84542810072, 0.928894230216, 1.00000018097, 121.828252967, 1.02404671983, 1.58985258829, 0.950217090172, 3.29000004386, 1.00000034154, 30.480676825, 10958.3826235
5.75677503357, 1.13100863729, 1.60793656575, 0.896441058572, 2.83000053466, 1.0438627959, 1.26601570743, 1.26000057238, 1.14000057117, 1.9330179635, 2.86058708121, 1.01540149461, 3.04000099571, 1.00924027157, 1.07778005311, 1.00000090974, 1.00000072496, 1.00287392167, 5.38202072333, 0.954577825686, 1.00000046751, 95.208557577, 0.942961003245, 3.79039384187, 0.991745282075, 3.29000020782, 1.00000049231, 23.3693516972, 9742.2586095
4.01594394251, 1.06325975, 1.72613002183, 0.947868582716, 2.83000096225, 1.18801540283, 1.00243855072, 1.26000091481, 1.14000027175, 1.2685892811, 2.95940770543, 1.08491232077, 3.04000042207, 1.02555382043, 0.843761079617, 1.00000090685, 1.00000034768, 1.07985112818, 8.53515103954, 0.990633508277, 1.00000037891, 116.325598379, 0.899473958487, 4.20707493896, 1.02661504959, 3.29000041956, 1.00000036381, 40.4537123766, 25863.3521184
4.27689684058, 1.03484077181, 1.68351291176, 0.961628018087, 2.83000025689, 1.0833864176, 4.28075897385, 1.26000042421, 1.14000008252, 3.46150502118, 2.23455812862, 1.06553227846, 3.04000050563, 1.01029549516, 1.0803984641, 1.00000003421, 1.00000035517, 1.03410746572, 8.58398121245, 0.920703172718, 1.00000095515, 122.491822534, 0.873412132082, 3.78741326094, 0.950860208649, 3.29000042599, 1.00000093546, 50.3983945901, 8590.81888274
5.7124694314, 1.00528313035, 1.41275256385, 0.982364463237, 2.83000033769, 1.06385657222, 3.95997899555, 1.26000036404, 1.14000073709, 3.15263213292, 3.09023019624, 0.913121061343, 3.04000071786, 1.00573923157, 1.04158110886, 1.00000099763, 1.00000010521, 1.05943015255, 9.39238564072, 0.923175617933, 1.00000061885, 89.2499569304, 0.85665143999, 4.82033282634, 1.06308527098, 3.29000049399, 1.0000002611, 33.9984025313, 6944.15380973
4.85518372803, 1.07930159405, 1.49678263404, 0.849202006352, 2.83000095681, 1.09585493681, 2.38306419017, 1.26000018729, 1.14000041134, 2.07907089939, 2.44095942674, 0.992342409882, 3.0400009899, 1.03670110667, 1.08059767249, 1.00000000318, 1.00000043576, 1.00272609469, 5.90750548339, 0.918365851597, 1.00000058509, 107.669641668, 0.868833398058, 3.97947794011, 1.0352445818, 3.29000009226, 1.0000000943, 23.8472166374, 6436.13226704
3.89713906561, 1.08392560196, 1.48264032704, 0.998238490588, 2.83000011333, 0.987715896543, 1.0589353335, 1.26000001657, 1.140000326, 2.54174974223, 2.50496439594, 0.972654894709, 3.04000085937, 1.01879198229, 1.03591593852, 1.000000987, 1.00000098642, 1.09628237237, 9.95482068689, 0.914851148666, 1.00000055821, 91.1307033352, 0.884016534923, 2.09809117716, 0.97084035605, 3.29000017327, 1.00000079895, 31.9553704688, 10047.7567575
4.76834626461, 1.09182206017, 1.7159120856, 0.911315899409, 2.83000072699, 1.1786010635, 3.84055968077, 1.2600002306, 1.14000043733, 1.60816549716, 2.87014869681, 1.08722179049, 3.04000073526, 1.020388991, 1.05081880915, 1.00000089658, 1.00000019878, 1.02900230628, 7.79880720324, 0.967995734824, 1.00000026533, 123.617902388, 1.00479000733, 1.37907535704, 0.955135001434, 3.29000066337, 1.00000054529, 46.0460434633, 152816.646091
4.72460782287, 1.00957852197, 1.39898757064, 0.835391276308, 2.83000037469, 1.13829460518, 1.50591341952, 1.26000016827, 1.14000019862, 1.47307620289, 2.66794319732, 1.01161347427, 3.04000053668, 1.03544758323, 0.956700485096, 1.000000749, 1.00000099875, 1.03940815312, 8.88660595878, 0.949949565106, 1.0000002992, 123.42186402, 0.86023771558, 3.47179454867, 1.0459302822, 3.29000020679, 1.00000069515, 19.168491512, 7980.80693229
5.6616224852, 1.03601238576, 1.60698948584, 0.978710254857, 2.83000095691, 1.07466617601, 1.41293087387, 1.26000013814, 1.1400006901, 1.94097736288, 2.83459992258, 0.905895136165, 3.04000023917, 1.02330340439, 1.05260204195, 1.00000060778, 1.00000048881, 1.08484077994, 7.37731918859, 0.918583539295, 1.00000093282, 112.647015132, 0.950112688173, 2.57713132165, 1.00872974954, 3.29000075027, 1.00000088034, 24.9720139183, 28932.8375516
5.94704380588, 1.03661172854, 1.40472104126, 0.813075275571, 2.83000070219, 1.02355960843, 1.98293824235, 1.26000035546, 1.1400009407, 1.56590772172, 2.88487480559, 1.03571008055, 3.04000059181, 1.02984741028, 0.998014127847, 1.00000084858, 1.00000013241, 1.10436581507, 9.75201299959, 0.956541255007, 1.00000020708, 120.301183281, 1.04129122782, 1.84873819691, 1.03103866655, 3.29000064085, 1.00000090691, 27.9041752798, 1163.60221155
1.22697034586, 1.02272641798, 1.69541704156, 0.999025026983, 2.83000073405, 1.09679827253, 1.79356459737, 1.26000006084, 1.1400004517, 2.0363368241, 2.94043919935, 1.07843853395, 3.04000073187, 1.00742689767, 1.01375606015, 1.00000053682, 1.00000071954, 1.0677536327, 6.22865946343, 0.928889753884, 1.00000094129, 104.816532501, 0.925363184763, 2.88638951926, 1.06424454764, 3.29000077017, 1.00000066048, 41.442124571, 84696.1741718
3.76962545706, 1.0606990819, 1.4848907167, 0.881550009313, 2.83000044963, 1.09687866794, 1.06972844314, 1.26000068726, 1.14000095727, 1.97598945997, 2.64943639129, 1.04227370122, 3.04000031769, 1.05694233577, 1.03596992127, 1.00000059014, 1.00000069304, 1.02934741872, 6.41250336835, 0.931839051546, 1.00000051613, 108.433945397, 0.915898102153, 2.79292974373, 0.999837325365, 3.29000082566, 1.00000047692, 20.5329366326, 1171.18207692
2.18010137725, 1.05473477366, 1.51271118553, 0.903857625937, 2.83000079488, 1.12872806455, 5.46486301603, 1.26000066769, 1.14000056484, 2.30770855182, 3.07129571479, 1.00392944327, 3.04000024409, 1.04422591192, 1.08568795245, 1.00000099449, 1.00000039146, 1.07794509674, 9.23982254022, 0.924627089426, 1.00000033951, 83.1115187207, 0.855477141214, 1.13957418218, 1.0582661104, 3.29000042885, 1.00000022737, 22.8408926645, 4527.26030848
4.77374085886, 1.0568289338, 1.37798612571, 0.924404120759, 2.83000061933, 1.15382278366, 2.612251394, 1.26000059096, 1.14000052066, 1.40667920441, 1.63550610032, 0.998604123853, 3.04000094772, 1.04831630435, 1.07811958509, 1.0000006556, 1.00000042689, 1.03680278932, 8.44537795166, 0.942631326843, 1.00000081391, 114.810715365, 0.869196194507, 1.98449147692, 1.06054004125, 3.29000026176, 1.00000025734, 19.6175950665, 6337.33959241
5.05013481686, 1.06880211902, 1.6010961934, 0.925125911258, 2.83000062072, 1.16930523153, 1.33958828766, 1.26000077473, 1.14000024366, 2.06065342912, 3.10251084165, 1.00363452185, 3.04000009476, 1.00289402667, 1.04992870311, 1.00000007322, 1.00000025738, 1.08059654507, 6.86279891701, 0.911174119256, 1.00000067332, 114.54217522, 1.01495800714, 1.19815759672, 1.04842477882, 3.29000014168, 1.00000053898, 23.4749645435, 3019.98874468
4.74087650611, 1.03597425984, 1.67927588819, 0.836922694357, 2.83000012485, 1.17377941425, 2.5077792811, 1.26000048449, 1.14000076765, 2.13432920085, 3.07752837121, 1.04060477686, 3.04000054556, 1.04748027473, 0.899063771373, 1.00000022169, 1.00000070259, 1.10069141177, 8.22036359889, 0.94879700114, 1.00000093271, 124.778329108, 0.95561939808, 1.00300761189, 0.971203013762, 3.29000090131, 1.00000026311, 44.2489291852, 25551.563436
4.04907236734, 1.08710875529, 1.6851431924, 0.930811323236, 2.83000060021, 1.02269387937, 4.03220273081, 1.26000030682, 1.14000070533, 1.89443767022, 2.75865795078, 0.987577255268, 3.0400009916, 1.06516080423, 1.01144086523, 1.00000023514, 1.00000076335, 1.04167308418, 6.3062405694, 0.951718303764, 1.00000041331, 118.083898254, 0.85485419586, 4.4621718201, 0.982057942282, 3.29000048909, 1.00000039637, 13.5230316802, 997.571714494
2.50315944686, 1.10288142744, 1.40473687472, 0.87215514104, 2.83000051301, 1.10180432843, 3.70849553029, 1.26000029932, 1.14000038803, 2.19197270933, 3.04800366324, 1.04556400157, 3.04000060286, 1.08855707016, 1.03242856171, 1.00000007645, 1.00000049451, 1.0043186518, 7.8631411025, 0.95421699636, 1.00000082515, 92.7161255558, 0.846800524765, 5.27900159718, 1.05902021307, 3.29000069889, 1.00000011597, 35.6536682183, 88886.3364356
3.88177855533, 1.00058515312, 1.55258936461, 0.824773051369, 2.83000037933, 1.12554093874, 1.87746094682, 1.26000051917, 1.14000029399, 2.75797271614, 2.94115507587, 0.922248814368, 3.04000070949, 1.01827305776, 0.991029823529, 1.00000048599, 1.00000005319, 1.02909419185, 8.66837891955, 0.926592035728, 1.00000068285, 109.020704378, 0.905766250808, 3.50162973419, 1.02165440796, 3.29000092432, 1.00000077792, 34.8101801477, 18360.1665939
3.70468165983, 1.02156195292, 1.51337400943, 0.837172848385, 2.8300007416, 1.14621338209, 1.92213734663, 1.2600009349, 1.14000081342, 1.51374366307, 3.01718499988, 1.09530461367, 3.04000082591, 1.03937495299, 0.784445940182, 1.00000086088, 1.00000043949, 1.05695462635, 7.64278306658, 0.951416543243, 1.00000050377, 122.496951711, 0.953898286578, 1.65839940775, 1.06451747835, 3.29000083655, 1.00000080289, 26.5394275199, 28201.0257438
3.61979483983, 1.10610564852, 1.70717076661, 0.976646245558, 2.83000048069, 0.912313444218, 1.23774893695, 1.26000067105, 1.1400001725, 2.07867270525, 3.11522928863, 1.04932005954, 3.04000062018, 1.00477809429, 1.07560066995, 1.00000038883, 1.00000032822, 1.09160813219, 8.87220336241, 0.923091881814, 1.00000018541, 101.890513057, 0.946238643258, 1.51633958861, 1.06170844682, 3.29000093929, 1.00000060496, 12.6382134595, 1580.11477755
4.26187303359, 1.03862631228, 1.34279132153, 0.97203140216, 2.8300003491, 1.08747886691, 4.3687427953, 1.26000098222, 1.14000064193, 3.11257781276, 3.04012438951, 1.07846425901, 3.040000422, 1.05441843142, 0.992705572587, 1.00000058205, 1.00000043261, 1.00610046348, 7.88866958767, 0.930760509936, 1.00000073532, 113.430420572, 0.905807232399, 2.4800035433, 1.0078948991, 3.29000090663, 1.00000070886, 21.7302984588, 18860.7798385
4.0175649375, 1.03005387592, 1.5547223812, 0.948638518494, 2.83000036295, 1.13239486807, 3.66830575148, 1.26000017122, 1.14000043493, 1.43370048896, 3.10747637707, 0.984644391698, 3.04000040359, 1.05648226023, 1.03956982228, 1.00000090764, 1.00000008129, 1.09663594559, 9.21518005696, 0.922220812009, 1.00000002566, 123.57786296, 0.968327161286, 1.96384170077, 1.01332070124, 3.29000000358, 1.0000002977, 29.7849655134, 10243.3611351
4.30583199812, 1.00136214767, 1.60378689314, 0.906281950964, 2.83000050099, 1.17360451872, 5.0040794323, 1.26000050988, 1.14000092045, 1.85017067504, 2.76689198235, 1.0430282443, 3.04000081645, 1.10472109302, 0.924927256374, 1.00000026633, 1.00000013061, 1.08197233391, 8.42025544467, 0.968061693938, 1.00000052476, 120.434098247, 0.926893263534, 2.23993766841, 1.04590250822, 3.29000089408, 1.00000055774, 39.3958018326, 93947.3892938
2.05829502249, 1.02908283867, 1.35916786074, 0.891117637654, 2.8300006718, 1.18570684007, 3.85715932745, 1.26000011438, 1.14000005649, 2.86214435005, 2.65629936088, 1.0925825019, 3.04000092206, 1.11896595478, 1.00979285086, 1.00000082928, 1.00000002364, 1.0561053271, 8.42880685441, 0.952340411391, 1.00000081249, 101.884062116, 0.884174832034, 3.12059771353, 1.03910462445, 3.29000070511, 1.00000053705, 34.4782218912, 5675.17728933
3.77292318596, 1.09889415596, 1.61752316248, 0.904245569431, 2.83000082714, 1.06942570671, 1.29986103662, 1.26000081989, 1.14000081165, 2.46763731038, 2.63403706891, 1.06252180269, 3.04000090734, 1.02301715879, 0.862569871916, 1.00000069222, 1.00000071659, 1.0533946057, 9.52291508699, 0.960869374605, 1.00000022812, 112.882395248, 0.950582711694, 4.43349661146, 0.992014316998, 3.29000082628, 1.00000012918, 16.1176928756, 1551.58554263
1.87460716455, 1.09298808684, 1.34165235033, 0.84090346428, 2.83000074826, 1.13739957463, 2.5836663046, 1.26000099258, 1.14000017919, 2.40133401003, 2.98530083796, 1.09695377085, 3.04000025392, 1.03805681067, 1.08889153314, 1.00000094827, 1.00000073188, 1.06369312524, 8.55963169263, 0.92543187159, 1.00000035819, 116.251669568, 0.887363012674, 5.18307768844, 1.03688997978, 3.2900009299, 1.0000004272, 21.092699228, 1034.4111038
3.94715959458, 1.10459252992, 1.46642538849, 0.958184169384, 2.83000038689, 1.15587819624, 5.78841168524, 1.26000074479, 1.14000064495, 3.12166016514, 3.0540556594, 1.02144130401, 3.04000096875, 1.01681839191, 1.0506735827, 1.00000029846, 1.00000048552, 1.01020817554, 8.92525302831, 0.964842213713, 1.0000001079, 93.6101925498, 0.968584660543, 4.38741574679, 1.03380104273, 3.29000035286, 1.0000008373, 42.1882785999, 15217.0466872
4.451706396, 1.03736955967, 1.53793267152, 0.836374838751, 2.83000003991, 1.18306180043, 2.04090766283, 1.26000093841, 1.14000044822, 1.61650941882, 3.11540751284, 0.903022251453, 3.04000073423, 1.07012757947, 0.959051309699, 1.00000010101, 1.00000087937, 1.10186626003, 8.93305747707, 0.937910983581, 1.00000087766, 113.387924513, 0.893269087369, 2.2368497291, 1.02734607473, 3.29000045882, 1.00000002568, 33.6854368964, 11191.4438332
2.216597368, 1.05559561222, 1.35774342243, 0.913664466381, 2.83000055293, 0.920886904803, 3.47418387184, 1.26000044005, 1.14000092341, 3.13685404457, 2.24329428389, 1.08314986726, 3.0400008355, 1.02982443762, 1.0227893348, 1.00000011724, 1.00000092826, 1.09369486603, 8.45239557376, 0.912423019064, 1.00000090489, 112.448584125, 0.903782078851, 2.05899972206, 1.04666819531, 3.29000014987, 1.00000021267, 30.5841015636, 47743.9805619
1.89193091749, 1.11079827351, 1.51591506576, 0.980955663835, 2.83000026876, 1.17721166129, 2.0194072004, 1.26000074253, 1.14000051434, 2.34362212819, 1.90900774531, 1.0648710229, 3.04000041845, 1.02910435989, 1.02500123535, 1.00000004186, 1.00000079707, 1.10068543646, 5.43450209145, 0.964309637073, 1.00000022691, 116.701180696, 0.857736921307, 1.07718895776, 1.02135078351, 3.29000089919, 1.00000052054, 40.7361409057, 12014.343583
2.82268706202, 1.06689579256, 1.54729082847, 0.993874793242, 2.83000093084, 1.1565956027, 1.6038350072, 1.26000070084, 1.14000084438, 1.56076087626, 2.82586375738, 0.895319643217, 3.04000085874, 1.06278714828, 1.08650338674, 1.00000088186, 1.00000018874, 1.10462011312, 9.22664977669, 0.93056482481, 1.00000091971, 120.540673987, 0.860375705013, 5.87669973393, 1.03982089297, 3.29000021609, 1.00000089041, 31.5272541738, 22771.1678233
2.33325584465, 1.13887588557, 1.52471065703, 0.828684109573, 2.83000035238, 1.1890255697, 2.05392105442, 1.26000050805, 1.14000023599, 1.76639996307, 2.71172610717, 1.07726909599, 3.04000083318, 1.07431295588, 1.04281505475, 1.00000089813, 1.00000021572, 1.02951994903, 8.70954548614, 0.991614462037, 1.00000031337, 108.86766744, 0.912452360191, 2.22358784878, 1.04554044741, 3.29000047315, 1.000000736, 41.2261818223, 17647.4570854
2.43111619892, 1.02949937201, 1.61601009887, 0.909078380628, 2.83000036485, 1.15294021078, 1.400369972, 1.26000098931, 1.14000084756, 1.87007359651, 2.0988996093, 0.994072977629, 3.0400001206, 1.09096048832, 0.997574341099, 1.00000080228, 1.00000026581, 1.01132133907, 8.5567899676, 0.950183972053, 1.0000007343, 120.765202903, 0.856703581572, 2.42208635399, 1.03686620233, 3.29000057079, 1.00000062296, 27.0957981019, 7542.05415683
3.07151740052, 1.02404549304, 1.67130602006, 0.962458384794, 2.83000093787, 1.0793368128, 1.03655066001, 1.26000090858, 1.14000035933, 3.54540034846, 2.61875859205, 1.06443453854, 3.04000053166, 1.05545264514, 1.01328367105, 1.00000079377, 1.00000062243, 1.05882880124, 9.82963236913, 0.999779572731, 1.00000096017, 111.03034262, 1.00540761454, 4.35808985559, 1.04361943726, 3.2900000433, 1.00000015124, 40.6036233178, 100235.753707
5.14265141142, 1.01262771675, 1.50997443415, 0.828148529341, 2.83000083978, 1.05093442978, 2.88608398222, 1.26000057031, 1.14000020661, 2.21212099424, 2.9420052469, 0.976694545406, 3.04000075397, 1.07910194569, 1.05244324055, 1.00000098919, 1.00000098696, 1.0375090782, 5.79422193865, 0.936817441456, 1.00000007752, 120.596992918, 0.97254913814, 2.94515359392, 1.06905805779, 3.29000007188, 1.0000008721, 18.9906618961, 2971.14765755
4.54515282608, 1.09021667513, 1.42627343673, 0.968651331611, 2.83000045954, 0.972143288093, 1.15373709182, 1.26000068991, 1.14000054237, 3.554571491, 3.07302537287, 0.99116782333, 3.04000016033, 1.05807245629, 1.08975196828, 1.00000054298, 1.00000044994, 1.0539853428, 9.89884201995, 0.974425689824, 1.0000009868, 113.27366932, 0.896904939228, 3.17800972063, 1.05657917798, 3.29000017467, 1.00000034317, 40.1278836881, 27706.3530134
2.48531979504, 1.07203238072, 1.68949045381, 0.907880292416, 2.83000040023, 1.01867614837, 1.2115583564, 1.26000097403, 1.14000026001, 3.07123619629, 2.72962517685, 0.945937326801, 3.04000002056, 1.03788542286, 0.926793150485, 1.00000035577, 1.00000026084, 1.07577862621, 9.73156499526, 0.922457354201, 1.00000099747, 120.664796976, 0.899221702552, 1.0306118904, 0.953257965891, 3.29000096494, 1.00000071681, 39.5517178008, 19047.3761615
4.79225290138, 1.05553179189, 1.38971429809, 0.831771308669, 2.83000019028, 1.11273128399, 1.25391816734, 1.26000058219, 1.14000075834, 2.14084225627, 3.10457848201, 0.972218487508, 3.04000047705, 1.10714115552, 0.988162880442, 1.00000053255, 1.00000013009, 1.03140382208, 5.69334026723, 0.945340335953, 1.00000046545, 123.867897322, 0.939370020284, 1.35451360315, 1.04480357714, 3.29000049787, 1.00000073727, 31.2593509179, 16233.19463
3.28923897033, 1.00789649078, 1.65018545341, 0.891103903753, 2.83000097122, 1.17474842071, 1.72457085819, 1.26000038397, 1.14000017756, 2.90575690154, 3.03125093094, 0.945129453475, 3.04000059048, 1.04622143442, 0.862932765477, 1.00000071036, 1.00000056744, 1.09201693413, 6.05960344162, 0.938701229393, 1.00000025254, 124.713282923, 0.887573856647, 2.19246568569, 1.06778336584, 3.29000054495, 1.00000015697, 12.8636416994, 4323.73407791
4.13098894556, 1.02242062023, 1.42737869152, 0.948505009797, 2.83000037219, 1.13082244773, 2.95157182104, 1.26000001299, 1.14000089413, 1.94750780522, 3.09926876353, 0.931591295433, 3.04000026643, 1.09564192895, 1.00950828898, 1.00000016768, 1.00000081156, 1.10354741639, 9.80217659852, 0.914589967087, 1.0000005932, 123.384645398, 0.961210068377, 1.45815921366, 1.04357912258, 3.29000038718, 1.00000041691, 21.6296328114, 7132.57631157
2.49193190672, 1.00139451021, 1.37691909926, 0.955647639976, 2.83000056437, 1.17835375155, 2.49752638278, 1.26000039979, 1.14000049083, 3.56475735818, 2.62569262436, 1.04086462053, 3.0400000785, 1.11507302612, 1.00944186121, 1.00000061087, 1.00000073562, 1.06045348299, 8.61717990832, 0.926112348438, 1.00000070454, 124.917636216, 0.902643670171, 1.0819345589, 0.98968585385, 3.29000073484, 1.00000081396, 40.8738386996, 536.832331782
5.34202734342, 1.11301401708, 1.50833683757, 0.882313287195, 2.83000056347, 1.00536525747, 1.22532315051, 1.26000091607, 1.14000020955, 3.08224728711, 2.97690109576, 0.970325125399, 3.04000037715, 1.06026687209, 0.943025236054, 1.00000020657, 1.00000096667, 1.08179187054, 9.9978883052, 0.976391473118, 1.00000087061, 104.767898952, 0.948787702481, 2.4585457791, 1.06931222189, 3.2900006552, 1.00000086379, 36.1993300893, 11978.8883263
1.34574800983, 1.06618441127, 1.6325816767, 0.939357390026, 2.83000047764, 1.13713275634, 5.75599350759, 1.26000008049, 1.14000070019, 3.6074920779, 2.63071616074, 1.01963908644, 3.04000025308, 1.02351009612, 0.992054685111, 1.00000021003, 1.00000010433, 1.00457698221, 9.49923406007, 0.912809716015, 1.00000075432, 124.877176136, 1.00442392897, 3.876510994, 0.972404680481, 3.29000000327, 1.00000040941, 29.2090799994, 18274.1168197
1.33304664037, 1.00788270275, 1.61341770439, 0.85521146429, 2.83000011821, 1.11916129826, 1.07822108039, 1.26000024483, 1.14000086097, 3.69386639772, 2.18314168182, 0.967700404734, 3.04000058329, 1.06307842217, 1.02323554542, 1.00000000602, 1.00000012783, 1.10891400286, 8.0236767625, 0.923135224575, 1.0000001215, 107.459709481, 1.00244593221, 4.32736309748, 1.03336988141, 3.29000059515, 1.00000059043, 33.3378224305, 40705.9982006
3.24868789143, 1.08483501935, 1.4563990172, 0.915177918263, 2.83000086269, 1.04243787412, 1.23355689039, 1.26000080837, 1.14000016954, 2.0712275845, 2.97372520071, 0.91763378782, 3.04000022434, 1.11782165944, 1.07601532, 1.00000094796, 1.00000023432, 1.06182873074, 8.68502515339, 0.963530692019, 1.0000001908, 115.034574518, 0.851347385176, 1.43278714651, 1.05292192927, 3.29000077041, 1.00000022613, 33.1926020039, 26733.4028706
4.10477644085, 1.07783446938, 1.67653274214, 0.933940923459, 2.83000091938, 1.18927161599, 2.58358383734, 1.26000061482, 1.14000080098, 3.4929250127, 2.36317997728, 0.924482066751, 3.04000085796, 1.10163780584, 0.964181670248, 1.00000028601, 1.00000042921, 1.06485527155, 6.82764468171, 0.964504887175, 1.00000085242, 121.467076907, 0.96221985379, 1.66602447715, 0.997142317589, 3.2900008567, 1.00000063051, 51.9913841116, 27625.6758761
1.18388213445, 1.11324754482, 1.54324829256, 0.885173444491, 2.83000034796, 0.886776376706, 1.67471148644, 1.26000072227, 1.14000078045, 3.68398957112, 2.79095688121, 1.01706355003, 3.04000054662, 1.07216291213, 0.987075982724, 1.0000007221, 1.00000043866, 1.03775408244, 7.60526410925, 0.92753865065, 1.00000050382, 117.061903096, 0.942691363008, 2.27313003594, 1.04041137597, 3.29000004031, 1.00000017158, 48.0332404942, 10108.7415276
1.27024466534, 1.12901479975, 1.58453488047, 0.843678161657, 2.83000039161, 1.16263219186, 1.92366883382, 1.26000064196, 1.14000084207, 3.38644609144, 2.75787497364, 0.903359322828, 3.04000092017, 1.08776169917, 1.02603271898, 1.00000079927, 1.0000008011, 1.01632806961, 9.74719004223, 0.938507523076, 1.00000004166, 124.420740522, 1.00930558669, 3.64258722268, 1.050727994, 3.29000089105, 1.00000008659, 43.2024913878, 33607.4320892
4.37548098466, 1.12187293742, 1.3816950883, 0.973693388756, 2.83000034123, 1.16177836558, 4.8884412471, 1.26000028098, 1.14000055791, 2.49029877259, 3.11665758049, 1.08813418356, 3.04000017537, 1.11433435093, 0.819709470914, 1.00000024356, 1.00000060615, 1.07609325375, 6.72394260136, 0.961797439981, 1.00000093504, 98.0196202624, 0.845273901497, 1.43430480151, 1.06744753145, 3.29000022823, 1.00000071678, 28.8093454189, 1887.14601246
5.13306278221, 1.06217445062, 1.56855749314, 0.959423717535, 2.83000020682, 1.18887769612, 5.38043735862, 1.26000012247, 1.1400001022, 1.82495869709, 2.76285540913, 1.03861167737, 3.04000065748, 1.09620131901, 0.943967961185, 1.00000078872, 1.00000018826, 1.02418567468, 7.93865954477, 0.93276601998, 1.00000009198, 98.989805611, 0.893085581166, 2.58366618095, 1.05507982676, 3.29000051024, 1.00000017501, 50.2934585393, 16040.6667185
4.3997975291, 1.05490976928, 1.65076381336, 0.993114086966, 2.83000004255, 1.12793542573, 5.91210682418, 1.26000015119, 1.14000072953, 3.6592707161, 2.47360751602, 1.07655055492, 3.04000026373, 1.09633117816, 0.848988378604, 1.00000028658, 1.00000056077, 1.03374888975, 9.12646867015, 0.946025684141, 1.00000060159, 92.9149402807, 0.842088134842, 2.1143193359, 1.06698065366, 3.29000093797, 1.00000022635, 38.3069260464, 27076.2140696
5.68190809344, 1.03089576014, 1.36676513107, 0.960051767538, 2.83000079881, 1.18559907587, 1.17668205076, 1.26000000732, 1.14000019922, 1.65621323973, 2.56687431772, 1.09967654546, 3.04000040476, 1.08541014875, 0.835032442038, 1.00000035612, 1.0000004441, 1.10990906898, 8.88681255642, 0.940608274195, 1.00000042104, 102.679621543, 0.845434258874, 3.58769214946, 1.01810333655, 3.29000070155, 1.00000081596, 41.4402533427, 7960.95818777
3.71216346995, 1.05438329965, 1.67025050326, 0.907554507989, 2.83000003838, 1.18001851926, 1.81982726634, 1.2600008573, 1.14000072399, 2.57582984852, 2.65088708214, 0.925288350115, 3.04000020529, 1.11389659506, 0.856613670522, 1.00000087552, 1.00000056114, 1.10886662163, 5.50716182429, 0.927070052874, 1.00000016712, 111.108333826, 0.893292281054, 1.08216669899, 1.06871823056, 3.29000083805, 1.00000054468, 25.3520075768, 1837.77535354
5.32074829085, 1.03185438528, 1.35342614861, 0.974143391528, 2.8300001215, 1.10295116795, 1.53888481796, 1.2600005913, 1.14000034275, 2.45201028612, 3.01470300746, 1.08899279156, 3.04000095721, 1.10021517296, 1.05952751556, 1.0000000866, 1.00000008728, 1.0124879668, 4.33362211925, 0.919987604478, 1.00000096777, 104.241065532, 0.84414877603, 1.18224941953, 1.06205579829, 3.2900007711, 1.00000037032, 56.8681053844, 44506.1417719
5.36550932605, 1.05408835623, 1.48052604943, 0.926010318514, 2.83000061537, 1.03383952879, 5.27992991863, 1.26000034234, 1.14000037459, 2.41561304355, 2.53269026455, 1.09828378548, 3.04000075789, 1.07549509939, 0.824831822696, 1.00000012042, 1.00000039808, 1.09569975301, 9.11369715123, 0.940000150346, 1.00000034479, 116.068507052, 0.98376075013, 2.56626136493, 1.05140925418, 3.29000023924, 1.00000046666, 40.204064638, 24346.7142602
1.68749617831, 1.13074621799, 1.60968045219, 0.952786107731, 2.83000046454, 1.18507948734, 3.59545907323, 1.2600005717, 1.14000059132, 2.85521228489, 2.92933055823, 0.964262531588, 3.04000081684, 1.11752425253, 0.948280412657, 1.00000079073, 1.00000015112, 1.06542059298, 9.75723711686, 0.91473067349, 1.00000051393, 113.383964738, 0.873317178257, 4.2286964517, 1.04682579858, 3.29000069029, 1.00000033602, 20.2338369458, 699.155972994
4.04393830905, 1.1278202543, 1.54706540689, 0.964749443186, 2.83000073385, 1.15896437431, 5.70906224529, 1.2600003743, 1.14000058358, 2.2260322441, 2.99291077566, 1.08262428449, 3.04000097863, 1.09159925223, 0.916468059493, 1.00000029501, 1.00000075753, 1.05160452616, 5.65307211311, 0.910354210515, 1.0000004731, 108.84727082, 0.891640538109, 5.25319533982, 1.01122128252, 3.29000042454, 1.00000034636, 34.0719978317, 57795.7711797
5.17764445312, 1.11616750621, 1.71275091935, 0.940643045124, 2.83000057621, 1.13608077285, 2.53738898565, 1.2600006037, 1.14000078973, 2.2217619766, 2.44537995311, 1.01275765385, 3.04000051813, 1.10305454231, 0.849434234414, 1.00000078068, 1.00000044723, 1.0930412692, 8.67198650148, 0.932762401458, 1.00000015366, 108.00135046, 0.929571406388, 3.45714404358, 1.04669794319, 3.29000027834, 1.00000035068, 31.6101972907, 8757.73894425
3.49840098465, 1.13369680682, 1.55025701422, 0.943160084295, 2.83000056433, 1.14889911586, 3.19892585353, 1.26000099364, 1.14000051456, 3.12003130501, 2.86922185993, 0.907074573738, 3.04000069543, 1.04961034524, 0.873211099234, 1.00000013754, 1.00000089214, 1.07989611579, 6.0353934765, 0.925249304688, 1.00000004684, 120.821723795, 0.856071172565, 1.45613714715, 1.03763699671, 3.29000019294, 1.00000017309, 64.0394023274, 12952.9150384
3.24520505401, 1.05560076935, 1.35690837452, 0.865006160594, 2.83000068957, 1.13300533479, 4.05782397482, 1.26000077332, 1.14000036935, 3.16285678627, 2.83186436788, 1.09970737113, 3.04000077266, 1.05131819305, 1.06079024461, 1.00000008699, 1.00000026346, 1.09945895072, 4.28343029642, 0.912292465711, 1.00000072556, 111.887424257, 0.88539425005, 2.83513479636, 1.06848969702, 3.29000048949, 1.00000055884, 49.9945276552, 26833.719127
4.48639595852, 1.09069675176, 1.53214556693, 0.93210072657, 2.83000091788, 1.02078215867, 5.64864943806, 1.26000021987, 1.1400006165, 2.05064126822, 2.27111450441, 1.04905274318, 3.04000086616, 1.02681235473, 0.921844729554, 1.00000032896, 1.0000006348, 1.01801189837, 6.37899152771, 0.910014468659, 1.00000093067, 113.886701654, 0.866925195271, 2.25207352596, 1.06399068715, 3.29000047615, 1.00000051413, 38.3958855009, 32323.6067962
2.92510647164, 1.09312564259, 1.59233093479, 0.922006121602, 2.83000011261, 1.16652444385, 3.21581596776, 1.26000092495, 1.14000046824, 3.15740407527, 2.64135444616, 1.01700495171, 3.04000040137, 1.09703078711, 0.932055584856, 1.0000001046, 1.0000002014, 1.05264782921, 5.19670298363, 0.965161776856, 1.00000049759, 117.891266452, 0.929552813299, 4.27442046015, 1.06345593293, 3.29000028285, 1.00000099723, 52.2497173582, 3969.79005004
5.51372200293, 1.10199212223, 1.55583220898, 0.923243439361, 2.83000079823, 1.18781187061, 4.32277656971, 1.26000007049, 1.14000062942, 3.45620605676, 2.9109620121, 1.06432459449, 3.0400000295, 1.08700741596, 0.926534187651, 1.00000030482, 1.00000069112, 1.07957774406, 3.29753131932, 0.984378212484, 1.00000051686, 123.217385609, 1.02012223735, 2.54270405255, 1.05732234918, 3.29000022501, 1.00000020757, 22.748575797, 5173.42107993
1.82818080381, 1.12815250643, 1.58534321805, 0.964591845417, 2.83000022478, 1.18924605664, 3.95218825204, 1.26000069371, 1.14000088152, 2.41481782822, 2.78417745396, 1.00568156558, 3.04000018434, 1.10705022184, 1.05887119531, 1.00000062053, 1.00000050504, 1.00240784979, 9.6103143221, 0.955057339029, 1.00000026084, 107.179711409, 1.01767901735, 5.65764671062, 1.06932567734, 3.29000007518, 1.0000004995, 27.8252554146, 1282.29699393
5.7367223866, 1.09101828273, 1.62663240273, 0.900643852903, 2.83000032091, 1.17564458203, 2.23326034095, 1.26000045604, 1.1400009353, 1.54568571945, 1.92556126389, 0.98120568158, 3.04000091058, 1.11537396901, 0.995666105741, 1.00000050272, 1.00000026418, 1.03565871456, 9.25750324305, 0.914657083311, 1.00000021457, 118.730603167, 1.02628454518, 2.68744240536, 1.05257454765, 3.29000024384, 1.00000034167, 50.5247114199, 25907.8691138
4.09453473162, 1.09966883272, 1.69066180469, 0.958655123913, 2.83000097419, 1.17634983798, 4.24335660386, 1.26000089251, 1.14000020722, 2.5883885486, 2.96738351635, 1.00124154011, 3.04000052981, 1.06151524788, 0.895727077555, 1.0000005203, 1.00000019079, 1.02121846492, 9.9761066103, 0.927255912566, 1.0000003782, 114.191761079, 0.906240215371, 3.09943731854, 1.03421086147, 3.29000096989, 1.00000057731, 53.0549649517, 8970.29511482
2.63185056834, 1.05012803083, 1.51158085972, 0.980228560151, 2.83000055603, 1.17588964718, 3.8648368323, 1.26000088804, 1.14000029554, 2.17337716908, 2.00394134316, 0.975777312466, 3.04000069367, 1.09044876355, 1.04614019033, 1.00000065093, 1.00000057908, 1.05702884943, 7.61551421185, 0.915837062643, 1.00000046306, 119.661563358, 0.893418469162, 2.61106608882, 1.06425233554, 3.29000075001, 1.0000001372, 44.9287318031, 10243.6413471
4.43466014559, 1.06299169555, 1.58416505256, 0.923789268439, 2.83000048963, 1.16410494062, 4.72240563036, 1.26000085294, 1.14000011457, 3.16318717351, 2.63655400184, 1.09253762718, 3.04000048451, 1.04959335667, 0.892078034507, 1.00000039143, 1.00000082146, 1.09204345912, 9.95587899323, 0.914984184546, 1.00000058749, 124.127015325, 0.896491381851, 3.43892682576, 1.0267088439, 3.29000083264, 1.00000087152, 41.87517039, 82277.5900876
3.94980903237, 1.01275402885, 1.56847715637, 0.989930841929, 2.83000045823, 0.992099301899, 2.65661222205, 1.26000068838, 1.14000051571, 1.90840112499, 1.96842975406, 1.02894464564, 3.04000095351, 1.11649901787, 0.928088913716, 1.00000064563, 1.00000086614, 1.07585188692, 6.60057513019, 0.919137307313, 1.00000099448, 123.695408146, 0.84285646438, 2.03034519214, 1.05755552213, 3.2900009212, 1.00000073803, 24.4744304011, 8855.98409257
5.86491577373, 1.1387722601, 1.48448451322, 0.971027320765, 2.83000002464, 1.15914030396, 3.80178470002, 1.26000088923, 1.14000028117, 2.68113209527, 2.49868163896, 0.978286882835, 3.04000085102, 1.07527230146, 1.04408497746, 1.00000038075, 1.0000009244, 1.00285636242, 3.55701348496, 0.925921921209, 1.00000070977, 115.410918411, 0.984457665315, 2.41561155256, 1.03361553924, 3.29000040156, 1.00000026202, 14.6961350505, 657.904127632
3.89103168939, 1.02017291122, 1.36123666536, 0.845362284421, 2.83000067463, 1.12781923397, 3.00668951519, 1.2600008408, 1.14000005535, 3.03590423912, 2.72860559637, 1.07894373004, 3.04000010015, 1.03135673496, 0.955883941941, 1.00000059831, 1.00000069738, 1.09718225176, 7.77060063986, 0.923798004371, 1.00000065349, 121.1221815, 0.919033353552, 3.90699669281, 1.0386615014, 3.29000005822, 1.00000025071, 26.5921273073, 6421.09009886
3.96202074658, 1.04390976841, 1.69016387635, 0.952135231096, 2.83000082763, 1.15288571678, 3.31584451737, 1.26000071821, 1.14000065965, 3.3748507617, 2.77081786442, 1.06362605959, 3.04000023245, 1.08101821181, 0.91634720825, 1.00000068994, 1.00000046937, 1.09508161577, 7.21844458641, 0.930257704417, 1.00000015184, 84.3243603487, 0.878812924739, 3.22485467547, 1.03787648437, 3.29000083638, 1.0000003935, 29.7864954186, 14153.8628943
2.40155915551, 1.11133863445, 1.7190808733, 0.985190650997, 2.83000029546, 1.13282566568, 4.53548893484, 1.2600006366, 1.1400000631, 3.41553093454, 2.56284325527, 1.08065018115, 3.04000015829, 1.08823461827, 0.865770802724, 1.00000033327, 1.00000027435, 1.03611895002, 8.06415265986, 0.951746297888, 1.00000034955, 107.123419393, 0.919367035689, 3.88885942508, 1.02221822455, 3.29000026459, 1.00000001866, 49.1716931094, 18395.2607534
1.55845783101, 1.03364481936, 1.44338651975, 0.88691291036, 2.8300001022, 1.14982138069, 4.43579220713, 1.2600005644, 1.14000010122, 3.51704300297, 2.32293739142, 1.04829969807, 3.04000095549, 1.09246234243, 1.05559594442, 1.00000098072, 1.00000010972, 1.10860721389, 7.86043041577, 0.930885105146, 1.00000076323, 94.4964468649, 0.944410882582, 3.29137024842, 1.04180794052, 3.29000071131, 1.00000010898, 48.158174061, 47678.8615025
4.46411438993, 1.02612637309, 1.67773282964, 0.917840726229, 2.83000061896, 1.04077823217, 1.99810925308, 1.26000076905, 1.14000064655, 3.00086633427, 2.6794912211, 1.07356946504, 3.04000043326, 1.10554758506, 0.87421697176, 1.00000042088, 1.00000029861, 1.10257339279, 7.15604728815, 0.932401015458, 1.00000026861, 85.4649546272, 0.849094096052, 2.00775830963, 1.00939822352, 3.29000033209, 1.00000004857, 43.6627813339, 40606.3420516
4.96586019048, 1.11068179208, 1.63624539163, 0.988765963155, 2.83000009669, 1.10491485474, 1.20658419421, 1.26000059747, 1.14000027404, 2.47711672995, 2.95121960007, 0.999644579326, 3.04000002127, 1.097457746, 0.969515952445, 1.00000054535, 1.00000096295, 1.07571868456, 5.7558985853, 0.941170622497, 1.0000005282, 109.976942913, 0.923056709291, 5.34000076111, 1.06063496504, 3.2900002369, 1.00000010977, 37.2189008413, 10108.4283305
5.84855592892, 1.04276685979, 1.59347571464, 0.97898818841, 2.83000099895, 1.1229483199, 5.8722948004, 1.26000002903, 1.14000024005, 3.31030355985, 2.71152227519, 0.993917339225, 3.04000099336, 1.11359881944, 1.03671673294, 1.00000026281, 1.00000085294, 1.01577172131, 4.38902820189, 0.946870031429, 1.00000076146, 114.247811058, 0.974981855633, 3.72426440948, 1.02770409095, 3.29000017114, 1.00000067477, 30.0226777249, 5598.03641896
5.65861668763, 1.0317792544, 1.6368288998, 0.926600069286, 2.830000137, 1.12362179484, 3.72809929391, 1.26000024072, 1.14000096985, 1.93981619181, 1.95146811064, 1.02812812136, 3.04000099514, 1.08927301223, 0.939209334899, 1.00000078493, 1.00000093229, 1.10625793526, 6.18265175467, 0.923408159583, 1.00000099241, 109.11535507, 0.842421918778, 1.42018181681, 1.0061125311, 3.2900008485, 1.00000058085, 37.745797449, 31143.8136664
5.57527136036, 1.10452178764, 1.64050673078, 0.963845205898, 2.83000006694, 1.11959026676, 5.82430921132, 1.26000066339, 1.14000005209, 2.30931326275, 2.9159692732, 1.06932112347, 3.04000083615, 1.05856078279, 1.05599341, 1.0000007221, 1.00000063239, 1.06610653816, 3.30114932455, 0.966326646152, 1.00000006068, 120.41689217, 0.842101890728, 1.99472540749, 1.05202745084, 3.29000063576, 1.00000014841, 35.2490524705, 11869.9429056
4.00557556075, 1.05255127087, 1.61805355082, 0.998691068405, 2.83000001905, 1.12675017844, 5.46768819164, 1.2600001984, 1.14000042434, 1.43869986864, 2.99386222284, 1.06438259439, 3.04000086486, 1.02465778374, 1.07394993878, 1.00000009836, 1.00000077753, 1.06495060268, 8.29093919993, 0.921328494523, 1.00000020342, 116.312294291, 0.886030376241, 4.67838687429, 1.06341087985, 3.29000047487, 1.00000062461, 20.5397262861, 2125.6761337
4.88836975115, 1.12908548156, 1.63673588925, 0.869058490394, 2.83000030551, 1.00065516108, 3.28078928859, 1.26000025938, 1.14000031245, 1.74280741247, 2.55262919283, 1.08697196206, 3.04000053302, 1.07397264091, 0.967878437662, 1.0000009922, 1.00000073279, 1.00215651848, 9.61436314308, 0.935497035703, 1.00000037644, 123.296746593, 1.01223735377, 4.04779258153, 1.05741906248, 3.29000022838, 1.00000025241, 26.7800383308, 14753.6822575
5.16829467714, 1.10398956146, 1.71060835402, 0.853271269751, 2.83000016213, 1.00717676343, 1.24365721199, 1.26000037509, 1.14000061115, 1.64680580575, 3.0546550648, 1.0452215182, 3.04000037456, 1.07551853994, 0.891216166892, 1.00000020289, 1.00000006995, 1.05131605225, 7.65543290479, 0.958368006704, 1.00000007273, 122.779963828, 0.973381333201, 3.03172423458, 1.05786888374, 3.2900006702, 1.0000000891, 45.9207836957, 25260.2263708
4.75731017423, 1.08037667313, 1.63000779502, 0.925099286855, 2.8300008124, 1.13728719131, 1.39242795725, 1.26000055233, 1.14000011011, 2.19398380576, 2.12010764486, 1.09614593089, 3.04000001355, 1.11145991908, 0.993507568935, 1.00000018708, 1.00000096284, 1.00850338544, 8.57365547652, 0.981046126349, 1.00000056341, 120.638277768, 1.0103422832, 1.76376688411, 1.04324610755, 3.29000090355, 1.00000050164, 36.6875485971, 11442.8073156
2.50019025845, 1.1054020341, 1.63835564428, 0.978381625225, 2.83000025808, 1.17046423844, 2.16718157624, 1.26000079286, 1.1400000341, 1.76796631405, 2.54943691032, 1.0891771494, 3.04000093761, 1.09255484648, 0.982666453717, 1.00000004872, 1.00000058966, 1.08057943604, 8.9039055469, 0.936770029867, 1.00000017585, 108.728487683, 0.878769949817, 5.38790613275, 0.997187213349, 3.2900002371, 1.00000060982, 23.825574809, 7754.94327616
3.63921064954, 1.06133826542, 1.62183179232, 0.995926708169, 2.83000048097, 1.02845645642, 3.48680192208, 1.26000025552, 1.14000010642, 3.09762854676, 2.83121410151, 1.07113042728, 3.04000095422, 1.09254225659, 1.03714783503, 1.00000025517, 1.00000043708, 1.05696410133, 7.86261264051, 0.930752383395, 1.00000061453, 120.32127274, 0.927370221191, 1.81105025941, 1.04615297271, 3.29000060939, 1.00000037811, 53.8890384474, 4548.38078149
5.53532630114, 1.08804184713, 1.666932212, 0.990963898265, 2.83000034332, 1.12323760266, 3.00615973323, 1.26000035177, 1.14000012866, 3.4764607603, 2.68740270236, 1.08562562709, 3.04000053846, 1.09573220467, 0.843778353313, 1.0000009184, 1.00000090546, 1.07455434418, 3.29554031291, 0.926642985227, 1.00000083823, 119.710143711, 1.04416664047, 5.4765398899, 1.02840338736, 3.29000058433, 1.00000071844, 64.2625548343, 47145.1621701
1.63433694335, 1.12415759056, 1.38061414198, 0.876358234685, 2.8300008666, 1.18295851318, 1.53624566945, 1.26000089995, 1.14000060444, 2.69928509847, 2.15032156196, 1.00375265969, 3.04000031563, 1.06287761246, 1.02063344557, 1.00000003808, 1.00000044322, 1.09032943497, 4.63175966595, 0.933257518667, 1.00000095775, 121.740452724, 0.903919273204, 3.86431219067, 0.996073047675, 3.29000028326, 1.00000069996, 33.7421380756, 11664.9599358
4.32244640751, 1.0553837737, 1.6628051067, 0.982311461939, 2.83000024131, 1.07188353981, 1.00835415865, 1.26000076416, 1.14000033436, 3.28414988096, 3.10360851317, 1.03169513885, 3.0400000057, 1.11036299451, 0.962826412365, 1.00000049423, 1.00000077753, 1.00181512811, 3.39821143491, 0.934119954223, 1.00000042787, 123.100420419, 0.870256818891, 1.34153995546, 1.00001720402, 3.29000054383, 1.00000064248, 28.7455677169, 5040.41241075
4.02509675946, 1.06266922127, 1.67741672336, 0.909930925025, 2.83000044793, 1.10109693262, 4.86466785202, 1.26000060677, 1.14000046204, 3.55521363526, 3.11305206441, 0.98256129564, 3.04000081553, 1.05796091645, 1.04248116323, 1.00000067347, 1.00000041781, 1.05848505862, 3.23593312644, 0.94932479314, 1.00000021147, 110.326785733, 0.962881770109, 1.57768245368, 1.06445168314, 3.29000098693, 1.0000009724, 28.7731853624, 3847.80607681
4.06517687334, 1.06943575096, 1.52173154218, 0.920368886765, 2.83000006333, 1.14285721581, 2.49784904811, 1.26000027526, 1.1400004523, 2.38786581637, 1.82664775297, 1.02442007182, 3.04000098842, 1.09081795505, 1.04498108073, 1.00000068034, 1.00000063715, 1.01404101064, 4.15422149401, 0.925819314726, 1.00000005253, 124.440798993, 1.01490746809, 1.21080108865, 1.02128184481, 3.29000086347, 1.00000075818, 21.4974782342, 3183.6252224
1.30600024992, 1.07074336561, 1.73015311355, 0.979523470775, 2.83000032672, 1.07485797077, 4.18738526773, 1.26000026524, 1.14000028504, 3.16161551865, 2.97398736742, 1.05152243027, 3.04000059814, 1.05447755468, 0.942247818254, 1.00000084997, 1.00000020209, 1.05645644207, 9.04750259941, 0.955334528135, 1.0000009248, 122.104149844, 0.992499432404, 2.85445054574, 1.04667463958, 3.29000007477, 1.0000004045, 32.6441978159, 31882.2845855
3.44135386571, 1.12412155032, 1.72694824413, 0.939145221607, 2.83000068376, 1.17542263655, 3.48147666817, 1.26000068863, 1.14000022655, 3.37375945199, 2.8773699091, 1.06893912513, 3.04000098546, 1.05050166032, 0.985903743735, 1.00000048968, 1.00000097274, 1.00848320138, 5.63144457049, 0.915747119124, 1.00000086909, 106.601474556, 0.896562556967, 3.96997056648, 1.02061183008, 3.29000094651, 1.00000094734, 34.312758224, 17401.5098306
2.05806173811, 1.08904175859, 1.65992739595, 0.913066507398, 2.83000039043, 1.12512665068, 2.37418334142, 1.26000095001, 1.14000018688, 2.72081640987, 2.80514570315, 0.953467398455, 3.04000070993, 1.11540159893, 1.05951560503, 1.00000017523, 1.00000004695, 1.06646367004, 5.79940507529, 0.913049625323, 1.00000068186, 109.097657934, 0.964260683399, 5.33328898911, 1.00225486705, 3.29000025694, 1.00000086541, 25.1298352773, 42046.6397461
3.17969701855, 1.06422927704, 1.57200633092, 0.946467606848, 2.830000822, 1.06826662202, 2.60306026963, 1.26000065813, 1.140000753, 3.68436351495, 2.61177595386, 0.919146449935, 3.04000015085, 1.10365396494, 1.0087558789, 1.00000026461, 1.00000065231, 1.09703080006, 7.30299900892, 0.910127189874, 1.0000005212, 121.460390533, 0.917677278222, 1.64274817867, 0.97178139582, 3.29000088669, 1.00000096317, 33.5093550788, 39584.0248879
4.63895886635, 1.11863555921, 1.59950915119, 0.983120074395, 2.83000079736, 1.16288843648, 3.52032306429, 1.26000052616, 1.14000023204, 3.47846677238, 2.14983324855, 1.09208314791, 3.04000057924, 1.08368120857, 1.00507199319, 1.0000001752, 1.0000007351, 1.07095558503, 3.67193080724, 0.980472034649, 1.00000041314, 124.626737132, 1.0697066815, 4.0944471936, 1.05405405176, 3.29000086666, 1.0000007751, 28.7444110539, 18433.2329886
3.7975250486, 1.1191340845, 1.61072704515, 0.937598751335, 2.83000034345, 1.18800863063, 2.5390303038, 1.26000095252, 1.14000023662, 2.76344930203, 2.05081820485, 1.08581362393, 3.040000812, 1.03449012005, 1.05520199273, 1.00000073968, 1.00000080593, 1.09682375091, 9.57414051976, 0.923480452257, 1.00000016249, 122.858507246, 0.983395290236, 2.4224301604, 1.02375109841, 3.29000006457, 1.00000060035, 11.7744170089, 445.636352362
5.86401921687, 1.1302618181, 1.56200109847, 0.980222156856, 2.83000003986, 1.14879189464, 2.59966215322, 1.26000075519, 1.14000073025, 2.3381598433, 3.09785932028, 0.905705253085, 3.04000064418, 1.03487860591, 1.07372681222, 1.00000089397, 1.00000088717, 1.06409689715, 8.28215179565, 0.973600358237, 1.0000000171, 108.610658415, 0.999578345467, 5.06372313712, 1.02807426676, 3.29000082283, 1.00000037882, 44.6766668002, 75535.2548966
2.83401771014, 1.09757061464, 1.54213993888, 0.944101374138, 2.83000084434, 1.0632222338, 1.47808417307, 1.2600007554, 1.14000044254, 2.58768227008, 2.69413246271, 1.09068416844, 3.04000017125, 1.01223012812, 0.957748833948, 1.00000051858, 1.00000091462, 1.07031750366, 4.82178600541, 0.953665662039, 1.00000034334, 110.576577195, 0.862663103503, 4.22440132034, 1.02477359539, 3.29000009, 1.00000054138, 48.9524277286, 26258.481159
5.47142806954, 1.05424877124, 1.54862320636, 0.938874038682, 2.83000045061, 1.06260584321, 2.2315216723, 1.26000045248, 1.1400003241, 3.10250797349, 3.10265165873, 0.974796574711, 3.04000034391, 1.06899000111, 1.04051031953, 1.00000010807, 1.00000069053, 1.08799685513, 3.78666106353, 0.924646221882, 1.00000048852, 116.984215904, 1.01656973584, 3.1507039517, 1.01509415434, 3.29000086457, 1.000000075, 49.9473336388, 31367.7545091
4.85907765786, 1.01085162356, 1.65150066663, 0.885724515498, 2.8300008168, 1.17006177556, 1.99500952956, 1.26000051414, 1.14000044798, 2.76600885006, 1.91626474609, 1.08018189016, 3.0400006848, 1.10413815012, 1.08912928617, 1.00000023542, 1.00000045909, 1.08818319994, 7.95287881787, 0.960464857855, 1.00000020282, 118.236763066, 0.986971499588, 4.169598859, 1.02916215839, 3.29000029331, 1.00000031363, 59.2581358301, 14373.8485999
2.29526975689, 1.13645801647, 1.64195431661, 0.977263460148, 2.83000071846, 1.06725938415, 1.54062724669, 1.26000014055, 1.14000066841, 2.15249236452, 2.6252932035, 1.07588322705, 3.04000015884, 1.08206212863, 1.07404939624, 1.00000093364, 1.00000041552, 1.08305344924, 8.78181793674, 0.975992996565, 1.00000057617, 98.5257920958, 0.989044142576, 3.06551271337, 1.02189506913, 3.29000071004, 1.00000003098, 18.2933028563, 43.0913208217
5.53237380582, 1.08866672219, 1.70487528471, 0.907562510873, 2.83000003257, 1.09918556353, 1.96237697069, 1.26000016823, 1.14000018208, 2.38269021332, 2.84484018709, 1.05932190078, 3.04000021189, 1.06067281135, 1.01874959583, 1.00000039647, 1.00000075964, 1.06342399468, 3.84608341379, 0.930763064606, 1.00000013649, 108.542554488, 0.998245280408, 5.3111818243, 1.02916963465, 3.29000077877, 1.000000245, 24.8902822789, 11262.4711989
5.13773183664, 1.04786864982, 1.70416845205, 0.959870246667, 2.83000003326, 1.12641357591, 3.51662760292, 1.26000025221, 1.14000058109, 2.88103760488, 3.04239419784, 1.02240713783, 3.04000047733, 1.02834380326, 0.987488934683, 1.00000072463, 1.00000032623, 1.00691944963, 7.04952828299, 0.915812034804, 1.00000004397, 113.114886379, 1.03781469751, 2.49921853393, 0.983990786318, 3.29000039222, 1.00000018525, 20.764467679, 711.966134359
5.40494678068, 1.02073060661, 1.61127575081, 0.946683332427, 2.83000043752, 0.981888999432, 2.50235203748, 1.26000057758, 1.14000046267, 3.13702188676, 2.92913821286, 0.985770543173, 3.04000011358, 1.0745711773, 1.08198304374, 1.0000001917, 1.00000044351, 1.09227109844, 3.4160256205, 0.960058613338, 1.00000064122, 122.78621414, 0.976948914797, 4.61289857573, 1.06214475599, 3.29000070182, 1.00000087413, 20.2950372455, 169.270874198
5.65449608936, 1.04004447306, 1.69113250887, 0.948711662854, 2.83000037364, 1.08377179852, 5.07732308152, 1.26000066147, 1.1400009674, 3.65558699122, 2.42527279205, 1.01198139365, 3.04000089088, 1.07418675426, 1.06549786501, 1.00000058977, 1.0000007647, 1.10778699185, 6.74671451639, 0.921020470217, 1.00000023819, 112.702361553, 1.02329295637, 2.77784777547, 0.971198922975, 3.29000046169, 1.00000088147, 42.6610973602, 4605.90061896
3.5045025756, 1.13561396188, 1.66895231573, 0.988748891289, 2.83000018859, 1.18178972753, 1.83708439463, 1.26000077354, 1.14000049948, 3.67316264435, 2.70040236777, 1.07100380593, 3.04000092574, 1.0064848704, 0.956184850032, 1.00000096253, 1.00000095013, 1.10219302893, 6.83744669432, 0.954757391478, 1.00000027388, 116.96226169, 0.94695339023, 1.95221076391, 0.985300530773, 3.29000024076, 1.00000007294, 60.1257426643, 480688.573435
3.42564631984, 1.09631685053, 1.73370580182, 0.983501825218, 2.83000057902, 1.04419031234, 1.86283096854, 1.26000027155, 1.14000057827, 3.31836155071, 2.70210221263, 1.09438787411, 3.04000075417, 1.00155207297, 1.06830141346, 1.00000052609, 1.00000093252, 1.08866482887, 5.24459306462, 0.981834543441, 1.00000075843, 108.525337449, 0.944203524055, 3.24033381704, 0.960470681466, 3.29000091789, 1.00000044119, 17.4557555428, 787.673362168
