5.9684870677, 1.03387389005, 1.63821099679, 0.821427651571, 2.83000021106, 1.16671103135, 1.2980661754, 1.26000051622, 1.1400001799, 1.30727884951, 2.97057293791, 0.982818180785, 3.0400004612, 1.11276002899, 0.870062070877, 1.0000004873, 1.00000009589, 1.10617643597, 4.65546626417, 0.932959809973, 1.0000009445, 120.586449931, 0.900810365173, 2.01092593941, 0.97241986726, 3.29000085672, 1.00000015729, 45.2402408612, 32239.7303679
5.88630587664, 1.12762235422, 1.41444577122, 0.907592628638, 2.83000080109, 1.18166918675, 1.00514751933, 1.26000051626, 1.14000081472, 2.90709214615, 2.94020398621, 1.0718632537, 3.04000045585, 1.01914583626, 0.788709766883, 1.00000079206, 1.00000068462, 1.08582578834, 9.10261930234, 0.934101150844, 1.00000060943, 105.059707269, 0.851456558462, 1.32192419271, 0.958156742924, 3.29000047989, 1.00000031358, 35.7941650692, 33565.0938686
4.44277309292, 1.04437386998, 1.50929040238, 0.800163890491, 2.83000047043, 1.08703487239, 5.20314200661, 1.26000054271, 1.1400008656, 1.64634311697, 2.7248890223, 1.0829555875, 3.04000089043, 1.11660958755, 0.78824146851, 1.00000035713, 1.0000002072, 1.06326286406, 9.03604707628, 0.975126620051, 1.00000090178, 118.87043356, 0.930780484925, 1.19620321306, 0.971944558565, 3.29000047543, 1.00000097813, 42.1664191381, 8889.10535695
4.49537139918, 1.01097038388, 1.41964221819, 0.813904095578, 2.83000074848, 1.13882181114, 1.28207222642, 1.26000055297, 1.14000093457, 1.94535411759, 2.2158292404, 1.07545165519, 3.04000051623, 1.09301143907, 0.883284671966, 1.00000082106, 1.00000037332, 1.10666163108, 9.11024424336, 0.915977572073, 1.00000098187, 117.800189501, 1.04474817165, 3.18520457451, 1.04071379579, 3.29000039393, 1.00000072893, 38.2934924124, 57568.2330858
5.68190809344, 1.03089576014, 1.36676513107, 0.960051767538, 2.83000079881, 1.18559907587, 1.17668205076, 1.26000000732, 1.14000019922, 1.65621323973, 2.56687431772, 1.09967654546, 3.04000040476, 1.08541014875, 0.835032442038, 1.00000035612, 1.0000004441, 1.10990906898, 8.88681255642, 0.940608274195, 1.00000042104, 102.679621543, 0.845434258874, 3.58769214946, 1.01810333655, 3.29000070155, 1.00000081596, 34.8508304608, 13710.242213
4.10430442869, 1.11726558884, 1.36548894401, 0.819793804189, 2.83000082095, 1.18848828155, 3.32309490371, 1.2600008974, 1.14000000761, 1.55306161869, 2.8841153286, 1.0039239202, 3.04000079245, 1.08786059994, 0.84896458002, 1.00000074855, 1.00000084248, 1.1046312596, 9.63549857681, 0.963753514392, 1.0000007057, 105.030445723, 0.896369275079, 1.8985441133, 0.994160953566, 3.29000078074, 1.00000031363, 40.0495867863, 18748.1324899
5.15860415711, 1.02129459297, 1.38476291813, 0.91184517774, 2.8300004696, 1.17923516246, 1.2989943149, 1.26000058123, 1.14000024237, 2.24783521533, 2.56870944109, 1.02277461569, 3.04000057583, 1.06713263671, 0.935347956108, 1.00000037088, 1.00000095417, 1.10932385662, 7.1654074344, 0.974610254343, 1.00000042345, 116.06410401, 0.868873409561, 1.57929569204, 1.01690394531, 3.29000019174, 1.00000013644, 38.9248353781, 3934.90467821
2.48397437581, 1.10304795138, 1.67078558816, 0.84659260211, 2.83000085394, 1.13353954118, 1.0894021988, 1.26000082114, 1.14000040437, 2.67308732176, 3.02150299452, 0.952173429179, 3.04000098769, 1.09704365131, 0.877526278397, 1.00000016435, 1.00000049311, 1.10850874014, 9.27259873037, 0.991212263461, 1.00000079614, 120.296928952, 0.8446893484, 3.61398303861, 1.03172502993, 3.29000079427, 1.00000032093, 18.0503950885, 2372.14249986
1.11790604441, 1.00298869517, 1.4484760648, 0.800992671968, 2.83000001341, 1.18793893057, 1.66189567196, 1.2600003865, 1.14000050187, 1.85527015007, 2.26282530056, 0.958687177652, 3.04000066148, 1.07983293315, 0.960946225124, 1.00000030515, 1.00000021801, 1.09261597914, 7.5385440355, 0.955213242353, 1.00000066098, 120.743414512, 0.926315953644, 2.79504309456, 0.952066667612, 3.29000077982, 1.00000038898, 83.5090579479, 32345.8256882
4.4361108462, 1.06363180892, 1.58590977176, 0.937036312989, 2.8300003323, 1.1528274222, 2.118955276, 1.26000011145, 1.1400001794, 2.05557400088, 1.72002947974, 0.905459211025, 3.04000002762, 1.11292658827, 0.826653455662, 1.00000088613, 1.00000021679, 1.0689404587, 9.43775265589, 0.940693856479, 1.00000000322, 121.875817157, 0.903412008397, 4.03588147342, 1.00339625236, 3.29000074065, 1.0000000195, 35.9336656355, 41527.6150508
4.36533384084, 1.00310031154, 1.53063447051, 0.808453827716, 2.83000063803, 1.17440262463, 3.64194893576, 1.26000076058, 1.14000024063, 1.82628190799, 2.68246563406, 0.929999657769, 3.04000051356, 1.06775768454, 0.84261833496, 1.00000034109, 1.00000039515, 1.033724186, 8.20402488851, 0.964037818141, 1.00000089792, 112.002971144, 0.885290362879, 4.06025552011, 0.956117887768, 3.2900009754, 1.0000008233, 39.3484426414, 24896.2486888
4.72640285097, 1.08333402001, 1.5070746984, 0.805236899969, 2.8300007041, 1.13334977864, 4.5660962544, 1.26000046824, 1.14000041007, 3.4444887103, 2.9855879563, 0.95676553782, 3.04000088137, 1.0945535954, 0.816583301593, 1.00000097412, 1.00000090184, 1.05315681357, 3.67202576838, 0.995627614753, 1.00000087595, 111.745007053, 0.904453243361, 1.38678324161, 0.963464780393, 3.29000089878, 1.00000081996, 15.1559276451, 375.916897981
5.08250481372, 1.12876215936, 1.41242927764, 0.816923369946, 2.83000003649, 1.12761887238, 1.97341632028, 1.26000054341, 1.14000066757, 1.89688321446, 2.34683658422, 0.894263089563, 3.04000039849, 1.11639678701, 1.02983212058, 1.00000075222, 1.00000059942, 1.10365373068, 7.29852682935, 0.99807023448, 1.0000000994, 111.364044419, 0.91607026542, 1.13654222411, 1.04978218091, 3.29000051524, 1.00000094817, 33.256145398, 30349.7904029
2.96068209366, 1.05837568546, 1.60093235503, 0.81885361467, 2.83000051338, 0.980077361401, 1.19718873334, 1.26000036355, 1.14000072419, 2.87479148006, 2.13143435454, 0.93818548778, 3.04000037334, 1.08505243011, 0.785941736058, 1.00000005331, 1.00000028723, 1.10763575681, 6.87757533015, 0.953078916955, 1.00000098084, 122.030628574, 0.886960297536, 1.10505716919, 1.0485715494, 3.29000008767, 1.00000033295, 37.4227209131, 18441.1768941
5.90960382161, 1.09209649463, 1.37025301705, 0.856138864015, 2.83000081958, 1.10515643969, 1.91405023779, 1.26000097897, 1.14000087533, 3.08177667356, 2.47047174884, 1.08608327319, 3.0400006556, 1.10208481909, 0.815671046441, 1.000000522, 1.00000024417, 1.06873004344, 7.92810142973, 0.96969245125, 1.00000037475, 122.727884879, 0.890355706984, 2.13442389132, 0.990775331576, 3.29000055274, 1.00000078799, 30.1806849085, 33042.8146033
4.41401612605, 1.0226868012, 1.52691469557, 0.852625377847, 2.83000003639, 1.12023118802, 1.6001955897, 1.26000021148, 1.14000000748, 3.24187414196, 2.52138425349, 0.945821782429, 3.04000067476, 1.11465761606, 1.04920106006, 1.00000080331, 1.00000092344, 1.07536823983, 7.36493526366, 0.993506565696, 1.00000090182, 102.889026955, 0.965332372933, 2.46530453004, 0.991578030063, 3.29000077344, 1.00000048126, 15.2527664329, 265.468238997
1.00903642336, 1.11459605145, 1.39666816807, 0.82523139003, 2.83000091, 1.17511429163, 1.00731209541, 1.26000006506, 1.14000063898, 1.84189081594, 2.83395230087, 0.932627954846, 3.04000029783, 1.04390069829, 0.820454250192, 1.00000057662, 1.0000003181, 1.10087762416, 7.90034491802, 0.988458120777, 1.00000064569, 115.805874238, 0.902733826227, 2.35569541778, 0.952637863257, 3.29000049188, 1.00000079985, 32.4876209101, 6566.37127528
3.60590149292, 1.12306967332, 1.71395194195, 0.82878009199, 2.83000009011, 1.13945960255, 1.90757281833, 1.26000006763, 1.14000074262, 3.55847037429, 2.20093035006, 0.997365227928, 3.04000053913, 1.1052334529, 0.946337320423, 1.00000094767, 1.00000004735, 1.10993389998, 9.6888152818, 0.956587696457, 1.00000071005, 107.727725163, 0.881473755329, 2.29014679523, 1.05608485419, 3.29000015699, 1.00000058383, 32.0258805223, 13248.1452842
4.91847511887, 1.02555650529, 1.36187866497, 0.934435043678, 2.83000064066, 1.07890691828, 2.10230478768, 1.26000065175, 1.14000079012, 2.17514662809, 1.88946112122, 0.968840952797, 3.04000061807, 1.11571649567, 0.781089266539, 1.00000095611, 1.00000018799, 1.08987897608, 6.91393903077, 0.962030116048, 1.00000027184, 120.670071846, 1.01013409553, 2.01355326228, 1.02493602034, 3.29000039588, 1.00000074554, 36.483184436, 41434.2078461
3.2068547722, 1.00680331676, 1.65544636188, 0.916573909262, 2.83000026503, 1.14004027339, 1.2459717046, 1.2600004186, 1.14000020868, 2.93871932621, 2.00474146281, 0.944607784893, 3.04000017306, 1.09229882722, 0.895428183838, 1.00000040536, 1.00000001064, 1.07935871752, 7.86275840703, 0.940286953386, 1.00000025912, 121.023278012, 0.906443011163, 3.1528774648, 1.04251374158, 3.29000028603, 1.00000087813, 30.1278164771, 7267.08170428
5.35647669932, 1.04542571844, 1.47843298933, 0.852808997523, 2.83000094634, 1.17941002926, 1.78393479805, 1.26000038264, 1.14000048137, 2.06687731566, 1.65063959537, 0.955418080456, 3.0400000819, 1.11650843691, 0.974202417038, 1.00000054173, 1.00000062911, 1.01197747209, 9.04292932363, 0.940757631587, 1.00000014996, 112.644783191, 0.998396102007, 1.40922699157, 0.986158730282, 3.2900004803, 1.0000000996, 35.1542395874, 21437.872116
3.78676389763, 1.0486921753, 1.40507426212, 0.813399043546, 2.8300007294, 1.12875745404, 2.88854069532, 1.26000036331, 1.14000043888, 3.2546265107, 3.00977999284, 0.884584193092, 3.040000126, 1.04585087609, 1.01817856337, 1.00000055507, 1.00000030368, 1.0570807499, 8.63602172428, 0.915574883245, 1.00000029814, 108.038070178, 0.858885788273, 1.32841108579, 0.994516113362, 3.2900007173, 1.00000016639, 27.2767361101, 6416.04762308
2.45468622626, 1.05551935563, 1.42879478105, 0.838864594104, 2.83000009443, 1.17874659109, 1.08432359278, 1.2600002176, 1.14000027992, 2.89567856517, 2.11351498482, 0.956332818572, 3.0400006685, 1.02745615279, 0.983949611896, 1.00000024072, 1.00000046325, 1.07483247988, 8.06408201146, 0.974924380853, 1.00000061439, 121.462769176, 1.01960512704, 1.59745917007, 0.97195565599, 3.29000073387, 1.00000085776, 48.4218492489, 8291.54877326
5.14116345408, 1.11805498688, 1.44363983969, 0.844145685466, 2.83000096841, 1.10736720693, 1.04713402124, 1.26000051314, 1.14000031866, 1.7951650618, 1.76207012016, 0.908402147486, 3.04000043045, 1.04270187207, 0.791972114618, 1.000000194, 1.00000039918, 1.08263026783, 8.88055264332, 0.99920166883, 1.00000086616, 108.632149961, 0.97230609515, 3.20368867162, 1.00458302621, 3.2900009898, 1.00000070105, 36.7436593574, 40667.806556
2.49193190672, 1.00139451021, 1.37691909926, 0.955647639976, 2.83000056437, 1.17835375155, 2.49752638278, 1.26000039979, 1.14000049083, 3.56475735818, 2.62569262436, 1.04086462053, 3.0400000785, 1.11507302612, 1.00944186121, 1.00000061087, 1.00000073562, 1.06045348299, 8.61717990832, 0.926112348438, 1.00000070454, 124.917636216, 0.902643670171, 1.0819345589, 0.98968585385, 3.29000073484, 1.00000081396, 30.6407508112, 1328.24793153
5.59900129684, 1.06872354236, 1.35314576508, 0.812407665528, 2.83000089056, 1.00742132479, 4.98315317366, 1.26000019041, 1.1400004426, 3.35440466789, 2.83435237063, 1.00389773168, 3.04000099299, 1.04682144808, 0.801488366084, 1.00000073175, 1.00000085104, 1.00910082621, 9.2676167695, 0.955883209976, 1.00000039034, 124.335831001, 0.934131627805, 1.01713286497, 0.962726963007, 3.29000017067, 1.00000050572, 53.186847003, 30359.1023728
5.33759009535, 1.00829531074, 1.42559435204, 0.839504698648, 2.83000038388, 1.17371908701, 1.07420105862, 1.26000036666, 1.14000099598, 1.47559282296, 1.83101532349, 1.02387132883, 3.04000073476, 1.05881489911, 0.877377017681, 1.00000048279, 1.0000002839, 1.00163927804, 8.48684314356, 0.951628758951, 1.00000045746, 109.071074513, 0.855739450584, 4.67086735301, 0.99368665047, 3.29000087496, 1.00000010365, 60.1095592543, 28000.7225042
4.29070676367, 1.0990453526, 1.54251906887, 0.9083022273, 2.83000006709, 0.957034706329, 2.56327325571, 1.26000096586, 1.14000097109, 3.59492410332, 1.97491901728, 0.901064687541, 3.04000031937, 1.10713832871, 0.823692460082, 1.00000081826, 1.00000093272, 1.10232752323, 8.91983239729, 0.946375649347, 1.00000095254, 111.188750243, 0.87281049598, 1.37807370535, 1.03552836797, 3.29000098109, 1.00000067834, 56.597714138, 13582.3364922
2.98592115916, 1.01313636849, 1.40366619559, 0.960594190242, 2.83000031563, 1.05317649136, 3.46034804969, 1.26000056458, 1.14000063163, 3.46843412899, 2.81727072071, 0.951015121087, 3.04000054417, 1.11596508846, 0.885834559759, 1.00000099124, 1.00000057446, 1.10674863485, 9.32824585551, 0.918992811769, 1.00000078685, 100.723404853, 0.850394198399, 1.01555620895, 0.995147776716, 3.29000039598, 1.00000011968, 34.5422092128, 5337.7508561
4.57561122878, 1.01002845498, 1.39333412131, 0.896995415844, 2.83000070329, 1.16882133324, 1.10949488893, 1.26000039281, 1.14000003919, 3.51862758777, 1.84007818414, 0.900210172904, 3.04000089817, 1.040145553, 0.901897663634, 1.00000078813, 1.00000027278, 1.07428151393, 3.71694894721, 0.938020253623, 1.0000001871, 122.771420249, 0.976849942125, 1.5960281726, 1.0174350009, 3.29000007518, 1.00000069885, 42.5370253034, 28679.1869365
5.20181529098, 1.04159879387, 1.36673693652, 0.889795774815, 2.83000010414, 1.09642732752, 1.54357242333, 1.26000054418, 1.14000013796, 3.19679641978, 2.62694899375, 0.904380241213, 3.04000063029, 1.01496888869, 0.795511977655, 1.00000046872, 1.00000064317, 1.0643926766, 4.8388574219, 0.999364021732, 1.00000065502, 110.236965625, 0.874878875886, 4.94181787314, 0.966687901375, 3.29000093343, 1.00000045236, 37.4565759528, 10949.2947286
3.56704943558, 1.00258508195, 1.36977910566, 0.845019939979, 2.8300001168, 1.06013835652, 2.59096746412, 1.26000086555, 1.14000025513, 3.67858664534, 3.11296341021, 1.00361711984, 3.04000074317, 1.07242287004, 0.940162828541, 1.00000032005, 1.00000087564, 1.08001046379, 9.21985091398, 0.95137276968, 1.0000001042, 110.817606322, 0.857801282382, 3.14736552069, 0.978864365215, 3.29000056128, 1.00000077407, 45.2536041235, 25500.8323654
5.46261301522, 1.02896208115, 1.65050740609, 0.804252045187, 2.83000042907, 1.17830749087, 2.88007390646, 1.26000094923, 1.14000040634, 2.27496900195, 1.86301386473, 0.923996308054, 3.04000065401, 1.10880552536, 0.819903002421, 1.00000049711, 1.00000050817, 1.04034974425, 6.89209285632, 0.993819544685, 1.00000076606, 97.3288168428, 0.842727194419, 4.28271053835, 0.998965915594, 3.29000059903, 1.00000031287, 50.554826792, 6814.97734333
2.57857333599, 1.13861729026, 1.35066839303, 0.846887298381, 2.83000041675, 1.1887205602, 2.08140021271, 1.26000048153, 1.14000086833, 2.51601529028, 1.58132488699, 1.03001990099, 3.0400008052, 1.08364591708, 0.885279180885, 1.0000007029, 1.00000092127, 1.08343981286, 4.3294201248, 0.928151674249, 1.00000056986, 103.376074587, 0.861845177889, 1.73149685976, 1.00272303115, 3.29000043311, 1.0000005309, 36.2091220507, 5978.9069214
1.64004168832, 1.09508501283, 1.42874898194, 0.812938150582, 2.830000034, 1.13743017462, 1.31354527651, 1.26000043302, 1.14000079492, 3.30612040248, 2.13135725056, 0.883098941199, 3.04000052325, 1.10191141976, 1.08641183962, 1.00000084716, 1.00000022218, 1.10367079461, 8.30585318616, 0.942567065468, 1.0000001354, 117.360157251, 0.87006056223, 1.88436504488, 1.001361649, 3.29000047118, 1.00000019012, 54.9974965743, 103736.931136
1.41011029432, 1.01292386149, 1.62368176387, 0.899190788567, 2.83000083942, 0.979440684131, 1.43714542639, 1.26000002193, 1.1400007284, 3.71046529863, 2.52833236069, 1.05945306237, 3.04000054838, 1.09287615587, 0.823478551584, 1.00000021968, 1.00000092966, 1.09098307876, 9.98794765616, 0.934493609321, 1.00000037528, 111.474908582, 0.852418313287, 1.22610106073, 1.05259047348, 3.29000091937, 1.00000039958, 34.0481986065, 3713.70876135
4.38003366238, 1.04842624921, 1.39560393818, 0.811047099909, 2.83000071091, 1.13168432942, 2.10889454892, 1.26000087882, 1.14000081447, 3.13779650355, 2.25846647345, 1.00940815039, 3.04000056541, 1.0753512947, 0.785521329214, 1.00000078699, 1.00000022632, 1.05271249629, 7.12982888921, 0.926320773177, 1.00000013399, 108.714074499, 0.96775339734, 5.82471325193, 0.99402604199, 3.29000054733, 1.0000001495, 34.4682590327, 10068.4917103
5.0887998368, 1.06827361249, 1.48357340277, 0.91069765468, 2.83000002598, 1.07262297326, 1.97165729999, 1.2600000731, 1.14000019204, 3.65226972881, 2.41265560321, 0.947153475856, 3.04000084421, 1.00187709766, 0.848478958306, 1.00000076499, 1.00000094752, 1.09825835807, 9.7689322809, 0.990424243776, 1.00000020411, 105.748036436, 0.937098391645, 2.25721775066, 1.06297859685, 3.29000083722, 1.00000016236, 52.3301564911, 11619.5657194
3.91999666432, 1.13161014668, 1.35883828666, 0.810849719098, 2.83000019459, 1.13360207931, 1.93392541261, 1.26000090381, 1.14000068849, 1.92855697584, 1.9900113561, 1.02836081122, 3.04000077416, 1.08830630497, 0.874901116624, 1.00000063418, 1.00000098775, 1.1073863948, 8.89657025918, 0.971272451425, 1.00000052096, 96.178652741, 0.879755550271, 4.72698814103, 1.05847607552, 3.29000081694, 1.00000002608, 21.5171845154, 4352.81990111
1.76857656894, 1.03799071831, 1.5898542797, 0.870823449586, 2.83000011059, 1.14195460597, 3.41501833282, 1.2600009561, 1.14000053925, 3.37800146981, 2.4107343792, 0.880332689117, 3.04000000441, 1.11399739245, 0.894297303643, 1.00000070054, 1.00000065779, 1.0304667462, 8.72702192621, 0.911306212681, 1.00000002972, 123.042786237, 0.841382909657, 2.87703913539, 0.983868560728, 3.2900001451, 1.000000653, 29.9435248175, 2787.43885041
1.18952322126, 1.06809202337, 1.64250135028, 0.898716462792, 2.83000016136, 1.088393767, 1.74252757221, 1.26000020498, 1.14000013044, 3.58180204464, 1.63323464451, 0.935840301001, 3.04000070405, 1.07709276933, 0.868134590072, 1.00000004992, 1.00000089269, 1.10872193919, 9.60406646519, 0.960976763612, 1.00000081791, 122.00988942, 0.883243558248, 1.01479653446, 1.02111094472, 3.29000018188, 1.00000013273, 67.5569552453, 89014.7385129
4.93991677687, 1.0882890673, 1.52493146631, 0.842864883824, 2.8300009714, 1.18183177134, 3.44383286398, 1.26000055284, 1.14000066606, 2.9769271167, 1.89733086234, 0.943039738395, 3.04000081611, 1.09358742796, 0.981647760572, 1.00000076949, 1.00000066826, 1.0241787272, 8.78799903796, 0.954404823646, 1.00000099574, 114.022566722, 0.926268191134, 2.45447990589, 1.04659681378, 3.29000078861, 1.00000027488, 35.2786698413, 55612.2654961
2.47056278915, 1.00461051685, 1.46391944312, 0.891755407543, 2.83000004529, 1.09670421795, 1.96527360941, 1.26000024939, 1.14000008914, 2.06437209213, 2.59749359787, 0.947580039676, 3.04000069928, 1.06659900838, 0.834740686766, 1.00000015262, 1.00000009564, 1.06776905216, 8.48861078321, 0.967574157562, 1.00000020349, 84.9013514448, 0.862500556271, 1.28429245479, 0.986615931772, 3.29000058968, 1.0000009471, 38.9016827618, 34921.0271489
3.10464218055, 1.04157303305, 1.40811062657, 0.862011632195, 2.83000078988, 1.05264123035, 3.40231176642, 1.26000037395, 1.14000060862, 2.85171832961, 1.78424777335, 0.979720427992, 3.04000004067, 1.09444137336, 0.835122973394, 1.00000029893, 1.00000022504, 1.07818345251, 5.73013325118, 0.983307450814, 1.00000015604, 120.268558582, 0.992593087773, 1.53976278084, 1.01425644391, 3.2900006579, 1.0000005785, 20.5293203533, 1978.89393377
2.28843770375, 1.03509903386, 1.3906060063, 0.856149418055, 2.83000037479, 1.15253886904, 4.35820417638, 1.260000662, 1.14000037741, 2.57609368775, 1.69493576249, 1.06078078614, 3.04000044663, 1.10730141142, 0.802773083592, 1.00000068414, 1.00000093387, 1.10528193816, 6.33023562944, 0.927821003347, 1.00000058075, 106.673049565, 0.877416497365, 2.23013686061, 1.04793622599, 3.29000046799, 1.00000049414, 27.5924135599, 368.507606945
2.29850194523, 1.00876478628, 1.44728508054, 0.875676094145, 2.83000054311, 1.13707510579, 2.34158812155, 1.26000051977, 1.14000019799, 2.90943355931, 3.00414012917, 0.958243725818, 3.04000024606, 1.04114606474, 0.838588651623, 1.00000007357, 1.00000016145, 1.07524532125, 8.28338505648, 0.954872444464, 1.00000076431, 84.3064592677, 0.879473814297, 2.45211166302, 0.972098486558, 3.29000045057, 1.00000064316, 10.4094910215, 72.0549042486
3.88749880301, 1.00723378214, 1.36143091282, 0.805511291715, 2.83000060792, 1.14401319845, 2.60306297027, 1.26000085389, 1.14000083549, 3.58236169208, 3.04549334355, 0.894733221007, 3.04000093134, 1.10990886526, 0.938519077719, 1.00000018222, 1.00000022063, 1.05496274622, 5.73347415858, 0.971977896242, 1.00000058189, 105.115070685, 0.967124049406, 2.15279130241, 1.01022404804, 3.29000033001, 1.00000068965, 27.0132244513, 2553.85152369
1.95592803666, 1.05894094131, 1.39814794979, 0.809649386248, 2.83000072664, 1.11874500496, 1.78361780917, 1.26000086481, 1.14000020237, 2.18014542322, 1.98621150958, 0.929140552944, 3.04000025759, 1.11244405076, 0.95890724061, 1.00000004394, 1.0000005002, 1.06182461325, 7.32002284639, 0.949567980842, 1.00000089301, 102.030510473, 0.889076468935, 3.56758678826, 0.955548823733, 3.29000053119, 1.00000081841, 57.1137470448, 27366.991695
4.01794964349, 1.05548173876, 1.54654647432, 0.888186352787, 2.83000047486, 1.00284858983, 1.89363578285, 1.26000002978, 1.14000042706, 3.59294141421, 2.40888500967, 1.04616869745, 3.0400001555, 1.08593264811, 0.792967324848, 1.0000004375, 1.00000041527, 1.00146678623, 9.27851935146, 0.98286079696, 1.00000036859, 119.329737519, 0.844848986659, 1.71135885752, 0.987015569798, 3.2900007071, 1.00000074851, 30.9955439933, 27374.8712994
5.91072836708, 1.02466752007, 1.41408115579, 0.884516945236, 2.83000091569, 1.1196002265, 3.36337596093, 1.26000068236, 1.14000086165, 3.20060752498, 2.28607604985, 0.898421836275, 3.04000039913, 1.09331291115, 1.05698964401, 1.00000039629, 1.00000093317, 1.07792252783, 9.05749685201, 0.964706938166, 1.00000025644, 100.671491752, 0.967829560071, 1.7404652411, 1.06131305632, 3.29000021335, 1.00000008901, 34.8159569886, 81691.4350259
4.68214929141, 1.02629161309, 1.38303174619, 0.806804778566, 2.83000003005, 1.07887919376, 3.03098065676, 1.26000090752, 1.1400009968, 2.72234937665, 2.1409267259, 0.893283050045, 3.0400008275, 1.10946731245, 0.824158376634, 1.00000068361, 1.00000011235, 1.10676643756, 5.29326435875, 0.963785835378, 1.00000096564, 79.2440367159, 0.843063676854, 1.052602909, 1.0467097373, 3.29000085196, 1.00000066502, 24.0072078522, 3524.67382522
4.91911508731, 1.04161191922, 1.36337243371, 0.876026140185, 2.83000004613, 1.13837628921, 3.01044887736, 1.26000004898, 1.14000033538, 3.36577342638, 2.44226255792, 1.09927364864, 3.04000083982, 1.09192836377, 0.822401572066, 1.00000090325, 1.00000015501, 1.06292351475, 9.69540767789, 0.959684866441, 1.00000020972, 96.4171459428, 0.872118318717, 2.53928264124, 1.01560744105, 3.29000057947, 1.00000051304, 31.7918755473, 26407.2732353
2.09142323462, 1.11485031273, 1.36369366964, 0.842383937263, 2.83000004245, 1.13155985151, 1.2517897787, 1.26000063716, 1.14000093685, 3.23427824932, 2.35314509686, 1.04429164763, 3.04000009879, 1.10091105649, 0.930129730535, 1.00000032135, 1.00000050511, 1.05793390659, 9.36728990921, 0.964139454822, 1.00000074091, 117.242173896, 0.899782969077, 3.97306818627, 0.978541485684, 3.29000068484, 1.00000082445, 20.9380944138, 665.0227526
3.62762325113, 1.07252449339, 1.45126743787, 0.882887014634, 2.83000029976, 1.03888593033, 1.17633086124, 1.26000069345, 1.14000075154, 3.61701199793, 1.56395402748, 0.962926676946, 3.04000069909, 1.06930243391, 0.822183648515, 1.00000091777, 1.00000024426, 1.06906568242, 6.40360139173, 0.971774937932, 1.00000097849, 109.519563152, 1.07428257327, 1.06161883364, 1.02089946457, 3.29000066762, 1.00000035541, 56.6276028322, 10046.9765132
4.72012229733, 1.11981390785, 1.37504257702, 0.936342020541, 2.83000098181, 1.07169096839, 2.1284149825, 1.26000028902, 1.14000006285, 2.9827889952, 1.85280302488, 0.901691955725, 3.04000042627, 1.0824268987, 0.832558664729, 1.00000090559, 1.00000080614, 1.08495340286, 7.89474727229, 0.994850244245, 1.00000098827, 113.26914145, 0.873941231069, 5.77837232707, 0.991083796838, 3.29000085715, 1.00000063648, 15.8595830081, 2405.784952
4.72553330544, 1.048368098, 1.4512800117, 0.806683291641, 2.83000020151, 1.14579494692, 3.08058544596, 1.26000010744, 1.14000082706, 3.37112543362, 1.68595722542, 0.924019522064, 3.04000052233, 1.08919486652, 0.780368388609, 1.00000025788, 1.00000066622, 1.05027426555, 5.40926984888, 0.939442331707, 1.00000030606, 98.6253160521, 1.00646696233, 2.09187010037, 1.04706798512, 3.29000054058, 1.00000081008, 27.7511018447, 5405.35462442
2.18161291464, 1.0178267173, 1.39586688804, 0.80394082358, 2.83000088952, 1.16420119149, 2.90363278873, 1.26000096722, 1.14000004922, 3.57097522169, 2.22591845987, 0.937294641745, 3.04000054038, 1.08258789061, 0.960838769094, 1.00000050415, 1.00000061329, 1.06098851945, 5.47353369971, 0.964476974162, 1.00000086129, 113.48275525, 0.966998367729, 3.61602164709, 0.967024627936, 3.29000078762, 1.00000081497, 25.057462761, 3652.32604917
1.93866466785, 1.12431234256, 1.52418175097, 0.820046630654, 2.83000025148, 1.08944031941, 3.73191492062, 1.26000018569, 1.1400007846, 3.50079461137, 1.85950461724, 0.923849359246, 3.04000018483, 1.08185822339, 0.9329774737, 1.00000093606, 1.00000016983, 1.08631854751, 7.02457636018, 0.982900940365, 1.00000024331, 110.391384854, 0.872848579139, 1.18671217383, 1.01172583441, 3.29000083219, 1.00000013234, 24.3163712355, 2015.29714701
2.78029910376, 1.0415531751, 1.45282403137, 0.818902609818, 2.83000057336, 1.11394681046, 2.04967591956, 1.2600008345, 1.14000016904, 2.48598761924, 2.44286597124, 0.94742788074, 3.04000091286, 1.08955477675, 0.910496986403, 1.00000097981, 1.00000077035, 1.08990390777, 9.12276818389, 0.973308594925, 1.00000003979, 90.9873579978, 0.867798194734, 1.75011333189, 1.04382720232, 3.29000054784, 1.00000090091, 33.1909499902, 32644.769337
2.22802838182, 1.04980287946, 1.61053031095, 0.896113202559, 2.83000036698, 1.10379554941, 1.48716646163, 1.26000098369, 1.14000026939, 3.43462046717, 2.37865311561, 0.982805171855, 3.04000035397, 1.11570398391, 0.856531810469, 1.00000074634, 1.00000079406, 1.03365853359, 9.73540351874, 0.996704111282, 1.00000079893, 117.105578289, 0.870245126133, 1.3352142491, 1.03238401094, 3.29000036993, 1.00000060619, 36.8824151384, 4739.38002264
1.10842233299, 1.0512056028, 1.47217970324, 0.804192027777, 2.83000076328, 1.18735812202, 1.59313638726, 1.26000030344, 1.14000048311, 3.42008886166, 2.96288761562, 0.945940082338, 3.04000085116, 1.11079200808, 0.804527819817, 1.00000075318, 1.00000027998, 1.06216323767, 8.44375288376, 0.989928018033, 1.00000099221, 115.368130997, 0.869757888413, 1.64163545044, 1.04469019372, 3.29000039811, 1.000000061, 34.4874732241, 60176.1560318
1.52899350082, 1.0343027675, 1.39108442357, 0.810592095849, 2.83000037933, 1.17698718684, 1.15654346817, 1.26000065318, 1.14000076104, 2.57283523517, 2.13050577042, 0.926304491959, 3.04000072167, 1.06331751221, 0.914573599518, 1.00000057353, 1.00000079494, 1.01172200012, 8.85554392252, 0.990053034616, 1.00000086149, 122.620619416, 1.00982172017, 3.81677416712, 0.951757240511, 3.29000071428, 1.00000090478, 33.6666845243, 65951.6112566
4.04912277726, 1.04069565105, 1.64225880136, 0.812218272009, 2.8300003962, 1.14439057718, 1.6952130453, 1.26000077148, 1.14000096295, 3.51663752311, 2.48644878742, 1.04154055942, 3.04000097424, 1.10968919096, 0.816537634782, 1.00000020832, 1.0000008192, 1.03788123916, 9.94792895643, 0.999728399927, 1.00000023603, 86.6788243929, 0.849246189023, 3.082612188, 1.01695038901, 3.29000072028, 1.00000038277, 35.214814564, 6970.09284441
3.2635803829, 1.03626784634, 1.35834962263, 0.857337621311, 2.83000089061, 1.08284136102, 3.12243484701, 1.26000052755, 1.1400002605, 3.16774007919, 2.91318367351, 0.917464346592, 3.0400005875, 1.1105588741, 0.883112869415, 1.00000050213, 1.00000045974, 1.0874476788, 7.06454620219, 0.993926410533, 1.0000001387, 81.7274161437, 0.952046376594, 1.40095647159, 1.03748406616, 3.29000091005, 1.0000002185, 48.9987661971, 2984.01092432
1.05407062564, 1.07054657944, 1.45331491138, 0.815637999516, 2.83000043694, 1.0967191539, 3.46949505123, 1.26000082393, 1.14000079932, 3.55599011908, 2.97006962213, 0.944123635969, 3.04000069536, 1.09918310636, 0.790423256125, 1.00000008458, 1.00000091241, 1.02109184395, 9.86133091895, 0.960536815035, 1.00000085987, 100.990770844, 0.909174166634, 1.20449969227, 0.972082608727, 3.29000085144, 1.0000004943, 68.2713938463, 34147.0756262
3.45219290538, 1.00797350602, 1.3874617645, 0.815417954456, 2.83000099326, 1.16693304881, 2.90126431326, 1.26000032364, 1.14000050377, 3.33559848248, 2.38738315943, 0.943172069788, 3.04000027686, 1.08065745596, 1.00674695341, 1.00000015295, 1.00000084871, 1.04262976256, 9.64285997259, 0.997675472964, 1.00000065881, 114.446546084, 0.969827268733, 2.61226395884, 1.03244292529, 3.29000095428, 1.00000018071, 34.5263954975, 22468.6362219
4.72841614886, 1.01188985394, 1.41919668795, 0.84758071297, 2.83000044627, 1.0295239614, 1.02267061249, 1.26000004097, 1.14000024764, 3.56608224405, 2.09230964384, 0.921563255821, 3.04000085747, 1.0208748599, 0.78890336802, 1.00000075272, 1.00000091036, 1.07927848713, 6.53892337387, 0.956493070846, 1.000000679, 88.2055397481, 0.918263626221, 3.58444472197, 1.06516496996, 3.29000070331, 1.00000092728, 21.3398896419, 6945.75610598
2.22208505869, 1.09469905134, 1.367036206, 0.815841536436, 2.83000091792, 1.11820475515, 1.35144303411, 1.26000007441, 1.14000058404, 3.4150426597, 2.9908913561, 1.00726690568, 3.04000038976, 1.09317949639, 0.851747832892, 1.00000078043, 1.0000003623, 1.10612144076, 9.74006439945, 0.960415288656, 1.00000037634, 80.2910193287, 0.893261394823, 3.30406727475, 1.04415429253, 3.2900003735, 1.00000040746, 39.2123520919, 4079.06163895
1.1708029432, 1.05027644398, 1.44992393055, 0.830277957955, 2.83000049066, 1.06249880588, 1.05914757794, 1.26000070086, 1.14000007411, 3.69714503793, 1.63305898886, 0.97924603586, 3.0400001458, 1.07206717048, 0.849513484368, 1.0000000654, 1.00000087274, 1.07897731711, 5.59965178236, 0.925821780904, 1.00000007763, 120.647055323, 0.841721148409, 2.68035965211, 1.06542924307, 3.2900000175, 1.00000095585, 58.0496503674, 33756.8061305
2.52496219468, 1.08699074049, 1.3812735143, 0.890040407132, 2.83000079987, 1.16785136802, 2.42566897432, 1.26000095038, 1.14000076926, 3.04743276612, 2.12074167065, 1.00549000991, 3.04000047261, 1.07916030272, 0.924659728401, 1.00000032802, 1.00000042861, 1.08934630034, 8.99159911961, 0.966356427179, 1.00000043059, 93.2298862234, 0.892804845406, 5.22829887675, 1.02344199175, 3.2900008182, 1.00000052889, 43.6378160762, 15049.1695902
2.0580357752, 1.12744248099, 1.48409040843, 0.834311382694, 2.83000087873, 1.13890191618, 3.79604496443, 1.26000064876, 1.14000016278, 3.6526530997, 2.0177845739, 0.905584557182, 3.04000035511, 1.11366099471, 0.972137527858, 1.00000081008, 1.00000019725, 1.10421847533, 9.04704560411, 0.936818038009, 1.00000074908, 78.4960376879, 0.957574157616, 1.7279303783, 1.06137917272, 3.29000042381, 1.00000085849, 35.6230754802, 5735.16672064
3.00720982797, 1.07445890746, 1.39351637608, 0.871456761712, 2.8300001692, 1.18814599767, 3.21011087585, 1.26000026262, 1.14000019397, 3.05953067371, 1.65686080913, 0.901725820834, 3.04000079522, 1.10827782182, 0.780062030682, 1.00000051098, 1.00000018202, 1.06831041649, 4.30107964149, 0.996355873719, 1.00000085075, 75.6945848659, 0.845494270606, 3.85076629987, 0.953370878398, 3.29000084495, 1.00000094906, 36.8534758513, 20181.9088836
3.31458882021, 1.08077775801, 1.44275097285, 0.800035776134, 2.83000099322, 1.05406647978, 2.04921657818, 1.26000071201, 1.14000016695, 3.64680313177, 2.39322235366, 1.09707986813, 3.04000092191, 1.10661533626, 0.824001600029, 1.00000011908, 1.00000033261, 1.06168839713, 8.86927854756, 0.995068915953, 1.00000096374, 75.6522015852, 0.877035553749, 2.49101331331, 1.0343141522, 3.29000090276, 1.00000084955, 35.1895322336, 16052.8336704
1.77937672311, 1.06982826093, 1.49660202271, 0.826821909462, 2.83000057571, 1.15252731138, 1.88897920256, 1.26000001788, 1.14000031659, 2.74137504544, 1.74581536053, 0.911626237782, 3.04000084673, 1.02170471484, 0.833987728743, 1.00000098925, 1.00000045039, 1.07069068369, 9.14829706327, 0.963685840099, 1.00000028662, 88.0249385217, 0.854391627501, 4.36257613806, 1.02994616888, 3.29000062705, 1.00000016878, 28.6905478488, 4990.68404497
1.78634241131, 1.01728542979, 1.4816605984, 0.893286147748, 2.83000098963, 1.11349735307, 3.90291544474, 1.26000024149, 1.14000037493, 3.10783264491, 2.18967579862, 1.00539833587, 3.04000022369, 1.06760324563, 0.791349793556, 1.00000018485, 1.00000084304, 1.10752954861, 9.95643538502, 0.973256415978, 1.00000063339, 76.3448417986, 0.941842182588, 1.50426343404, 1.06960459262, 3.29000089894, 1.00000095292, 16.6690581329, 6634.20857743
2.40213456623, 1.07387117037, 1.3522994162, 0.903484569679, 2.83000090258, 1.18977291882, 3.75677513867, 1.26000025326, 1.14000019661, 3.60103791845, 1.56590668256, 1.05109270855, 3.04000001637, 1.10272422378, 0.821811603849, 1.00000062938, 1.00000044815, 1.10435319844, 8.59746055919, 0.978044884052, 1.00000071161, 94.3676488222, 0.909200774861, 1.84647975703, 0.991082077549, 3.29000000966, 1.00000085498, 42.4000109455, 29944.6663454
1.68387775203, 1.01589859415, 1.4985269005, 0.806136055848, 2.83000037762, 1.03410827392, 1.73058108333, 1.26000027231, 1.1400004287, 3.3981032187, 1.58254364775, 0.95706554922, 3.04000046592, 1.07026243573, 0.892944637472, 1.00000040402, 1.0000004735, 1.01016761034, 9.52761444246, 0.995485637455, 1.0000009195, 96.1845581117, 0.888062215155, 2.26462037755, 1.00036727179, 3.29000097505, 1.00000037296, 23.5842551544, 5188.47422946
1.30771967381, 1.01330944715, 1.35119771326, 0.822861660811, 2.83000084248, 1.15701459186, 2.07162154154, 1.26000069832, 1.14000043311, 3.48052375439, 1.71725799215, 0.931904660361, 3.04000038371, 1.1069850933, 0.838642907114, 1.00000062309, 1.00000001741, 1.02892903918, 6.98468965662, 0.985881566295, 1.00000060152, 77.0319483357, 0.848793399003, 3.52539714943, 1.02789169244, 3.29000015482, 1.00000058799, 9.45734023281, 149.841442364
1.42602979219, 1.01055560771, 1.70628879256, 0.88077884173, 2.83000096712, 1.0412131979, 2.29072695016, 1.26000098301, 1.14000083674, 1.78993668278, 1.67610535138, 0.936515582209, 3.04000083018, 1.07574393547, 0.808602589373, 1.0000001832, 1.00000004319, 1.10032134227, 8.77867345274, 0.998785215571, 1.00000081615, 119.467114206, 0.959402789003, 1.41368349038, 0.954940972062, 3.29000029549, 1.0000006986, 33.1099402854, 4488.24767397
1.81246990371, 1.00043189467, 1.60694195712, 0.914222920944, 2.83000019616, 1.06453076428, 2.00690016718, 1.26000075849, 1.14000086383, 3.0254834377, 1.65553535155, 0.891423454111, 3.04000077525, 1.06294548585, 0.877304817026, 1.00000039406, 1.00000009751, 1.02986479042, 7.31703022719, 0.99014798228, 1.00000090342, 90.4449360048, 0.927603678046, 1.48647555945, 0.980950922603, 3.29000035607, 1.00000091248, 22.1867767281, 24539.3930018
3.34149694635, 1.07265663184, 1.56366952163, 0.801480310113, 2.83000065584, 0.879619129882, 2.17878092775, 1.26000038046, 1.14000045977, 3.47590542922, 2.43901351984, 0.938521582721, 3.04000016376, 1.1066619896, 0.876733687435, 1.00000012728, 1.00000035181, 1.07773268412, 5.96167244546, 0.985699155026, 1.00000024671, 120.455560646, 0.923564825024, 1.14502288178, 0.957202114414, 3.29000048008, 1.00000062218, 32.6612840719, 38239.2195949
2.17068590468, 1.05885841784, 1.58009465632, 0.816107963266, 2.83000052817, 0.890255222887, 1.13381315235, 1.26000072594, 1.14000092003, 2.91627968051, 1.56998770718, 0.883155292907, 3.04000012927, 1.00886841917, 0.866381429897, 1.00000027125, 1.00000044884, 1.08502422133, 8.47612054512, 0.976989530414, 1.00000037434, 103.85774844, 0.913876120507, 1.94606402926, 1.00296591638, 3.29000080239, 1.00000039813, 21.7897417277, 16412.7442137
4.09945571407, 1.0828259607, 1.55777864389, 0.810423839314, 2.83000022201, 1.11952745705, 1.03802816644, 1.26000087542, 1.14000042462, 2.25307968586, 1.67021236734, 0.954995017392, 3.04000036692, 1.04906658646, 0.813945056346, 1.00000012472, 1.00000084572, 1.10634819564, 8.42031077274, 0.916434270469, 1.00000023709, 119.469167563, 1.00787848586, 1.74771949414, 1.01456917477, 3.29000056004, 1.00000078674, 28.2438645832, 50218.6094886
2.76193130695, 1.00401582064, 1.61413589352, 0.878305353831, 2.83000077605, 0.867758261077, 1.05704645632, 1.26000025112, 1.14000045595, 3.64092916398, 1.89549786229, 0.990330447481, 3.04000052272, 1.10947944659, 0.882678877031, 1.00000097745, 1.00000025908, 1.10930403991, 6.7578380795, 0.936263464513, 1.00000050255, 91.0732238923, 0.912952030574, 3.30523190473, 0.991259271923, 3.29000053882, 1.00000041457, 32.0319703993, 24106.7348431
2.68264702345, 1.00790127791, 1.54282455101, 0.848659040939, 2.8300009657, 1.14362961206, 1.04020463307, 1.26000037523, 1.14000080104, 3.53597337373, 1.59191503649, 1.09890315578, 3.04000075442, 1.02667932023, 1.04311223489, 1.00000026762, 1.00000044488, 1.09701216247, 9.32902515518, 0.946631252486, 1.00000024745, 86.6317754264, 1.08112807788, 1.69485033419, 0.975718012567, 3.29000065986, 1.00000055176, 37.857265001, 8325.11742824
2.79465677653, 1.00999720362, 1.61011356645, 0.814506525948, 2.83000079138, 0.875852264404, 2.5724013114, 1.26000043584, 1.14000096324, 3.172650454, 2.15875764214, 1.01384948601, 3.04000001096, 1.06894257898, 0.935324695176, 1.00000043801, 1.00000019498, 1.0896992049, 8.27804626232, 0.992453258229, 1.00000061599, 115.988306995, 0.871063658954, 2.39442203483, 0.994255432726, 3.29000056266, 1.00000028946, 38.5557414567, 46972.9999307
4.32017781526, 1.06054250803, 1.60928281215, 0.904146062358, 2.8300009675, 0.971308060189, 2.16881446924, 1.26000078508, 1.14000087147, 3.18678003347, 1.71586456603, 0.92268061524, 3.04000072629, 1.00280102582, 0.837646366854, 1.0000008872, 1.00000061508, 1.10825546633, 6.8342290278, 0.926222386109, 1.00000021091, 99.2526444794, 0.983887555254, 1.93357648756, 0.957196088086, 3.29000099218, 1.00000012798, 21.9378374062, 10687.9970794
5.0464006406, 1.014657659, 1.64447704913, 0.969195323595, 2.83000012522, 0.908342477222, 5.7807362644, 1.2600009492, 1.14000093843, 3.29604377271, 1.5773914262, 0.944311087979, 3.040000933, 1.00428686542, 0.825785499452, 1.00000064653, 1.00000099562, 1.10457962749, 8.2886247736, 0.984412488677, 1.00000066744, 114.177009202, 0.955969068099, 1.00528861711, 0.975757656156, 3.29000064592, 1.00000074858, 30.1698934431, 8569.97945669
2.36576574348, 1.07866430651, 1.49928576056, 0.850143626342, 2.83000046517, 0.98948341005, 2.10407635035, 1.26000090279, 1.14000041587, 3.54232759399, 1.89105361964, 1.01236094925, 3.04000022671, 1.05566316166, 0.951203097528, 1.0000005016, 1.00000032306, 1.08992795407, 6.33102847838, 0.988712943692, 1.0000005161, 124.569070109, 0.986763200267, 2.79812588664, 0.952447630771, 3.29000090859, 1.00000044591, 48.4083004335, 12373.2718787
1.37822004938, 1.04143583649, 1.62469002085, 0.835591677535, 2.83000087234, 1.04899458503, 1.68024885275, 1.26000043644, 1.14000028137, 3.29602835753, 1.56700566415, 0.998265628818, 3.04000013377, 1.06140826952, 0.953294157338, 1.00000088022, 1.00000006992, 1.02855183281, 7.62876046817, 0.990992355522, 1.00000096988, 113.009205392, 0.840904219905, 3.56974364063, 0.971049911571, 3.29000084006, 1.00000004575, 16.2566732981, 3273.88325404
4.15102139514, 1.05743107639, 1.57530283032, 0.805131647094, 2.83000015134, 1.03158367284, 1.70663567865, 1.26000068569, 1.14000092889, 3.67836852215, 1.86971177733, 0.945456060826, 3.0400008475, 1.00547474702, 0.804168346524, 1.0000005102, 1.00000070774, 1.09229905106, 5.733270924, 0.925199117458, 1.00000042301, 119.287646879, 1.04431606155, 2.45774221035, 0.966296908333, 3.29000021002, 1.00000039064, 40.2742620998, 3009.0984771
3.70998621115, 1.13268679732, 1.57281927771, 0.837871316491, 2.8300007622, 0.856967554116, 1.96600973978, 1.26000063472, 1.14000032296, 3.69646525031, 1.63817600217, 0.983476849839, 3.04000081624, 1.095397185, 0.80092393933, 1.0000007374, 1.00000069333, 1.09699385838, 8.6264442096, 0.996307841538, 1.00000012811, 97.7162065585, 0.974330537308, 3.58338293533, 1.02435643999, 3.29000028154, 1.00000019622, 22.8650894521, 3615.77419236
4.48613937786, 1.00809177391, 1.72552223225, 0.842187273074, 2.83000083805, 1.02779324275, 5.57643087183, 1.2600004741, 1.14000006193, 3.47561868117, 1.67814290458, 0.940309648623, 3.04000061137, 1.05905419496, 1.00460740054, 1.00000093998, 1.00000092911, 1.10817011727, 5.19113947249, 0.99817225227, 1.00000046363, 123.108326487, 1.0107478386, 3.07239945815, 0.952835857854, 3.29000071491, 1.00000063681, 44.4181115449, 15925.1523554
1.62927350549, 1.00770347022, 1.50334677462, 0.841386687821, 2.83000045358, 1.14513789549, 3.33653277135, 1.26000068939, 1.14000028744, 1.69109624318, 2.03064080707, 0.882730434797, 3.0400006713, 1.00738011885, 0.859631046193, 1.00000044981, 1.00000019853, 1.04039180637, 9.99393580846, 0.953965247718, 1.00000056762, 112.782862427, 0.95362962362, 2.66305095073, 0.989147653503, 3.29000096542, 1.00000011392, 46.8798974507, 13930.9536082
1.40968414453, 1.00668088464, 1.38195750417, 0.942551881198, 2.8300005981, 0.94740977799, 1.65531008166, 1.26000028681, 1.14000027139, 3.5704503879, 1.81965004587, 0.920592752993, 3.04000020903, 1.08516812522, 0.86579825577, 1.00000041885, 1.00000042912, 1.05248473842, 9.66610848537, 0.986018721665, 1.00000077122, 102.927270521, 0.870151207977, 3.2121209397, 0.960052596823, 3.29000046374, 1.00000016535, 18.2076359297, 1550.62487186
2.68833564053, 1.02519265141, 1.59882872564, 0.826609846037, 2.83000039122, 0.995258794023, 1.03240804764, 1.26000027361, 1.14000006796, 3.38104258727, 1.68274806448, 1.06331870013, 3.04000081841, 1.05723199127, 0.918043821773, 1.00000023866, 1.00000038, 1.10410309556, 7.44248888721, 0.919878735444, 1.00000057291, 119.850122465, 0.854739017478, 3.42029064088, 1.04462816924, 3.29000049847, 1.00000090573, 8.91360399727, 129.303786367
2.77982829615, 1.01400807673, 1.42755207779, 0.880351323098, 2.83000038966, 1.08540440718, 1.1798747673, 1.26000085233, 1.1400002307, 2.88008513778, 2.38840209731, 0.945236248676, 3.04000085068, 1.04023501784, 0.872401571666, 1.00000041871, 1.00000057551, 1.07833677097, 6.34071526388, 0.931568873169, 1.00000032376, 114.020943693, 0.945974386449, 1.72795978606, 0.98591844635, 3.29000075794, 1.00000057253, 38.7263743878, 8854.65764314
5.56917978101, 1.01793172528, 1.4814576187, 0.997085025151, 2.8300003594, 0.941599777256, 2.35367585912, 1.26000079671, 1.14000052842, 3.09648308228, 2.2006502427, 0.888373458496, 3.04000029115, 1.10288000235, 0.832602881987, 1.00000074826, 1.00000077579, 1.08569390696, 8.71687453698, 0.994517891412, 1.00000004371, 120.923970722, 1.03641358002, 2.58362713932, 0.963264118661, 3.29000066419, 1.00000006326, 28.3992365275, 12797.6845877
3.96136396631, 1.01644708148, 1.50350013107, 0.893439579941, 2.83000060252, 0.925191686934, 3.97339033161, 1.26000087497, 1.14000073479, 3.36895695517, 1.81881210622, 1.06890490651, 3.04000089013, 1.11237248528, 1.05477132311, 1.00000010094, 1.00000084869, 1.10767281085, 9.25131067004, 0.986871178887, 1.00000073594, 108.003548904, 0.919343770287, 2.10989230288, 1.0245769181, 3.29000008912, 1.0000003715, 44.6051757499, 45044.6128511
5.33212895696, 1.02303252786, 1.55075168592, 0.801449969496, 2.83000060033, 0.944091429169, 2.20041803562, 1.26000053059, 1.14000030136, 3.66030070845, 2.4697528363, 0.985712351039, 3.04000089731, 1.04128707594, 1.07713407222, 1.00000083174, 1.00000071438, 1.10213381496, 7.85753560664, 0.971314683848, 1.00000067042, 123.455202496, 1.05121267788, 1.3841481303, 0.965529441375, 3.29000051457, 1.00000016323, 65.7376143394, 16510.9259168
4.65906688474, 1.0614855177, 1.53176490349, 0.807053115512, 2.83000076104, 0.982597667245, 1.71592201815, 1.26000032122, 1.14000036069, 2.65469707792, 1.77125720846, 1.03874231958, 3.04000090682, 1.00003768795, 0.905240323253, 1.0000006576, 1.00000094969, 1.09241114535, 8.32490044453, 0.99225614096, 1.00000083944, 113.383523027, 0.997091552743, 4.12923755766, 1.00470725248, 3.29000073229, 1.0000004043, 8.9902599708, 223.152573466
2.20364755058, 1.09469999087, 1.35438812952, 0.963361622959, 2.83000010757, 1.07579284085, 2.57415341684, 1.26000066531, 1.14000020129, 3.6406587888, 1.70802525791, 0.883809788833, 3.04000007659, 1.00827319002, 0.848804564256, 1.00000085203, 1.00000038485, 1.04489735724, 8.71312913632, 0.965082611998, 1.00000039506, 118.597435146, 0.911824691027, 1.32546571112, 0.954554760987, 3.29000001289, 1.00000065766, 34.928848712, 7170.68889771
1.78909648645, 1.10841194969, 1.39065651758, 0.8702063581, 2.83000040856, 1.11176935152, 1.40176577928, 1.26000093292, 1.14000081475, 3.02210925872, 1.66876611644, 0.92671440506, 3.04000090337, 1.0154018475, 0.900149398946, 1.0000008534, 1.00000014655, 1.09342694825, 7.68987881985, 0.978791068533, 1.00000071405, 80.4362639632, 0.962238285357, 2.95839898545, 1.00623993436, 3.29000036934, 1.0000002874, 18.9993134285, 2654.79634346
5.85651979513, 1.05761264253, 1.50469332531, 0.815744566448, 2.8300006848, 0.932673316002, 1.23937000961, 1.2600005527, 1.14000066892, 3.63754213324, 1.87766510724, 1.08210972573, 3.04000061794, 1.00729939643, 0.884557909599, 1.00000059472, 1.00000020027, 1.06844145616, 5.45694070388, 0.955675569142, 1.00000013934, 110.906495408, 0.988393671198, 1.02065672141, 1.04064828495, 3.29000038963, 1.000000913, 37.6841867545, 11442.847877
2.17768352076, 1.00316172321, 1.34891636283, 0.815560631101, 2.83000056083, 1.12358488941, 1.60906212663, 1.26000098763, 1.14000009869, 1.29109614427, 1.60312515371, 0.98906011179, 3.04000042609, 1.03584705697, 1.0376640625, 1.00000076077, 1.00000094232, 1.06480062176, 6.90124612576, 0.970538176881, 1.00000013648, 114.553285265, 0.867992681836, 1.71361455596, 1.05123390893, 3.29000057518, 1.00000053087, 41.3051429271, 12986.1050165
5.34790996169, 1.0060065746, 1.36848348845, 0.845938207219, 2.83000092262, 1.02410584125, 4.10256177384, 1.26000088465, 1.14000099519, 3.68970515245, 1.7907487131, 0.940735671375, 3.04000081413, 1.00523667341, 0.816914358266, 1.00000055268, 1.00000093174, 1.10194628057, 4.18424490468, 0.999908352322, 1.00000012248, 101.206132065, 1.03729772059, 1.66497316492, 1.00669350542, 3.29000025677, 1.00000011239, 25.8051347412, 7959.82631833
5.63028889012, 1.07496677806, 1.41658440175, 0.929551731739, 2.83000035441, 0.875542332669, 1.83910783529, 1.26000061042, 1.14000045603, 3.54343109343, 1.94687732554, 0.997794847352, 3.04000090266, 1.01760132657, 0.79924699615, 1.00000014958, 1.00000023401, 1.07998802096, 8.37060992594, 0.994076451741, 1.0000001227, 114.775668722, 0.860316672475, 2.06087750294, 1.00752031721, 3.29000003001, 1.00000058109, 40.1178720674, 7083.11398777
5.44420392198, 1.13878266327, 1.42629859666, 0.810028525865, 2.83000042876, 0.973736798375, 1.47266948463, 1.26000083799, 1.14000071782, 2.75679429013, 1.8861693304, 0.955864545211, 3.04000085211, 1.04473940103, 1.06779485934, 1.00000075365, 1.00000087807, 1.06621583361, 9.96841777345, 0.995557198541, 1.00000098731, 124.599293909, 0.977192469516, 2.57087423538, 0.981981268042, 3.2900004946, 1.00000014221, 27.315355054, 6669.95744808
3.23223531329, 1.04042053834, 1.40046358449, 0.863579856055, 2.83000035512, 1.0036762268, 2.05972490647, 1.26000021298, 1.14000021791, 3.57279160056, 1.68356110441, 0.911640806212, 3.04000032071, 1.07125718771, 1.07926306172, 1.00000041925, 1.00000031634, 1.04912074606, 9.78768836092, 0.948736320157, 1.00000003555, 90.0315355649, 0.965485035219, 1.74380947846, 0.996702527734, 3.29000057785, 1.00000015836, 19.5855589259, 4281.74154975
5.12363039974, 1.09507288565, 1.73311929948, 0.954813157886, 2.8300007652, 1.1562379349, 2.11256657791, 1.26000053898, 1.14000077669, 3.49766947463, 2.26675313554, 0.972885812538, 3.04000062498, 1.01254477905, 0.892431284005, 1.0000000515, 1.00000031429, 1.08229116892, 9.50996993164, 0.932818013732, 1.00000021851, 112.790931647, 0.86659577017, 1.68736642891, 1.03325126423, 3.29000038743, 1.00000073458, 14.4225943865, 2649.33674987
2.07461561893, 1.03143293739, 1.42040043985, 0.8972762632, 2.83000047423, 1.13004999491, 3.62692968591, 1.26000033442, 1.14000075026, 3.25209745431, 2.35413672994, 0.938335834515, 3.04000058063, 1.01823628079, 1.02394074339, 1.00000050029, 1.0000000606, 1.04164713458, 9.69113781091, 0.948388880956, 1.00000081775, 112.554068535, 0.900419012545, 2.36247047651, 0.960533365142, 3.29000095769, 1.00000060775, 23.7153812488, 985.755979083
4.29306393117, 1.03866051697, 1.41377163512, 0.867367060828, 2.83000064182, 1.11247666517, 4.4064857712, 1.2600005138, 1.14000032709, 3.3234095774, 2.20466363868, 0.972490694388, 3.04000075573, 1.02231606788, 1.04944134512, 1.00000032264, 1.00000086548, 1.10744887257, 9.88779023794, 0.969607239585, 1.00000016428, 99.0013872888, 1.00846696844, 1.52154552362, 0.979034115129, 3.29000072674, 1.00000084744, 41.3953466532, 12555.0781566
3.06863263618, 1.05055877523, 1.37164497322, 0.857159105045, 2.83000015421, 1.10897954675, 5.21029915285, 1.2600000893, 1.14000045085, 3.58203136059, 2.18618773632, 0.92426424575, 3.04000048527, 1.0010668671, 0.880703931438, 1.0000009766, 1.00000076535, 1.07962875999, 6.03575882335, 0.976587385787, 1.00000071289, 97.5430985519, 0.904804396133, 1.16305035218, 0.98688221028, 3.29000076142, 1.00000057705, 24.4282548961, 2540.69995871
4.3364927884, 1.11468411667, 1.43810117143, 0.810360259384, 2.83000094598, 0.880831573146, 1.98276364162, 1.26000040537, 1.14000002918, 3.51944306205, 1.6414286066, 0.909450903062, 3.04000006169, 1.0383142885, 1.05638662728, 1.00000018675, 1.00000035727, 1.05457993067, 9.49338952732, 0.95241161119, 1.00000098681, 95.5687771013, 0.864767279108, 4.34445496632, 0.959735735263, 3.29000081921, 1.00000028852, 31.0727364578, 6941.54377668
3.6700730635, 1.10972372674, 1.52429588072, 0.950996736635, 2.8300004604, 1.06170479971, 1.66946463151, 1.26000037137, 1.14000021744, 3.39342963392, 1.58671124582, 0.895585609441, 3.04000045577, 1.07445554536, 0.95499604552, 1.00000090975, 1.00000062099, 1.0919479113, 9.62932742215, 0.923897904962, 1.00000038202, 110.691700964, 0.848220711825, 5.09980315418, 0.988407187112, 3.29000065418, 1.00000047411, 43.3172737582, 6195.98214794
2.2666366049, 1.02299641103, 1.499498572, 0.868933917202, 2.83000094084, 1.02916604555, 1.12102785349, 1.26000070948, 1.14000003716, 3.47532896841, 1.92682140279, 0.902326866403, 3.04000059811, 1.02587610634, 1.03084869478, 1.00000071245, 1.00000056737, 1.10777759037, 7.24202505472, 0.945500346903, 1.00000042323, 110.724011161, 0.937870471306, 3.21725471083, 1.05653802575, 3.29000060501, 1.00000002475, 19.9699804456, 799.722492694
4.97452759857, 1.016267482, 1.66662416484, 0.815378866713, 2.83000015412, 1.18766621262, 1.74225068307, 1.26000030919, 1.14000034235, 3.3116643349, 2.70957521876, 0.981682275564, 3.04000001982, 1.03651589496, 1.02853654383, 1.00000096002, 1.00000015277, 1.10173469004, 5.83019697736, 0.991501803893, 1.00000025658, 103.481740922, 0.913115362868, 1.10387744734, 1.04331844434, 3.29000000396, 1.00000025145, 37.2381943543, 3000.02279586
4.44508873994, 1.07639994601, 1.43783454449, 0.816779911506, 2.8300002897, 1.13069430213, 1.2938645815, 1.26000051697, 1.1400001201, 3.36446264829, 2.38161824828, 0.885188916511, 3.04000038827, 1.01604153103, 0.935962228867, 1.000000342, 1.00000060477, 1.06034005919, 8.8187925618, 0.949578764089, 1.00000020333, 77.085113694, 0.941953399169, 1.6980262986, 1.02419815602, 3.29000005018, 1.00000096005, 41.0343116442, 14962.0641388
5.38401871017, 1.04285721739, 1.36176694991, 0.827297153429, 2.8300009562, 1.06893883244, 1.18248672752, 1.26000063333, 1.14000094014, 3.29425839009, 2.65670406833, 0.903247043928, 3.0400000309, 1.02390009777, 1.03287817505, 1.00000012997, 1.00000000045, 1.08713933254, 3.29498120013, 0.970937095429, 1.00000007166, 108.571298458, 0.860257258958, 1.6433907524, 0.956489724361, 3.29000098579, 1.00000024118, 6.69977473147, 52.922647161
5.65073167153, 1.07648837072, 1.35410884602, 0.924277960754, 2.83000017024, 1.05384194478, 1.55732057258, 1.26000095262, 1.14000087384, 3.56936559142, 1.56292309431, 1.03620335863, 3.04000087053, 1.00939051731, 0.915574081141, 1.00000049328, 1.00000032617, 1.04099706517, 8.3347297808, 0.94933745419, 1.00000049413, 117.157126489, 0.937452092991, 3.47961038422, 1.02936662362, 3.29000036038, 1.00000012516, 18.2863337084, 8431.87952749
4.22561432576, 1.08820112263, 1.40506157986, 0.805344901918, 2.83000059771, 1.08673932903, 1.87644832985, 1.26000026126, 1.14000040758, 3.50890362755, 1.85412034932, 0.898292486277, 3.04000035847, 1.0143387765, 1.00122340979, 1.00000019391, 1.00000037941, 1.05266191144, 9.66804842304, 0.965603905511, 1.00000024738, 110.968812541, 0.956718019938, 3.73788587541, 1.05268300047, 3.29000080444, 1.00000057071, 47.2142357435, 51402.2367091
5.38145677767, 1.0332704507, 1.3518351784, 0.940873448625, 2.83000051054, 1.1806205141, 3.76674633717, 1.26000075535, 1.14000049448, 3.24990881535, 2.2786230342, 0.889853040934, 3.04000042613, 1.01015857086, 1.02108167748, 1.00000054592, 1.00000021578, 1.08909204496, 8.03497458342, 0.996137735653, 1.00000040895, 114.440151664, 0.846376728569, 5.39364447725, 1.03715589316, 3.29000025173, 1.00000007188, 31.5097386932, 6549.40254344
4.95278115683, 1.11690358096, 1.4886623425, 0.913352456675, 2.83000050762, 1.18599804229, 5.03637169206, 1.26000044725, 1.14000042957, 2.86496225834, 1.99728678903, 1.09788871391, 3.04000000874, 1.00600697312, 1.04691785291, 1.00000026653, 1.00000033793, 1.10999624918, 8.69987038523, 0.913322042023, 1.00000044007, 116.454006177, 0.870637089422, 1.44201893021, 0.952579480776, 3.29000021115, 1.00000042372, 18.8902839565, 2017.35166916
5.00519223343, 1.10119357296, 1.60935834562, 0.936540167938, 2.83000023422, 1.09257830074, 3.64475579784, 1.26000029458, 1.14000041257, 2.75547741963, 1.67257256154, 1.06218786246, 3.04000060789, 1.01046472116, 0.931928947727, 1.00000095228, 1.00000091772, 1.09190031039, 8.87856799547, 0.97863391272, 1.0000009389, 104.122422982, 0.849832644475, 1.50827276646, 0.999748105163, 3.2900004516, 1.0000005753, 28.9103822075, 15567.4781136
4.42323843469, 1.01463251017, 1.38313027152, 0.933250295518, 2.83000002714, 1.17653234336, 4.32793659771, 1.26000045641, 1.14000059957, 1.25445282441, 2.4475583488, 1.01034074349, 3.04000042341, 1.06217435222, 0.862070524144, 1.00000074369, 1.00000068662, 1.10849852634, 7.06942570215, 0.917738780965, 1.00000066277, 104.893439551, 0.869068657261, 1.04925258272, 0.954961958735, 3.29000067931, 1.00000045338, 15.4743684044, 4471.2977412
3.17116592183, 1.07024486994, 1.47985826701, 0.850950722925, 2.83000028594, 1.09980903552, 5.36468360345, 1.26000082844, 1.14000002703, 2.30699529405, 1.83935771657, 1.06985483089, 3.04000048029, 1.07620910589, 0.881048358793, 1.00000098923, 1.00000005265, 1.10563861125, 8.55841358557, 0.935029668891, 1.00000091104, 122.750328141, 0.987437522326, 2.55724773507, 0.962446448375, 3.29000048712, 1.00000007377, 50.087715975, 91341.4753638
3.87877554039, 1.08836983148, 1.35772341671, 0.848270126132, 2.83000099226, 1.03208217222, 5.44534450239, 1.26000045, 1.14000051418, 2.09220037622, 1.59945446105, 1.05737458959, 3.04000058921, 1.08650531709, 1.04583939489, 1.00000016542, 1.00000055231, 1.10484300595, 9.60227734787, 0.947736460313, 1.00000093335, 115.708633125, 0.856357121404, 4.13998480073, 0.967867661643, 3.29000061464, 1.00000069425, 22.9411896476, 25954.5284638
4.27622365187, 1.11155075571, 1.47629740537, 0.849896112328, 2.83000085709, 1.12632495438, 3.34757037974, 1.26000018243, 1.14000031766, 3.39858647601, 2.07951049956, 1.02119916096, 3.04000014028, 1.01843230966, 0.91016766971, 1.00000065462, 1.00000021367, 1.10007703172, 6.81320437278, 0.953255757745, 1.00000021536, 90.1700668314, 0.868092596706, 1.58967721848, 0.971922958535, 3.29000080113, 1.00000078732, 42.4441103283, 52319.7918579
5.13229609981, 1.06942580732, 1.49354894905, 0.928216781341, 2.83000007258, 0.920692512346, 5.291987524, 1.26000031854, 1.14000073122, 3.07017867542, 1.66316685698, 0.893132510895, 3.04000018714, 1.01055194045, 0.790393561638, 1.00000058486, 1.00000051121, 1.10836363962, 8.64685091543, 0.915245300469, 1.00000092054, 114.602284102, 0.843217040878, 2.91740061792, 0.954266758223, 3.29000020943, 1.00000094586, 28.0496853105, 4515.62598957
3.46500357294, 1.11425888415, 1.7173243572, 0.824684580356, 2.83000058297, 1.15842496479, 1.7379468034, 1.26000072197, 1.14000083049, 2.33271784734, 2.06738666921, 0.946780861961, 3.04000051966, 1.03285802679, 0.826449220786, 1.00000090647, 1.0000003152, 1.10409520005, 7.45396103613, 0.914920633666, 1.00000097615, 117.58611854, 0.897362878889, 3.21161439754, 1.0094771226, 3.29000010225, 1.00000089244, 64.0909378428, 32620.6413188
5.54509260921, 1.04414349814, 1.43518403075, 0.937589851432, 2.83000002405, 1.11737012607, 2.70746751617, 1.26000008334, 1.14000070243, 3.51398341189, 1.90045383433, 1.08323559501, 3.04000077182, 1.05830520746, 0.957328529948, 1.00000074858, 1.0000001099, 1.09085586753, 8.38160405335, 0.930638434586, 1.00000056994, 111.561358927, 0.897049881816, 1.32000373903, 0.959517860948, 3.29000085037, 1.00000022832, 26.3427860999, 12117.9990966
3.96889538845, 1.08727730562, 1.53916169645, 0.892831172332, 2.83000077918, 1.14847040477, 1.16122041401, 1.26000032022, 1.14000071976, 2.55497425053, 2.56869797532, 1.08007389905, 3.04000024703, 1.02119528913, 0.856187443473, 1.00000068838, 1.00000003252, 1.10596663436, 5.73667442701, 0.970339012517, 1.00000009037, 114.032522233, 0.903392911667, 2.01449640277, 0.955983047224, 3.29000061553, 1.00000039143, 34.3119517042, 9515.90860556
5.00863792718, 1.09437354945, 1.43448132203, 0.818857694863, 2.83000087929, 0.927446979406, 3.90707639691, 1.26000041033, 1.14000010663, 1.87830590728, 1.86575293804, 1.03206157431, 3.0400009265, 1.07560644772, 0.995531785361, 1.00000013289, 1.00000032723, 1.09779886098, 7.88474465456, 0.933955519653, 1.00000015499, 98.3258904261, 0.852744489592, 1.01261800198, 0.959432063306, 3.29000012807, 1.0000001441, 14.5303771391, 453.377658057
1.90210436048, 1.01701054547, 1.69881829616, 0.831337192841, 2.83000056492, 1.12273503809, 1.53527471139, 1.2600007341, 1.14000096467, 2.72149408322, 1.77950933406, 1.08967182734, 3.04000001247, 1.05271106322, 0.910726002275, 1.00000004001, 1.00000023802, 1.07618825388, 9.87447049564, 0.912478720374, 1.00000062481, 110.456649066, 1.03734213598, 2.9052293718, 0.959402577183, 3.29000073349, 1.00000086925, 23.9598234546, 5917.42898211
4.18149738669, 1.07638083114, 1.41820019589, 0.956739409751, 2.83000048717, 1.15501723573, 2.18153779722, 1.26000074226, 1.14000041569, 2.72655535568, 2.1562920328, 0.998771830114, 3.04000063952, 1.05353812524, 0.831133646202, 1.00000061395, 1.00000096143, 1.10416165966, 9.41627496477, 0.951300587684, 1.00000041588, 95.0170296363, 0.861795760715, 1.42688795679, 0.974523374321, 3.29000025084, 1.00000028741, 34.7704245585, 74457.722597
2.91652397071, 1.08872627903, 1.49637706708, 0.824410871085, 2.83000027952, 1.16375950409, 2.28859364517, 1.26000010017, 1.14000068014, 1.78779655759, 1.86619325518, 0.931513874978, 3.04000039851, 1.01986246954, 0.826310336303, 1.00000002906, 1.0000007509, 1.0668557121, 9.75306206168, 0.951081818524, 1.00000071483, 94.1604239528, 0.937784231798, 1.59646447701, 0.962595167386, 3.29000028427, 1.00000051016, 55.9062510675, 23750.2271761
3.29434482212, 1.00587105257, 1.42726556097, 0.950443264548, 2.8300005142, 1.14372344521, 2.63869697697, 1.26000089659, 1.1400007977, 2.30607790892, 2.07243277083, 1.03855788795, 3.04000033817, 1.05623105164, 0.991728796104, 1.00000019468, 1.00000048019, 1.10670536571, 5.66217451876, 0.985814472098, 1.00000055209, 117.729941642, 0.896606120719, 1.40002063515, 0.979363207883, 3.29000082966, 1.00000054984, 28.3001341443, 3798.17520006
4.94118037914, 1.06738513127, 1.43706806744, 0.80594828162, 2.83000038253, 1.17921254275, 4.26010185587, 1.2600006962, 1.14000050891, 1.51183143227, 1.88411006576, 1.05788366543, 3.04000012389, 1.04827566892, 0.826736458786, 1.00000040795, 1.00000017166, 1.06724881567, 7.64592138879, 0.951717319317, 1.0000005158, 80.9105123689, 0.929991481413, 2.60014160266, 0.952512549851, 3.29000083515, 1.00000065361, 32.9014693635, 535.46153584
2.77368498373, 1.04857102903, 1.34926717339, 0.984459640656, 2.8300005898, 1.14768490974, 1.69833281471, 1.26000063646, 1.14000079386, 1.92307183093, 1.82193523711, 1.09204967081, 3.04000056621, 1.0383133051, 0.797919762919, 1.00000099409, 1.00000042612, 1.08815534888, 9.95777040655, 0.921319979306, 1.00000015581, 99.7997452141, 0.84203944683, 3.55059510255, 1.0276774754, 3.29000094058, 1.00000046756, 34.5787152561, 5768.50860134
5.918733175, 1.06177549987, 1.47443357043, 0.951079282391, 2.83000027486, 1.09740111292, 2.37778600381, 1.26000035967, 1.14000099639, 3.04114449424, 1.68397955835, 1.0293461574, 3.04000072916, 1.02724113317, 0.909650888726, 1.00000071461, 1.00000072019, 1.10163656981, 8.24554694397, 0.95680023844, 1.00000091231, 103.26138724, 0.881313492677, 3.2955954023, 0.984371721403, 3.29000082645, 1.00000096498, 55.0781938507, 45876.3384682
3.28205242926, 1.07016062391, 1.55321845407, 0.841085922929, 2.83000034931, 1.10404445512, 3.28001136042, 1.26000082532, 1.14000008603, 2.65113321642, 1.85158773749, 1.08373479343, 3.04000077158, 1.05940625109, 0.893940537319, 1.00000096201, 1.00000015486, 1.07488998952, 9.4634097076, 0.96056973568, 1.00000039119, 107.573463698, 0.935098044427, 2.09586397464, 1.00518163392, 3.29000022444, 1.00000085894, 29.2119253261, 8389.01200362
3.38785312239, 1.10798629435, 1.71268201479, 0.889363777261, 2.83000050157, 1.07349622318, 1.64634585725, 1.26000089749, 1.14000065421, 2.1297991056, 1.67392404178, 1.03990510185, 3.04000060017, 1.10434068674, 0.796619811961, 1.00000032355, 1.00000021678, 1.09904821163, 6.22602788942, 0.937896413068, 1.00000012772, 120.977520514, 0.912802229545, 1.36079576603, 0.985930952813, 3.29000009852, 1.00000007528, 37.2448757072, 5791.07296677
5.50256339087, 1.04225344847, 1.39738851641, 0.831140026853, 2.83000018106, 1.16219996043, 4.35399066614, 1.26000027663, 1.14000042456, 2.57355385673, 1.70485800011, 1.02008458616, 3.04000094971, 1.07583941298, 0.937562963823, 1.0000000347, 1.0000000961, 1.01238620111, 9.86587654338, 0.939149380442, 1.00000096615, 109.182054026, 0.878363622139, 1.0142591337, 1.02188760431, 3.29000000793, 1.00000022527, 38.4098931704, 15274.9724054
5.50714704153, 1.05780292067, 1.36107559764, 0.834330677947, 2.83000001379, 1.17275267131, 4.66978822728, 1.26000055721, 1.14000033444, 2.1028473511, 1.94634617471, 0.89240006778, 3.04000033398, 1.02348453816, 0.851326203854, 1.00000009586, 1.00000093229, 1.08276916309, 9.59401092861, 0.964469787686, 1.00000066018, 102.763562809, 0.852750768835, 2.8341514617, 0.975926216657, 3.29000086776, 1.00000018927, 50.6432256216, 28115.5669096
5.28484542263, 1.00119620588, 1.61908178749, 0.915736107794, 2.83000095987, 1.15017248917, 2.02974384674, 1.26000077387, 1.14000025499, 1.31352923001, 1.74804094492, 0.983258382051, 3.04000004004, 1.03409889336, 0.8829228106, 1.00000077251, 1.00000008414, 1.07074222986, 9.67743798978, 0.916415784432, 1.00000052735, 109.050838242, 0.957912337984, 4.08700144176, 0.953287514218, 3.29000039241, 1.0000005646, 35.8849360332, 58533.6553164
5.47938461725, 1.02917153212, 1.35261685111, 0.910611096375, 2.83000064711, 1.125090949, 2.63227124687, 1.26000039281, 1.14000045095, 3.39093354363, 1.92762853949, 0.919487144633, 3.04000076426, 1.01592383981, 1.07685170786, 1.00000028336, 1.00000086346, 1.00636941574, 9.63122025238, 0.927437705963, 1.00000024607, 112.811442759, 0.868610103524, 2.56391584735, 0.951645826438, 3.29000012361, 1.00000026934, 44.2448283918, 16083.4084829
5.68143030965, 1.0287857557, 1.44514376718, 0.905518894092, 2.83000068058, 1.07759423576, 1.1941979862, 1.26000073646, 1.14000092328, 2.92404102492, 2.79622642008, 1.0414744561, 3.04000046281, 1.05550982121, 0.843884817838, 1.00000000736, 1.00000007692, 1.06860490087, 8.99451918609, 0.911285567859, 1.00000087719, 108.62314802, 0.908916301053, 3.41570862331, 0.963397278974, 3.29000005592, 1.00000043387, 58.3113575536, 9510.27018715
1.92578424839, 1.0560937066, 1.52712182872, 0.915653549565, 2.83000092777, 0.892522973691, 4.59881941339, 1.26000079947, 1.14000017004, 2.52454964841, 1.71332858785, 1.07238402347, 3.04000097101, 1.06897480268, 0.796558652747, 1.00000023655, 1.0000007594, 1.1094615287, 8.06370466259, 0.974367791798, 1.00000002769, 123.473118231, 0.904243796285, 1.05819750168, 0.970473907554, 3.29000027748, 1.0000002302, 34.0230952178, 14231.7829926
5.18157749868, 1.01287476968, 1.42609445461, 0.887983992495, 2.8300003499, 1.07287366073, 5.84422097148, 1.26000039789, 1.14000089734, 2.30286748921, 2.17107135303, 0.904078421744, 3.04000077279, 1.04982664522, 0.938913830922, 1.00000088751, 1.0000007314, 1.102638889, 8.3022236198, 0.935758761073, 1.00000010874, 119.755585834, 0.8543388774, 4.42706814908, 1.02708796639, 3.2900005659, 1.00000002426, 37.0871331838, 110006.671491
3.38473417741, 1.01849103879, 1.42573264225, 0.946478101221, 2.83000091676, 1.159813278, 3.22575263522, 1.26000063938, 1.14000017311, 1.98347023783, 1.61651683157, 1.04008327452, 3.04000035253, 1.11608754127, 1.05957627049, 1.00000085139, 1.00000073117, 1.0839459461, 8.26115657349, 0.964750482458, 1.00000091184, 102.103427217, 0.895891935903, 1.68955460157, 0.986980743399, 3.29000097993, 1.00000003861, 23.3059445105, 7429.58634622
1.13166471255, 1.01720045429, 1.36092380227, 0.867021603801, 2.83000031942, 1.08555881373, 2.14478481245, 1.26000094226, 1.1400005254, 2.92472646248, 2.10872632961, 1.09689890903, 3.04000085957, 1.04282634049, 0.988631818818, 1.00000057133, 1.00000007298, 1.07456363105, 7.21136584921, 0.944468536057, 1.00000060767, 97.4882813689, 0.840681717972, 3.24205920047, 0.962932475609, 3.29000069925, 1.00000004588, 24.8010833875, 1707.38400272
1.25969273379, 1.02650419613, 1.38133250965, 0.812815789292, 2.83000072565, 1.11326390938, 3.29386873002, 1.26000022127, 1.1400009122, 1.82475937235, 1.71540222056, 0.918729022524, 3.0400008473, 1.03877494615, 0.853622426762, 1.00000016117, 1.00000048742, 1.05265037438, 8.72451195847, 0.936489696224, 1.00000042884, 114.238381897, 0.923769210698, 1.28678029793, 0.951749620168, 3.29000024198, 1.00000063182, 13.3248162009, 1001.81528054
5.06544491269, 1.05856583514, 1.36834271492, 0.873332134879, 2.8300000719, 1.12927515193, 1.55505205371, 1.26000011906, 1.14000013335, 1.92974040247, 1.94014032068, 0.930880818842, 3.04000067518, 1.04074851058, 0.840725913353, 1.00000070008, 1.00000063518, 1.10118724771, 7.78026153822, 0.975401714929, 1.00000031793, 124.583552763, 1.06940619111, 1.40068653729, 0.963566345824, 3.29000007035, 1.00000059401, 48.7693854491, 16334.7272207
4.5369431011, 1.10953940726, 1.58259467692, 0.899600039899, 2.83000067615, 1.05023016192, 2.31923228743, 1.26000026782, 1.14000077543, 3.11661757688, 1.99685877005, 0.982841790318, 3.04000016859, 1.01313115077, 0.785115114852, 1.00000080701, 1.00000030642, 1.03932126842, 9.71196968759, 0.98078084278, 1.00000013738, 101.508040756, 0.990433023519, 1.37129467234, 0.951954939126, 3.29000038134, 1.0000006181, 21.4992130726, 16843.1986072
5.37247258165, 1.12867784041, 1.34371374248, 0.829179151908, 2.83000088597, 1.04100336904, 2.51667999734, 1.26000023364, 1.14000065027, 3.33500978235, 2.45434127629, 0.94226102694, 3.04000044543, 1.00084535685, 0.78247010374, 1.00000045783, 1.000000462, 1.0695843415, 9.61266714959, 0.953896715217, 1.00000065283, 113.851667577, 0.946807356192, 4.00660106717, 0.962417453193, 3.2900005281, 1.00000007489, 38.6019840971, 67652.2340166
2.042471675, 1.07686824941, 1.36862017677, 0.80856439501, 2.83000083927, 1.07317437864, 1.13698792931, 1.26000069238, 1.14000064598, 3.08287768692, 2.16564460994, 0.978030448287, 3.04000034422, 1.00779641586, 0.892067118322, 1.00000031029, 1.0000008396, 1.08662969538, 9.89237149711, 0.947483091252, 1.00000029105, 81.9692213703, 0.954151647073, 3.54102963455, 0.966400422426, 3.29000009457, 1.00000091934, 42.364252233, 7988.91785414
5.71992273148, 1.08041120789, 1.4566745412, 0.827486089833, 2.83000056031, 1.12824137031, 1.09931157164, 1.2600007001, 1.14000011813, 3.70696507063, 2.7847300321, 0.955926851584, 3.04000091741, 1.02729231275, 1.01454674097, 1.00000068434, 1.00000056637, 1.1054019187, 8.07662961095, 0.936655716164, 1.00000082305, 86.8005258193, 0.965633412674, 4.18135483924, 0.989671589598, 3.29000083186, 1.00000073676, 27.7134381396, 10060.1753476
3.73635153945, 1.05477215707, 1.53730438927, 0.843770630261, 2.83000073361, 1.18271321732, 2.15164434483, 1.26000073137, 1.14000013147, 3.06493857008, 1.92501146663, 1.09939122806, 3.04000067161, 1.0873020113, 0.879362901011, 1.00000081229, 1.00000000242, 1.10153786957, 3.20225534566, 0.92948394356, 1.00000041807, 117.8194881, 0.873035555639, 5.28350218052, 0.976162539145, 3.29000003091, 1.00000004154, 22.5367351693, 5159.3957219
3.3688161194, 1.07800724122, 1.52947842732, 0.960589976016, 2.83000084545, 1.16747142686, 4.25150314268, 1.26000089503, 1.14000017747, 3.10919163398, 2.48576021743, 0.996567026687, 3.04000042455, 1.07474999713, 0.803511739965, 1.00000090387, 1.00000053481, 1.04783662284, 9.18113993098, 0.951742334067, 1.00000007071, 95.70759684, 0.841734679145, 3.12952244556, 0.953609669965, 3.29000061037, 1.00000014046, 33.2797659692, 116360.92936
3.04866088092, 1.04294187656, 1.40033013441, 0.84978472498, 2.83000025834, 0.939349602325, 4.20979058956, 1.2600003246, 1.14000067321, 2.48020351046, 1.89344881162, 0.921902780243, 3.04000022444, 1.04222238356, 0.903476225881, 1.00000080932, 1.00000079832, 1.09449148201, 8.31231956857, 0.951912346436, 1.00000077455, 122.945892571, 0.942768254773, 2.87542308023, 0.970223838475, 3.29000090291, 1.00000055231, 32.1617556027, 46653.7743214
1.87577412, 1.02909615137, 1.37906469631, 0.832367428401, 2.83000087321, 1.16451339041, 4.29428361489, 1.26000031834, 1.14000088927, 2.1274876203, 1.83660131016, 1.09970657292, 3.04000078579, 1.02254855136, 0.855879336426, 1.00000064147, 1.00000036927, 1.02795633569, 9.47101613034, 0.992317142242, 1.00000030017, 97.7961833371, 0.847759821796, 2.42363936931, 1.01711609597, 3.29000027847, 1.00000007465, 47.0668240225, 9811.06659631
5.13340553721, 1.10206981992, 1.67255043202, 0.905669231537, 2.83000042419, 1.02135371109, 1.79650778909, 1.26000065027, 1.1400002676, 3.43219178757, 2.33925006744, 1.02433335244, 3.0400004888, 1.07319122365, 0.826997345657, 1.00000079086, 1.00000007281, 1.09482819331, 8.61563022028, 0.967664832799, 1.00000094359, 118.414943687, 0.990088338798, 2.37474522326, 0.99927194005, 3.29000072186, 1.00000039624, 57.9696290379, 13190.8544423
3.68964523532, 1.02808171907, 1.34194987041, 0.956462055588, 2.83000069334, 1.05802070236, 3.28915411936, 1.26000088398, 1.14000001028, 1.5644302022, 1.62885320685, 0.959428009162, 3.04000010377, 1.06006677911, 0.830222696385, 1.00000094272, 1.0000004818, 1.08146046819, 9.61280405984, 0.976901534247, 1.00000083048, 105.33511979, 0.928351364871, 1.34425615189, 0.953243450822, 3.29000069162, 1.00000003179, 62.2897175982, 19140.1858643
3.96349153557, 1.01308534786, 1.50830543528, 0.885189944748, 2.83000046832, 0.905496110369, 1.61626727661, 1.2600008487, 1.1400000252, 2.0459187577, 1.81676509028, 1.04703518212, 3.04000010013, 1.06006277785, 0.990085372253, 1.00000038759, 1.00000026903, 1.05786306964, 9.97073414775, 0.945842887833, 1.0000006653, 76.6831747875, 0.845094003056, 1.48723876756, 0.954321331537, 3.29000054334, 1.00000050497, 44.232947565, 3635.21127496
4.43622435861, 1.02792077215, 1.53175118107, 0.855419669419, 2.83000088098, 1.1856336219, 1.53947229691, 1.26000065889, 1.14000029381, 3.20053548969, 2.26284432814, 1.03010007755, 3.04000060387, 1.00974689803, 0.953155827138, 1.00000080776, 1.00000029759, 1.04452849866, 9.82184819888, 0.94128571466, 1.00000048755, 88.9992843056, 0.896001126792, 4.89452589453, 1.02421251444, 3.29000037431, 1.00000043483, 42.2209065631, 31160.3201683
3.98301969386, 1.0688318915, 1.44882783895, 0.89936535373, 2.8300002055, 1.18935303899, 2.76489226822, 1.2600006539, 1.14000023661, 3.40441108482, 2.00463045672, 0.942211573945, 3.04000035333, 1.07489034656, 0.958184319975, 1.00000086265, 1.00000024738, 1.03319607221, 8.80071459538, 0.96248793977, 1.00000068864, 106.998547139, 0.942910146808, 3.95807966192, 0.955517339781, 3.29000007822, 1.00000075626, 31.3114534157, 11523.9230779
5.11592126111, 1.01004181132, 1.62472213947, 0.836907806425, 2.83000032481, 1.16819820162, 1.36770085408, 1.26000046482, 1.14000067116, 2.41623004444, 1.99595458835, 0.969384020909, 3.04000063083, 1.09434411561, 0.849208786673, 1.00000055342, 1.00000018847, 1.09921034744, 9.94486700331, 0.946532701581, 1.00000067157, 121.54613786, 0.874564106265, 2.78144758946, 0.977070206858, 3.29000070062, 1.00000089006, 33.125091369, 61071.4312372
5.33133815464, 1.02556418027, 1.43837627105, 0.83591919014, 2.83000091345, 1.18149232716, 1.66884017071, 1.26000074907, 1.14000041522, 1.81783787485, 2.0713863336, 1.08155216438, 3.04000065938, 1.09064361932, 0.889956276662, 1.00000041237, 1.00000031557, 1.1001638203, 8.31346392558, 0.911557617439, 1.00000046891, 84.2166219482, 0.93756164348, 5.62425518353, 0.95634227753, 3.29000087137, 1.00000045294, 42.0606496177, 4083.31218225
4.81071570475, 1.01691967676, 1.44159807438, 0.95810534827, 2.83000085914, 1.10121548771, 2.35748665155, 1.26000017792, 1.14000075484, 3.53055441408, 2.26034080249, 0.997956070955, 3.04000021175, 1.07483805641, 0.910911185045, 1.0000005848, 1.00000050268, 1.09195770932, 4.88044235862, 0.936009108226, 1.00000004754, 102.705174994, 0.851394050572, 2.93257437921, 0.983732532009, 3.2900006225, 1.00000056861, 34.556623834, 7575.0450108
3.00603429517, 1.0480878725, 1.43895888931, 0.801909016975, 2.83000020054, 1.17288215263, 4.33691748299, 1.26000005745, 1.14000002337, 3.40071530762, 2.04053757828, 0.993393383591, 3.04000053571, 1.05496867942, 0.842658743535, 1.00000042963, 1.00000025835, 1.02097219348, 6.7744027454, 0.954135238973, 1.00000088833, 96.1213218216, 0.936332026592, 1.28537920307, 0.957427746404, 3.29000095462, 1.00000046444, 17.9260049553, 2421.01182609
4.8298621775, 1.03054790965, 1.61734601828, 0.813679340992, 2.83000035141, 1.04297484077, 3.19980369752, 1.26000055723, 1.14000012978, 1.75778960049, 2.30006351648, 0.926722616393, 3.04000079894, 1.05348930563, 0.799651941482, 1.00000067889, 1.00000049122, 1.10900935082, 8.16843005942, 0.942231249675, 1.00000054439, 98.3299352265, 0.901947851445, 1.76428787267, 0.992720524766, 3.29000077303, 1.00000006359, 33.3712602281, 105373.757073
5.04272584704, 1.05692450642, 1.555028486, 0.851881002765, 2.8300009298, 1.11270218404, 1.01146205488, 1.26000046226, 1.14000049132, 2.08286553071, 2.06812349797, 0.982799419513, 3.04000070506, 1.0327934674, 0.937932960998, 1.00000099551, 1.00000072416, 1.07264700259, 7.69374339412, 0.943596893523, 1.00000002197, 91.1670021348, 0.872234140192, 3.96717761873, 0.970552662206, 3.29000003514, 1.00000014156, 43.2512985304, 53159.9144857
5.55966615995, 1.02358341258, 1.44190427401, 0.878731789012, 2.8300003286, 1.07938230669, 2.15730744861, 1.26000080074, 1.14000005012, 3.53509299807, 1.65800439913, 1.07023646667, 3.04000058348, 1.03722412499, 0.783321006814, 1.00000038645, 1.0000007594, 1.1012619773, 6.14428419907, 0.971155922933, 1.00000084215, 90.9054542244, 0.981650202011, 1.33627196223, 0.9858833587, 3.29000050482, 1.0000007205, 64.8185851811, 16646.0595335
5.37202843824, 1.05427143856, 1.64628369307, 0.845285684262, 2.83000041479, 1.06065867821, 1.79904994472, 1.26000065881, 1.14000018718, 1.3736632127, 2.0793991704, 0.979089802232, 3.04000087786, 1.11646004084, 0.81922891707, 1.0000003708, 1.00000027545, 1.06796898503, 9.69133969294, 0.916879083037, 1.00000065797, 105.186832719, 0.857986415424, 1.27203889306, 1.01880318093, 3.29000090252, 1.00000019939, 34.7603745141, 96530.5232319
2.85489627599, 1.01601401013, 1.51013299278, 0.82530636554, 2.83000038554, 1.11919677549, 1.12337296368, 1.260000853, 1.14000015244, 1.31937933072, 1.91588729516, 1.05782788857, 3.04000064136, 1.06093867687, 0.814835631239, 1.00000074299, 1.00000079694, 1.10479481502, 8.00387973869, 0.932371372503, 1.00000065337, 110.847138729, 0.866894880437, 4.62596184365, 0.951987873107, 3.29000092163, 1.00000003481, 61.9843632711, 6558.23829694
4.7972665071, 1.04074208334, 1.42133249627, 0.805945565546, 2.83000079853, 1.12254404437, 1.73864400303, 1.26000048128, 1.14000000291, 2.90705474618, 3.00397249532, 0.974556449343, 3.04000012735, 1.01879199269, 0.934628531695, 1.00000087299, 1.00000073561, 1.0128044492, 9.20098877431, 0.942754882754, 1.0000003521, 101.356284494, 0.85106820987, 3.04735366272, 0.951939920384, 3.29000000876, 1.00000029392, 47.1795024525, 16310.1544912
5.18190395925, 1.02097788383, 1.34080243155, 0.801083716226, 2.83000075765, 1.17948482045, 3.76634516436, 1.2600004082, 1.14000021853, 2.11719252945, 2.62172067983, 1.09603478842, 3.04000095333, 1.10385552543, 0.836196993845, 1.00000065565, 1.00000050898, 1.1009467702, 7.92183147254, 0.927489879672, 1.00000056589, 85.3106904511, 0.848641048732, 5.9270455817, 0.954759531723, 3.29000008479, 1.00000033397, 39.2367792666, 20415.3636082
3.19957695693, 1.01110751449, 1.46656603801, 0.810331401478, 2.83000059198, 1.0557652941, 4.86164353924, 1.26000087736, 1.14000023759, 2.72787318121, 2.16883550262, 1.01910552748, 3.04000085192, 1.02940573404, 0.92373632222, 1.00000079511, 1.00000093361, 1.04720929817, 9.33406451927, 0.987547862427, 1.00000050125, 107.455666862, 0.845305894492, 3.10292006283, 0.992709926567, 3.29000044435, 1.00000090752, 38.7358332578, 14434.3079395
5.8786688779, 1.01943478366, 1.53409404187, 0.929268705321, 2.83000072063, 1.17147565148, 3.63328966474, 1.26000022548, 1.14000019787, 1.85661512414, 1.61387613439, 1.03723779656, 3.04000050242, 1.06928983583, 0.825905405642, 1.00000044198, 1.00000026191, 1.06695889954, 8.69361668701, 0.981546392866, 1.00000049505, 121.55251488, 0.841290514293, 5.24478656662, 0.968158680729, 3.29000074113, 1.00000003798, 60.9569090786, 75880.7472896
4.03844012433, 1.04004481623, 1.41975377915, 0.845341957178, 2.83000027288, 1.01819408342, 2.23109152342, 1.26000003622, 1.14000022823, 3.52048386643, 1.85415275721, 1.08496274674, 3.04000049691, 1.06142820542, 0.923982559323, 1.00000028781, 1.00000088478, 1.07496082398, 8.87579649411, 0.96539653205, 1.00000044363, 93.0216649152, 0.882137209808, 3.00741258168, 0.975098049859, 3.2900002603, 1.0000002963, 48.5744209505, 13423.381215
5.86049490466, 1.05218663841, 1.38552393004, 0.828239041379, 2.83000079528, 1.12961106567, 2.83503863558, 1.26000002936, 1.14000046829, 3.34155379021, 2.01860617448, 0.946950107496, 3.04000098161, 1.10026656128, 0.972473212297, 1.00000083556, 1.0000004411, 1.06524118315, 7.94164219962, 0.929496655518, 1.0000000096, 112.782353047, 0.941329190446, 2.8120844335, 0.962995857286, 3.29000027775, 1.00000038722, 34.9259051333, 39889.1463325
4.26386223079, 1.07304964904, 1.41090504782, 0.957969562576, 2.83000050184, 1.04043237927, 4.63053265467, 1.26000051821, 1.14000010914, 3.27387832834, 1.77511317675, 1.01755887426, 3.04000087334, 1.11455679168, 0.889366580327, 1.00000067243, 1.00000075341, 1.01718396498, 9.69234915106, 0.957102056053, 1.00000047514, 103.551941625, 0.855126735983, 1.75475694368, 0.963115101421, 3.2900006431, 1.00000039563, 20.0644993843, 3804.67114921
4.86425638082, 1.05644700384, 1.56129855374, 0.822378920873, 2.83000054913, 1.11146807091, 1.88310103927, 1.2600005966, 1.14000062013, 3.55063425367, 2.24636763207, 0.947231232863, 3.04000054651, 1.07764119661, 0.950071286273, 1.00000073505, 1.00000076253, 1.090164382, 5.80540830524, 0.944602785596, 1.00000039556, 116.36296954, 0.919625072994, 3.34801598367, 1.00685750326, 3.29000054904, 1.00000089508, 49.3463752553, 6598.62776775
4.09655063337, 1.06109181188, 1.50144245882, 0.898272807617, 2.83000007283, 1.04940000104, 1.23056513429, 1.26000076047, 1.14000021627, 3.70866319929, 2.44760895732, 1.06167947638, 3.04000056632, 1.07375478632, 0.865441521687, 1.00000002188, 1.00000059664, 1.10391330555, 8.74969937158, 0.967124580449, 1.00000093622, 87.2089545802, 0.865744693421, 3.81133787023, 1.02183317176, 3.29000077431, 1.00000096084, 15.3605272013, 1739.20127823
5.99974101474, 1.04654976604, 1.40124022879, 0.803185763154, 2.83000096231, 1.1837736821, 2.47550027115, 1.26000079094, 1.14000050925, 3.56906508575, 1.60422709624, 0.943551079674, 3.04000087505, 1.03875605027, 0.849321252613, 1.00000099727, 1.00000010841, 1.10905885833, 9.99124681341, 0.995792160963, 1.00000005681, 104.032093309, 0.870643737357, 1.80660556699, 0.976946191018, 3.29000094513, 1.00000006171, 46.2600572122, 61405.5294399
5.63528995677, 1.01215392467, 1.3811284998, 0.825006587664, 2.83000057598, 1.14101813645, 3.9369103351, 1.26000010905, 1.14000075754, 2.45707984086, 2.11429406319, 1.01093404206, 3.04000076031, 1.09322104763, 1.02900653628, 1.00000081577, 1.00000065691, 1.10623056383, 7.5278550678, 0.989184577037, 1.00000057541, 112.252437385, 0.950451896191, 4.24714333867, 1.04232975849, 3.29000055267, 1.00000080583, 50.288544034, 15307.7621704
1.72021914158, 1.04732238577, 1.47435726339, 0.823114949205, 2.83000018304, 0.996279093197, 3.56052216784, 1.26000095348, 1.14000018575, 3.42201273502, 1.80718307576, 1.00968810839, 3.04000050212, 1.00715414951, 0.803132242828, 1.00000062427, 1.00000035875, 1.03867630072, 5.23473795624, 0.985942291526, 1.00000026297, 113.717834998, 0.854964092944, 2.3132585377, 0.962282123826, 3.29000040059, 1.00000084848, 53.9263177127, 3076.92202134
5.24704532024, 1.04937256996, 1.55605591133, 0.879003580172, 2.8300000502, 1.1478193332, 2.16031145793, 1.26000061447, 1.1400007254, 2.94403646272, 2.17924392344, 0.9588606604, 3.04000076037, 1.06611897341, 0.803283393115, 1.00000072351, 1.00000021051, 1.07931918662, 7.36041959884, 0.915238779872, 1.00000063346, 89.3982646644, 0.869924215647, 5.00915698235, 0.970872350825, 3.29000087067, 1.00000027263, 44.5572463077, 8571.44332293
5.47561679206, 1.03430921148, 1.48904033738, 0.951456506596, 2.83000085549, 0.898584610516, 1.10189523375, 1.26000047477, 1.14000038665, 2.9579457346, 1.75917573531, 1.02166494944, 3.0400000925, 1.03678412762, 0.795514873073, 1.00000056377, 1.00000029209, 1.06543870422, 9.84015006797, 0.953445131668, 1.00000029132, 83.3632645668, 0.937088540417, 1.03303150188, 0.990519161529, 3.2900000776, 1.00000060149, 37.214650152, 19790.940539
4.25526017533, 1.03496555831, 1.36701624392, 0.844588558996, 2.83000032078, 1.10526133734, 1.56985008864, 1.26000055433, 1.1400001526, 3.21120275208, 1.60157430176, 1.06387745007, 3.04000056591, 1.00088863256, 0.971089836669, 1.00000030992, 1.0000002313, 1.02069421588, 8.84381924622, 0.986301797414, 1.00000042908, 105.374687029, 0.998630804972, 4.21413919456, 0.960703118706, 3.29000088474, 1.00000060712, 46.8371158353, 30182.2923571
4.24425147212, 1.021167196, 1.55151758416, 0.948036000351, 2.83000007405, 1.12337095417, 3.73417233736, 1.26000094657, 1.14000037553, 3.6731209641, 2.75889207871, 1.04519563285, 3.04000015546, 1.08598568727, 0.816215231027, 1.0000007688, 1.00000093752, 1.0991640206, 5.74756584828, 0.986305478718, 1.00000057506, 124.352560702, 0.853458381931, 5.29391944844, 0.953685682021, 3.29000050495, 1.00000011186, 42.9464264986, 2242.73470075
5.80186065006, 1.01709610436, 1.42524479878, 0.884212097288, 2.83000053466, 1.04313209649, 5.21579493361, 1.26000039834, 1.14000031101, 2.69047051615, 1.70789388202, 0.899709326775, 3.04000060565, 1.05696566957, 0.835960891443, 1.00000029707, 1.00000013839, 1.06508938814, 9.56594788634, 0.918649122096, 1.00000072453, 97.6958228431, 0.897600943806, 5.55848517902, 0.97761005417, 3.2900008051, 1.00000009528, 20.592414225, 3638.99371748
2.78498578597, 1.04320514685, 1.35122415885, 0.815831939268, 2.83000058203, 0.999135913576, 1.78029118313, 1.26000003933, 1.14000083731, 3.27073833918, 2.87126812468, 1.03322907546, 3.04000067291, 1.02806165979, 0.92218650083, 1.00000049914, 1.0000008233, 1.10586120652, 8.44767698947, 0.99972689666, 1.00000000233, 86.1015304034, 0.850029043682, 2.01660783786, 1.01909738663, 3.29000078328, 1.00000093809, 25.9473921884, 11074.1085094
4.84805500623, 1.00405724459, 1.39110877767, 0.902323672009, 2.83000076252, 1.16293381382, 1.55623456217, 1.26000099191, 1.14000046071, 3.6433191766, 1.61216252383, 1.04381480214, 3.04000034102, 1.05020946763, 0.816812207088, 1.0000007354, 1.0000001537, 1.09652159456, 6.75734658074, 0.963619957924, 1.00000073295, 89.1590796113, 1.05799111457, 2.66427600292, 0.967543641645, 3.29000054709, 1.00000027065, 36.6690145179, 3064.99278252
4.48389863769, 1.01862011524, 1.42630580469, 0.915717196117, 2.83000066936, 1.02287979152, 1.35255822398, 1.26000002143, 1.14000070752, 3.04227785511, 1.85275161727, 0.913264044861, 3.04000020271, 1.10870382373, 1.03916385518, 1.00000013141, 1.00000089014, 1.10244946503, 8.66352785297, 0.965597779841, 1.00000004209, 124.745654538, 0.846464238102, 3.8172457347, 0.957876077832, 3.29000001074, 1.00000047491, 30.5386257601, 3435.36425737
5.90765857988, 1.01826649931, 1.68744386524, 0.969261362712, 2.83000056819, 1.1681597242, 1.95701300623, 1.26000053303, 1.1400006189, 3.68709348346, 2.06238569477, 0.947890859415, 3.04000088685, 1.0502970741, 0.81936084905, 1.00000083776, 1.00000091756, 1.09505595279, 8.33002528112, 0.961608602462, 1.00000040808, 100.949494128, 0.846779042914, 3.96214918349, 1.03431117881, 3.29000027396, 1.0000007962, 51.6850460936, 22625.8869872
5.83569194235, 1.04917291166, 1.59228970601, 0.855377862575, 2.83000060938, 1.03043982371, 1.77758997955, 1.26000089226, 1.1400007507, 2.84425397803, 1.74481490949, 0.953874369877, 3.04000041437, 1.00623679505, 0.83793652927, 1.00000047401, 1.00000052293, 1.02943310066, 6.17980733647, 0.982181243086, 1.00000071168, 102.912552084, 0.859748840814, 2.04238939856, 0.959164587388, 3.29000016518, 1.00000052874, 42.3181828415, 68403.8466659
5.63676724498, 1.00345485011, 1.48848515407, 0.835146198395, 2.83000058206, 1.00865554115, 3.19736519314, 1.2600005032, 1.14000009996, 3.65472630531, 1.8090340752, 1.09494295983, 3.04000012357, 1.02251462049, 1.00351476547, 1.00000099085, 1.00000016888, 1.04646337803, 9.35708036581, 0.972388843502, 1.00000023113, 86.9840980196, 0.973719347996, 4.68026881576, 0.987932050718, 3.29000054931, 1.00000007169, 23.9207651921, 5471.85395622
2.51647348874, 1.0553236927, 1.34520796408, 0.820508649616, 2.83000086389, 0.908723956285, 2.05424120971, 1.26000054489, 1.14000085543, 2.27202082562, 1.61299811769, 1.0634486523, 3.0400005387, 1.05309214806, 0.862870296682, 1.00000003671, 1.00000055718, 1.06929892643, 7.5889246659, 0.989898095573, 1.00000077101, 82.8419570891, 0.902876750488, 1.27604159383, 0.986237896704, 3.29000056496, 1.00000079591, 26.8470468957, 843.537430997
3.14136896546, 1.00266287122, 1.50752082205, 0.850394920429, 2.83000087861, 1.09142659122, 3.56792516205, 1.26000003878, 1.14000081075, 2.7567304901, 1.87269187831, 1.0743084047, 3.040000836, 1.10977017365, 0.890506996642, 1.0000003881, 1.00000003384, 1.09947410731, 5.45783888354, 0.950883443788, 1.00000038692, 114.03562975, 0.869441387965, 5.64248587676, 0.984181058269, 3.29000039529, 1.00000001677, 19.3376948642, 3235.73368063
4.85304476518, 1.09423352136, 1.44644491048, 0.818966755958, 2.83000075318, 1.06941874104, 3.68712410861, 1.26000022531, 1.14000091051, 1.87863982394, 1.68184108937, 0.90668434649, 3.04000099086, 1.08897831584, 0.852268593892, 1.000000731, 1.00000072576, 1.0991710491, 9.54807793596, 0.981173095358, 1.00000003804, 118.932742128, 0.975724868804, 4.95522376738, 0.968638410072, 3.29000087837, 1.00000072665, 64.7713971093, 72707.4033338
5.66083866338, 1.01055907547, 1.3726673156, 0.928676901874, 2.83000001902, 1.07138009047, 1.96211730691, 1.2600002175, 1.14000033715, 3.35852729313, 1.68950786713, 1.02557088838, 3.04000069263, 1.02605184718, 0.869966528367, 1.00000032489, 1.00000034121, 1.07263350705, 6.88429413578, 0.998913918866, 1.00000051052, 93.6954805068, 0.88903447545, 3.64531078177, 1.01481519876, 3.29000003601, 1.00000071882, 40.968626501, 37364.8395648
1.19174604906, 1.02927307858, 1.47930520068, 0.823801350807, 2.83000076026, 1.17986656574, 2.02640561327, 1.26000047592, 1.14000091826, 3.05787109169, 2.39861473036, 1.04809795577, 3.04000014176, 1.06511797196, 0.870363627101, 1.00000061479, 1.0000000963, 1.06606265189, 7.85825843332, 0.952269551912, 1.00000010636, 80.1225090496, 0.845526876076, 5.4633321189, 0.967974542401, 3.29000092544, 1.0000000097, 18.781818565, 980.188211212
3.16361827512, 1.01859469575, 1.42069499524, 0.837030306981, 2.83000014129, 0.955998924642, 4.3733791425, 1.26000036498, 1.14000062903, 3.41740506189, 2.66514656304, 1.0083026383, 3.04000068984, 1.09177277495, 0.835953952315, 1.00000002318, 1.00000062192, 1.09364033603, 9.90923711795, 0.970613348993, 1.00000029027, 105.350116103, 0.880098650738, 4.29271785002, 0.966032406667, 3.2900004857, 1.00000056989, 59.4745946607, 19091.6589475
1.82569177706, 1.02422633226, 1.41925816575, 0.833236543591, 2.8300009673, 1.11331926094, 3.43872741944, 1.26000081383, 1.14000036863, 2.39717221499, 1.75170794615, 0.962999911526, 3.04000099144, 1.02883820261, 0.882647604527, 1.00000090963, 1.00000028471, 1.09278721807, 7.31132642744, 0.986631681628, 1.00000009343, 83.7288568673, 0.941456497949, 4.65027120731, 0.995585697906, 3.29000046178, 1.00000036194, 25.2340081905, 17532.7758475
2.88342869652, 1.11303459477, 1.4429175848, 0.804608675489, 2.83000050391, 0.989379548006, 1.47564749872, 1.26000092292, 1.14000087593, 2.39455838579, 1.67658985775, 1.00301850273, 3.04000067928, 1.04692092091, 0.843362393706, 1.00000051276, 1.00000089721, 1.00543634899, 9.96684369251, 0.978544960825, 1.00000078572, 86.0968655269, 0.88694180097, 1.0799643693, 1.01552517586, 3.29000094926, 1.00000029212, 34.7587449629, 13405.7459831
2.30942684967, 1.07708584515, 1.66870412823, 0.880991506291, 2.830000782, 1.01612091009, 1.41408311223, 1.26000079095, 1.14000050183, 3.61068990069, 1.75307905322, 0.92548239682, 3.0400008558, 1.10139466407, 0.945006255307, 1.00000087468, 1.00000090378, 1.03276059931, 9.57163453636, 0.912959104396, 1.00000049017, 110.645995202, 0.84763222086, 4.50427369903, 0.952215297034, 3.29000094722, 1.00000077626, 40.4174502092, 17073.2364065
3.38601863081, 1.01104753535, 1.38411684698, 0.847111911669, 2.83000091465, 1.07301147155, 2.1581192306, 1.26000083694, 1.1400003222, 3.67345549353, 1.97853308123, 0.992355552806, 3.04000004965, 1.05107280395, 0.812504821479, 1.00000051014, 1.00000043548, 1.06081314815, 5.3646381551, 0.963568041836, 1.00000004107, 96.2965064768, 0.861529613542, 1.44491685083, 1.00447201706, 3.29000083727, 1.00000065841, 45.9844490353, 12254.857943
5.55805954736, 1.01756706735, 1.4111422784, 0.846350369556, 2.83000071848, 0.929971485861, 2.47664645317, 1.26000039436, 1.14000017904, 2.47955489826, 1.60414934421, 0.991550904086, 3.04000058111, 1.09998181932, 0.919080935103, 1.00000052066, 1.00000069379, 1.09014724284, 6.47643035831, 0.947964668529, 1.00000058492, 111.4184999, 1.02262748702, 2.97381969992, 0.968737444132, 3.29000051676, 1.00000069565, 41.8966231318, 5865.97329961
5.35565727531, 1.0304556692, 1.4734452158, 0.909143706723, 2.83000025218, 1.12727437036, 2.72328992749, 1.26000054363, 1.14000069682, 2.82243853993, 2.47682942549, 1.03049873741, 3.04000024404, 1.0949386507, 0.79980378125, 1.00000014203, 1.00000054553, 1.04662331708, 9.03145055459, 0.986531608257, 1.00000003576, 84.7656118015, 0.914739857216, 2.78580789935, 0.95768015557, 3.29000093211, 1.00000055446, 52.6743352087, 147137.876559
5.17323662469, 1.06451843886, 1.43553685234, 0.805900542861, 2.83000091706, 1.10721428679, 1.9041565289, 1.26000081067, 1.14000007928, 3.54872677072, 2.05378835806, 1.01190773311, 3.04000039154, 1.04207612192, 0.939529473696, 1.00000066252, 1.00000059185, 1.00185863545, 8.05367285401, 0.951000040557, 1.00000053815, 91.9450243626, 0.864566631276, 4.20934522744, 1.014287175, 3.29000092, 1.00000022202, 19.1886240813, 9611.98587895
1.8189832306, 1.06292934607, 1.46576461134, 0.906779482322, 2.83000028991, 1.09118075833, 2.4635543205, 1.26000042153, 1.14000003047, 3.6720103603, 2.14361920152, 0.880033344262, 3.0400005926, 1.06700568401, 0.792483557566, 1.00000026722, 1.00000080869, 1.10424216641, 6.67532480914, 0.982503363816, 1.00000080067, 85.8421235608, 0.856801346404, 4.9805402963, 0.96321282876, 3.29000000512, 1.00000040839, 43.126083167, 7965.09447508
2.57048583297, 1.00772402766, 1.37925844776, 0.918233634978, 2.83000035745, 1.00572925471, 3.18176438594, 1.26000060024, 1.14000084142, 2.84315248804, 1.81941782747, 0.880558201657, 3.04000047709, 1.07430592265, 0.844560902212, 1.00000078336, 1.00000082139, 1.08616302775, 9.81408974466, 0.942176837018, 1.00000081446, 96.4259002274, 0.93287665225, 5.71377704889, 0.963016322167, 3.29000021288, 1.00000013575, 28.1248013451, 4044.79832385
2.495998843, 1.02022461583, 1.39448486274, 0.890799380908, 2.83000047177, 1.09044903232, 2.29320262424, 1.26000091983, 1.14000050896, 2.37694421751, 2.35734593048, 0.918722969868, 3.0400003772, 1.11707995392, 0.881523559496, 1.00000027598, 1.00000083768, 1.10918281773, 7.72288707886, 0.940984751988, 1.00000007316, 94.0076162367, 0.869819222296, 5.86318739933, 0.969021360484, 3.29000094777, 1.00000019983, 28.393617887, 10050.0144139
1.30763195706, 1.04669701724, 1.36604306264, 0.837384382792, 2.83000040121, 1.04710305733, 3.5925780216, 1.26000053556, 1.1400001196, 3.04415083172, 1.63674462779, 0.981570312286, 3.04000029702, 1.06853967095, 0.843707948811, 1.0000009037, 1.0000001565, 1.0021857346, 8.78348706245, 0.983045509666, 1.00000016396, 111.996237043, 0.889986748513, 4.29790450175, 0.955473681615, 3.29000083986, 1.00000097081, 26.607989737, 19019.9347847
5.6864847897, 1.0744695587, 1.38342089976, 0.912743472039, 2.83000023173, 0.892350498462, 2.01293051456, 1.260000304, 1.14000018441, 3.4891979872, 1.87517239695, 0.914899570207, 3.04000060777, 1.02969622354, 0.795761082046, 1.00000022528, 1.00000055842, 1.09690107927, 8.54495377487, 0.970555861515, 1.0000006393, 81.518999673, 0.857442205627, 5.72661778739, 0.952335143677, 3.29000075403, 1.00000021264, 33.5607684899, 15072.602178
4.57700199591, 1.00157825125, 1.4741957935, 0.807413522659, 2.83000098421, 0.996601088904, 3.61364306964, 1.26000086057, 1.14000062562, 3.36966941889, 1.74492134811, 0.999429584365, 3.040000362, 1.06903249932, 0.785665391959, 1.00000074884, 1.0000007161, 1.00276423054, 9.97077969263, 0.92855570062, 1.00000015837, 113.253262436, 0.869530226267, 4.11237368244, 0.98152180801, 3.29000024948, 1.00000053387, 17.338054567, 7886.37887275
5.61246887479, 1.03398480023, 1.34635772778, 0.835640581883, 2.83000086276, 0.892958267395, 1.00789131424, 1.26000056845, 1.14000045255, 1.26983150746, 2.82243727033, 0.890261821492, 3.04000096743, 1.01427605946, 0.81656281832, 1.00000072426, 1.00000007211, 1.06185880382, 9.90379134147, 0.983348381805, 1.000000898, 113.800159884, 0.846715439486, 4.66095043884, 0.961983489295, 3.29000000779, 1.000000314, 27.9743563451, 14748.7771837
5.39182906875, 1.00587022834, 1.57954902915, 0.890472952488, 2.83000080557, 1.11341980554, 1.95233696994, 1.26000025371, 1.14000060023, 3.46185055692, 1.58625367378, 1.08215082019, 3.04000078179, 1.09271130903, 0.789547337378, 1.00000073373, 1.00000004525, 1.02214582302, 7.15466313707, 0.960660026373, 1.00000078889, 119.211306271, 1.02389304303, 4.14700598368, 1.00296597447, 3.29000069789, 1.00000074069, 36.272323833, 39754.1812818
4.85706650177, 1.09460350157, 1.37062350583, 0.867052501914, 2.83000055742, 1.04085080167, 1.48844609466, 1.26000025498, 1.14000073854, 2.99008597738, 1.5721667552, 0.93402288668, 3.04000009212, 1.10447277807, 0.851730843401, 1.00000090747, 1.0000004554, 1.09258397377, 8.37500790868, 0.986642426686, 1.00000027763, 80.5817881479, 0.886092823712, 5.43146305553, 0.980444446284, 3.29000053913, 1.00000002326, 34.0543126963, 8949.82821304
5.16255998368, 1.01111907003, 1.45072894531, 0.850308146883, 2.83000095549, 0.978900061929, 1.09845933297, 1.26000031021, 1.14000014868, 3.62749537002, 1.93937032709, 0.949988577273, 3.04000081321, 1.11996800703, 0.841991142829, 1.000000884, 1.00000086232, 1.01800918181, 6.38483523684, 0.986673062886, 1.00000007756, 96.8178907877, 0.902298189723, 5.14047258145, 0.964676080506, 3.29000095057, 1.00000003727, 21.2984275753, 5034.32517348
