2.73163815739, 1.21115571536, 0.89134494408, 0.855192609294, 2.68173093432, 0.728079764054, 1.01461235451, 1.08736899969, 0.980442503798, 4.05562696173, 7.14536741241, 1.01896223855, 4.16091212462, 1.15533933209, 1.09000085915, 1.01382151147, 1.00248399847, 0.888661083415, 3.41537417093, 0.927409618751, 0.795852701385, 354.188226327, 1.03046528869, 1.02007770176, 1.05969325536, 4.15342429875, 1.10780850891, 26105.1376448, 0.804289544236
1.918984606, 1.06322343895, 0.802181804707, 1.00389992198, 2.75841822165, 0.779291633472, 1.09253310309, 0.899491106586, 0.997208858552, 5.08573828482, 2.83721843335, 1.01168177136, 1.1084610858, 1.2342978009, 1.09000028068, 1.01730904939, 1.02024776658, 0.908179035159, 3.65016221297, 0.963362994077, 0.76099228099, 294.302478686, 1.13829843384, 3.74144655172, 1.09688556442, 4.85116930181, 1.23885757239, 16537.6364196, 4.02144772118
3.78001912541, 1.10976325124, 1.16483727965, 0.889530681064, 3.98193496554, 0.747742334538, 1.0293254164, 1.00236429787, 0.937797707649, 2.03709282072, 3.57269382753, 1.09372425509, 2.51695462448, 1.21408766845, 1.09000073919, 1.06142111664, 1.00106365112, 1.07773822659, 7.03839347895, 0.955421276003, 0.796529709866, 218.756183574, 0.953319865044, 1.10706365171, 1.22433641556, 2.58782900025, 1.28218859914, 25564.7073146, 1.60857908847
4.95854274954, 1.03072825465, 0.754126989162, 1.10192260751, 1.81611771878, 0.908101762852, 1.20781970278, 0.982404133872, 0.964271936356, 1.70494631021, 4.08788194254, 1.0866445116, 2.80310882886, 0.885955973517, 1.09000097114, 1.00647884953, 1.00846913011, 0.999110783369, 5.00090264844, 0.938533851748, 0.856208835901, 66.6084540861, 1.00337770194, 3.01618191372, 1.09561185384, 2.66586091299, 0.950205142695, 14636.4491543, 1.87667560322
4.41519139843, 1.00890878859, 0.895409739613, 1.1044901992, 2.04841705803, 0.885126878324, 2.63840050044, 0.985776966503, 0.99809708176, 1.77349128169, 6.57853036643, 0.97690927749, 2.64870761341, 1.0955703231, 1.09000053021, 1.05282780538, 1.01045764748, 1.15568195792, 6.5265903075, 0.95257465095, 0.857590874656, 348.278436934, 0.951812789378, 3.72484263768, 1.03143895723, 5.24580632146, 1.21485201722, 42668.9940101, 0.536193029491
1.69460686586, 1.20937986375, 0.79456790443, 0.952551466681, 2.88545350526, 0.790786024988, 1.59317006533, 0.950419229492, 0.980952717159, 2.16144759058, 5.84788772366, 1.09677486086, 2.00806810256, 1.12259784823, 1.09000017092, 1.00166874353, 1.04397888673, 0.954834673733, 3.73498156223, 0.939964982994, 0.871992502972, 236.614415269, 0.975270058756, 3.09064879311, 1.20991770375, 5.11010273418, 1.27304558323, 2195.81737798, 2.41286863271
5.31249754494, 1.10610377144, 0.882318052849, 1.05658242327, 2.02162644962, 0.768392675052, 1.77374407627, 0.936656543912, 0.954771734418, 3.35100555246, 3.03273134987, 0.864860141853, 2.08553279881, 0.894500440665, 1.09000002486, 1.07315023553, 1.023885735, 1.19004828407, 4.71884740863, 0.924643838917, 0.798155337357, 355.472388, 1.02059747368, 2.5365367795, 0.998379420732, 5.25576773147, 0.933850648537, 5526.01377749, 2.68096514745
4.15879548041, 1.11153703295, 0.826251853649, 1.10446001746, 3.05579217071, 0.743669172313, 2.42863574456, 1.00934183443, 0.961230688895, 1.8382530538, 3.92292661744, 1.02262766478, 2.5262952615, 1.27338114079, 1.09000041909, 1.03684150244, 1.00437262157, 1.13066823683, 3.49002836242, 0.950874347185, 0.828665136322, 151.686321406, 0.953845459662, 1.14537569257, 1.00473341555, 1.48651208076, 1.27737588752, 9796.39294424, 1.07238605898
4.54037767491, 1.0685693534, 1.00879465376, 0.941592837674, 2.34447689153, 0.791596304163, 2.00995598458, 0.864952583968, 0.953531926166, 1.57292469293, 6.62957244721, 0.954393712534, 2.58550927815, 1.06244472332, 1.09000034262, 1.07294030581, 1.01849269535, 1.01608510648, 5.33700540695, 0.95742867285, 0.843695159433, 346.433273708, 0.995298141963, 1.44932894742, 1.16123468547, 5.07798580969, 0.958328532763, 6630.18582473, 6.16621983914
4.85868514358, 1.08637334196, 0.87730588326, 1.19408893994, 1.95698704342, 0.797921922671, 1.41230631887, 0.997523494658, 0.972076894456, 1.77981931586, 6.83664663135, 1.09926626137, 2.02355367492, 0.965088460498, 1.09000086917, 1.00733138797, 1.04111626928, 1.03671230994, 4.04214103195, 0.983222835204, 0.918182839197, 219.451692931, 1.01848517445, 4.46561284472, 1.22701370374, 4.34069739328, 1.08648639929, 7456.86932228, 0.804289544236
2.02642064179, 1.19601000656, 0.985824093155, 1.20935776883, 1.54096544258, 0.820275069681, 2.10669392561, 1.09324205494, 0.90429749642, 2.53629708894, 5.3925935594, 0.931648892473, 4.07105751248, 0.968689726821, 1.09000097576, 1.01794240925, 1.04703060036, 0.813801152799, 5.36995488102, 1.00089547255, 0.817961231276, 250.94708831, 0.945132148574, 1.03585241426, 1.12921175922, 4.99694003993, 1.01805461467, 1655.08741751, 0.536193029491
1.98692277962, 1.04010624069, 0.751572892435, 0.976667922111, 3.77186485316, 0.873176963929, 1.74734476856, 0.948906468102, 0.992711199406, 2.04271057323, 1.7724372693, 1.02522783471, 4.53583874923, 0.843812310181, 1.09000062636, 1.10362582701, 1.03654583209, 0.847987065828, 4.22447439069, 0.932886733656, 0.868307477134, 237.626053537, 0.942889247805, 2.63489603402, 1.23465303212, 3.4511292323, 1.06605138726, 6291.95560568, 1.60857908847
5.26867412057, 1.19665193435, 0.898387371916, 1.18068159213, 2.2763277894, 0.759269357396, 2.16100902517, 1.07716641111, 0.912120492979, 3.14965575143, 6.87545894615, 1.01273281197, 3.21110581648, 0.921662935449, 1.09000063578, 1.01380659252, 1.04128211769, 1.02068500163, 3.4602655331, 0.94965038732, 0.894020189285, 106.037432778, 0.949292445506, 1.46524177365, 1.02924238403, 4.41561331726, 1.1601555288, 67694.7195102, 4.82573726542
4.63211932643, 1.30056744746, 0.966398722669, 0.936368535825, 2.34576180227, 0.974174990957, 1.20827056414, 0.978309218995, 0.942138220185, 2.70128729127, 5.24057796152, 1.02527696567, 1.89585499548, 1.28066729827, 1.09000088181, 1.04384345455, 1.04680591599, 1.07598142423, 3.41829787682, 0.940907321807, 0.812188669384, 249.199443252, 1.14289817468, 1.06829333035, 1.04358538152, 1.52592588063, 1.14123470476, 28335.0881384, 2.14477211796
3.00328967472, 1.02668407557, 0.730366626688, 0.988773401753, 2.21549511995, 0.757005588224, 1.8759060593, 0.922278229629, 0.923699022624, 1.97771153045, 7.32628413456, 0.999112903576, 4.19215462908, 1.07188458184, 1.09000079532, 1.07771232887, 1.02293360748, 0.961666991414, 3.28322456862, 0.913260494878, 0.961431554474, 346.188376542, 1.10314475757, 4.28357634793, 1.0222226937, 3.93407749328, 1.07429084212, 8112.41518032, 2.41286863271
1.76061377956, 1.14973185733, 1.1115077478, 1.12374425418, 3.08991179171, 0.823003143613, 1.59526949578, 0.87791399765, 0.932742935952, 3.64643592393, 1.8999604321, 1.00341448292, 1.16264335142, 1.11213450846, 1.09000017815, 1.00674434378, 1.00541272451, 0.81831728372, 3.03246876731, 0.910143281882, 0.917447644739, 49.2412414017, 1.12903203952, 1.34012496238, 1.09166038298, 5.2407819844, 0.975478455031, 13516.256224, 6.97050938338
2.24291894359, 1.12949135573, 0.753596915682, 1.15143333581, 1.56402442693, 0.910293939744, 2.1158248443, 1.00082604817, 0.927016171331, 1.35629545935, 1.71353018833, 1.05443380848, 4.8493108856, 1.28453048487, 1.09000028249, 1.06623264007, 1.03513315703, 0.940345583595, 3.7698745749, 1.07802360901, 0.821098112114, 176.336793384, 0.91819575181, 1.00073446746, 1.11915446269, 5.09005625186, 1.09028982868, 3597.49358834, 3.21715817694
5.34398186399, 1.16067318758, 1.08496945934, 0.823578078879, 5.95681316399, 0.769860644883, 2.77886113827, 0.991193865412, 0.955795519423, 2.65779147491, 5.70786440749, 1.07905799105, 2.54193441014, 1.26983668815, 1.09000058516, 1.02678879682, 1.0208685613, 0.829547435076, 3.73025251454, 0.978315316494, 0.826663972107, 313.549899909, 0.933598310302, 4.18863220328, 1.13569986589, 3.87977010551, 1.27378587608, 2923.22797705, 3.48525469169
1.85590912366, 1.0152512248, 0.973808613078, 0.89193666816, 1.47585791893, 0.744010571595, 1.00567740176, 1.00793674772, 0.931106652639, 4.43859110319, 7.39657081703, 0.89697354869, 1.63374716582, 1.16796910093, 1.09000062059, 1.01634057695, 1.01242451903, 0.892261886093, 7.91419110488, 1.09258154387, 0.838087118118, 317.892791862, 1.02148664696, 2.02357979068, 1.05644917593, 4.97321897308, 0.945192791509, 14757.4761122, 2.68096514745
3.66425621597, 1.23372916589, 0.885589891009, 1.13933629078, 1.76736793179, 0.717109293843, 1.07635382055, 0.870156061067, 0.941510912828, 3.5573498431, 4.24066447565, 0.852340408135, 1.23522607736, 1.28197747844, 1.09000035703, 1.01016210936, 1.03674360145, 0.845964482464, 8.42306695597, 0.982592768623, 0.807993456898, 158.055840999, 0.977780439434, 1.16519759478, 0.980322323263, 5.35237167056, 1.27399787592, 35868.0423568, 1.07238605898
3.31219090408, 1.04641786242, 0.925870553286, 0.925187387212, 6.79832515836, 0.724658390823, 2.42501468803, 0.889856410449, 0.985335860111, 1.47580762858, 3.45364279402, 1.0742726302, 2.16465694879, 1.24263433824, 1.09000095463, 1.07901753148, 1.01736050215, 1.0211704439, 3.7980758736, 0.976421009086, 0.873481416638, 181.88548106, 1.05911860913, 1.96308607077, 1.10458225715, 5.05942651825, 1.22744885869, 1644.3822869, 2.41286863271
3.25508780211, 1.03404207338, 1.05950994541, 0.807120864367, 2.87530872389, 0.879456134804, 1.05347625557, 0.865623428396, 0.919824644522, 2.15572179703, 5.26056919567, 1.08014396084, 4.00423123889, 1.26578056986, 1.0900000809, 1.02571061169, 1.03229272465, 0.924147703343, 3.46695154083, 0.95150320612, 0.975924641132, 310.351366697, 1.08505684426, 2.71854498522, 1.21270163316, 4.77723099034, 0.932094005937, 28826.447216, 0.804289544236
2.12097080178, 1.38769718548, 0.746412709586, 0.906089711686, 3.16426542968, 0.841240582479, 2.99283574193, 0.876620144562, 0.904174558554, 6.00182537467, 5.14462601141, 0.925526496133, 1.46995665109, 1.23200743669, 1.09000075773, 1.09918788087, 1.0287926652, 0.963037665483, 4.16700596738, 0.915611502892, 0.776812490728, 273.230410867, 0.99846067298, 1.71313933711, 1.03784136881, 3.29273424351, 1.1894940292, 17594.7000842, 2.41286863271
5.78535360841, 1.18572917574, 1.05711808131, 0.882897003777, 4.64133045971, 0.907473367094, 2.49653646164, 0.88004177235, 0.919164916792, 1.60858220231, 1.59112693236, 1.06234266987, 1.20056893143, 1.28923379324, 1.09000076759, 1.05046832224, 1.02984901463, 0.883563594263, 8.39828480688, 0.962885197841, 0.775186143057, 231.394196971, 1.0221782479, 1.95854430373, 1.15599365561, 5.22110282528, 1.21616278938, 10602.3150689, 0.536193029491
3.23290969407, 1.13542128726, 0.868370613378, 1.10571051085, 2.03031500133, 0.838950108862, 1.11101365286, 0.866335337525, 0.978644642427, 2.19333638998, 4.70451940998, 0.944020009507, 1.13857495367, 1.02829425302, 1.09000071545, 1.07136067584, 1.03869374407, 1.11137100287, 4.17674817631, 1.0915536919, 0.814516939852, 247.994722583, 0.95627769399, 2.03827008202, 1.23151541467, 5.15074214128, 1.15362229479, 23640.9401047, 2.14477211796
1.81228868543, 1.15828497213, 0.747682112258, 1.15925563319, 6.0665549185, 0.940172059188, 1.29542620556, 0.897701803942, 0.944938806166, 3.13038600872, 4.13823003425, 0.99261141506, 2.02660658688, 1.25858100586, 1.09000032176, 1.09879188599, 1.00289173677, 1.03152396574, 3.25608006812, 0.941503195911, 0.821355426427, 37.463182192, 0.951072134109, 1.79070757819, 1.10277176818, 5.42109830621, 1.21363226578, 10902.2768726, 6.16621983914
2.65053257524, 1.03824887328, 0.954136053695, 0.890043449206, 3.45675726147, 0.879603198575, 2.82309062807, 0.950670047735, 0.973337969299, 1.38745700533, 7.79613643326, 0.999705681376, 1.8776275783, 1.13955302692, 1.09000003101, 1.03306311176, 1.00407467556, 0.946180794057, 3.9703275236, 1.11487508454, 0.860912623094, 70.1543162051, 1.05207156381, 1.3222569369, 1.21270094922, 5.11993895956, 1.22991771638, 8722.34903163, 3.21715817694
5.72495303107, 1.01127163638, 0.961913037811, 0.953119811814, 1.63365334196, 0.832750641032, 4.43422228718, 1.02288519301, 0.948154468833, 2.93414973069, 5.85634911033, 1.05242420997, 1.24500434206, 1.14453056941, 1.09000066374, 1.06824208286, 1.02678122938, 0.883823811526, 3.69314180006, 1.1239782752, 0.840934484082, 331.516741091, 0.999665635694, 1.51598120282, 1.0623134927, 4.99799396022, 1.12753066511, 12043.4015813, 1.87667560322
3.28780378256, 1.14174729015, 0.731381872936, 0.811608037603, 2.53949015453, 0.803784703071, 1.15818704193, 0.860374099391, 0.921479069065, 2.73607095491, 4.08023565172, 1.06358378274, 1.60513704146, 1.16595843827, 1.09000070226, 1.06158658789, 1.04807324029, 1.1133166661, 4.68829164301, 0.96951046161, 0.760603610668, 382.91411698, 1.00477020977, 5.23494635834, 1.08594773751, 3.05007369857, 1.05096678773, 228.794535163, 2.41286863271
4.88801562323, 1.0175770968, 0.883890245651, 1.16642533786, 3.40897751603, 0.775184950958, 1.19490407075, 0.903469558951, 0.924628861104, 2.21300107626, 3.01671525343, 0.996619470658, 3.38442968479, 1.23797728467, 1.09000093839, 1.068028257, 1.03763796712, 1.2103856377, 4.5224094293, 1.09402268721, 0.808871069289, 315.879947572, 0.9550533466, 1.83706977022, 1.03180476216, 2.6580498087, 1.16414461582, 22577.1329007, 1.34048257373
3.97102712717, 1.00115431732, 0.926573751518, 0.991560574382, 2.57288268202, 0.848274868571, 2.62756336084, 1.01430692954, 0.985676156964, 1.31146486026, 7.20595253638, 1.07569064516, 1.56547773269, 1.17147063563, 1.09000044526, 1.08034131573, 1.04485264419, 0.916371610451, 4.14912240649, 0.947307521148, 0.78561718385, 75.0535318933, 0.941600403991, 1.8385216553, 1.02484631596, 5.19007678258, 1.06103748627, 10188.6042583, 1.60857908847
5.43659928801, 1.07150368554, 0.791845256907, 1.2005173932, 5.81798091763, 0.985869254659, 4.86334471168, 0.867257648698, 0.968069770226, 1.84329240642, 6.93542670412, 0.998272734855, 3.39799132424, 1.13930999214, 1.09000063007, 1.10343306967, 1.04252500998, 0.933811774182, 6.5332491051, 0.919947880493, 0.768262612747, 378.204206446, 0.922722794391, 2.84368236587, 0.994360143385, 4.78110662258, 1.24805614833, 8501.96042255, 0.0
4.83252767812, 1.02882393389, 0.835641548162, 0.903055894209, 2.59809225192, 0.892269948786, 4.20373083223, 0.954329163647, 0.971445466961, 3.36116770446, 7.44732370006, 0.973817347055, 1.65692807389, 0.961228834811, 1.0900005694, 1.0631896029, 1.03975089306, 1.02963057911, 3.32887838706, 0.934056113222, 0.97460540814, 45.5267838757, 1.19071473371, 1.62859792895, 1.13693200406, 5.41808475972, 1.21700450444, 18546.30881, 0.804289544236
5.50122170533, 1.05133649986, 0.840773327719, 0.884728133759, 2.69036082534, 0.959214046132, 1.62067294923, 0.848475110666, 0.90784429135, 4.94579401406, 3.55292650503, 0.961870255226, 3.96752738912, 1.14638093872, 1.09000038974, 1.10487886775, 1.02662310247, 0.92840119162, 4.54189794765, 1.06668171122, 0.818578355009, 207.223354899, 1.00816881201, 1.6124121873, 1.00602281917, 4.49266281469, 1.00340274274, 17453.0223039, 0.268096514745
4.65704004608, 1.09108736844, 0.863803184171, 0.927711983344, 1.44428615438, 0.740796636591, 1.02801850631, 1.08449071914, 0.974643528399, 1.84947572138, 3.88017282901, 0.910849036244, 1.25280141843, 1.00935246349, 1.09000022845, 1.078573223, 1.02618211019, 0.817582941385, 5.01942266769, 1.07622908597, 0.885081246139, 43.1001660924, 1.13206183438, 2.89174398686, 1.05687730173, 4.95112499727, 1.01790723042, 13782.6313301, 1.87667560322
5.94354527349, 1.1275795259, 0.841463237343, 0.957737576504, 3.16589943225, 0.77232890598, 3.87996933506, 0.837966599037, 0.950519281212, 2.0382872095, 6.79598125192, 0.993214793347, 1.39765454398, 1.18891383293, 1.0900007537, 1.05193209795, 1.00669767884, 1.00740639652, 6.40488894351, 1.00488308951, 0.9107650151, 120.341606974, 0.918303583889, 3.1559372811, 1.06224363433, 4.67942541298, 1.21101753446, 2899.0573395, 2.41286863271
5.36120002856, 1.03364555559, 0.937056091481, 0.956796809209, 6.18848422779, 0.743154509789, 4.80545945275, 0.90111925655, 0.939874787461, 1.70924471639, 3.85286710241, 1.02231726451, 1.05689662819, 1.06830345558, 1.09000068882, 1.04325745638, 1.00613044864, 0.93690256185, 7.07110767044, 0.912770581182, 0.855849656423, 159.22061559, 1.00867984435, 1.54534891121, 0.953592548717, 3.28052860046, 0.992243396068, 20907.2752118, 3.75335120643
2.92391106848, 1.1145977523, 1.09926284425, 0.801793698877, 3.14094462922, 0.808518776703, 4.22148218497, 0.869771385321, 0.915833094926, 5.12013636576, 6.52049914014, 1.04205668032, 2.75643841996, 1.22717077993, 1.09000055736, 1.01915064916, 1.04827105882, 0.895868369212, 3.12355863926, 0.981871374896, 0.908739247763, 323.277495154, 1.05722458661, 2.75812716988, 1.15487004842, 3.80181988513, 1.23716497499, 63954.4755997, 5.63002680965
4.02481615601, 1.16766008902, 0.885576114333, 0.935849849008, 4.48400344938, 0.812075977156, 2.54469727789, 0.990052093869, 0.935669398932, 2.40108681098, 2.45419491885, 0.999906617098, 1.60351137981, 1.18338146423, 1.0900002641, 1.07523391848, 1.03169683839, 1.20996854905, 6.69855934811, 0.951776191043, 0.918381340899, 277.687846772, 0.951869368472, 1.10187312561, 0.966034729705, 3.59235793524, 0.990159438445, 5397.45222313, 0.536193029491
5.87671647011, 1.12213248306, 1.06882538199, 0.920916416193, 4.22884637595, 0.900734692874, 1.83475927312, 0.994100556071, 0.911984836468, 5.21625642811, 4.41819014389, 0.893578390552, 1.56501684739, 0.848259027728, 1.09000015073, 1.09193030744, 1.01002194707, 0.978577143604, 6.44927798584, 0.910099667295, 0.833722529992, 61.4234961577, 0.942166148042, 1.82412826143, 1.03600002136, 4.40500841284, 0.976092650728, 7464.98148768, 1.60857908847
4.18633032323, 1.07073961258, 0.905878256112, 0.890026206383, 2.78734221364, 0.901583124376, 1.99015098385, 1.0610918806, 0.915555266392, 2.63134084075, 2.49526651839, 1.02294906741, 2.69613916241, 1.242683016, 1.09000075254, 1.07401009708, 1.0387977214, 0.933855541031, 5.09655300921, 0.998368004746, 0.831666955166, 207.18286144, 1.11616150737, 4.78695690247, 1.00764604883, 5.31276338246, 1.29988570745, 30099.5983243, 0.804289544236
4.48830053469, 1.06828546972, 0.918623425004, 0.900580681242, 1.84047189084, 0.97677193394, 1.46670228124, 0.986060049835, 0.910480347728, 1.99379395927, 4.74420861757, 0.816340747827, 1.36156814408, 1.24723965698, 1.09000094167, 1.01564682284, 1.04493816352, 0.932937160458, 3.28303499615, 1.06913395418, 0.798624504498, 315.34563891, 0.931672101488, 1.45468750177, 1.14237511118, 5.42083485604, 1.12097554535, 2411.62004341, 0.268096514745
2.26246485787, 1.01594082261, 0.955899591189, 1.18412822829, 5.93233080205, 0.779868768613, 4.2987734882, 0.967898179936, 0.923737979086, 3.84553985945, 3.6634625056, 1.0761123804, 1.9506243028, 1.19221756073, 1.09000070044, 1.03508385923, 1.04728918161, 1.01747186846, 3.05779829053, 0.93553841729, 0.853907456194, 345.883165241, 0.930920595881, 1.76340200253, 1.09554480265, 3.74956516796, 1.00067286317, 361.82396995, 1.34048257373
4.67985024087, 1.23378127984, 1.07224386729, 0.904646266011, 1.94305195748, 0.994391148629, 2.5888263125, 0.913706160541, 0.922382356376, 3.74304291041, 3.88754293927, 0.934182549713, 1.95444174153, 1.24823533687, 1.09000088091, 1.00251692403, 1.04295110619, 1.06396211687, 7.65527172825, 0.929027627685, 0.798014546716, 61.8733738942, 0.931307444414, 2.59885001913, 1.143993747, 3.60308865736, 0.981774676748, 6453.07384617, 4.82573726542
2.84528922073, 1.17233229552, 0.795507506477, 0.867097161075, 5.22517955617, 0.920460105914, 1.96386891776, 1.09609460797, 0.915880265969, 2.97127238635, 5.32829380398, 0.830459888188, 2.8163760506, 1.01221266718, 1.09000085596, 1.0736563202, 1.03310550116, 1.21425054392, 3.03277413606, 0.91135162673, 0.890641790323, 216.761188876, 0.923502837822, 2.08477061661, 0.953098378792, 5.19914034693, 0.878449414907, 13903.4174328, 5.09383378016
4.21707798628, 1.13155203575, 0.933632173323, 1.12389172868, 2.62301606302, 0.914789181405, 5.42694476202, 0.990288559929, 0.972252976557, 2.32386113139, 5.7652197936, 0.846879482672, 1.68322998592, 1.23934265893, 1.09000096368, 1.0807964127, 1.03059485873, 0.877449815069, 3.61297763986, 0.930177106761, 0.879188215639, 199.009716398, 1.0256534481, 1.28068509391, 1.11452779847, 3.52195615518, 0.906023958178, 44924.6877983, 6.70241286863
3.94609624437, 1.19543710725, 0.745987783537, 0.855853577666, 5.24780939357, 0.801366124011, 2.28987200679, 0.95725379535, 0.901947121899, 3.76881707186, 6.38727402432, 0.921871645035, 2.46374320117, 1.11130692314, 1.09000088621, 1.09133289849, 1.03474429372, 1.21047115822, 4.26414312537, 1.06004184045, 0.766485771495, 235.079710687, 0.940012736543, 2.44663420112, 0.994881128578, 5.04968411499, 1.01860430544, 899.32250809, 2.14477211796
2.88550651974, 1.00977459411, 1.03661547872, 1.07578450799, 5.16651846367, 0.857599732398, 1.09132799084, 0.920771222627, 0.909848113843, 1.4769498761, 6.41282065665, 1.05559785594, 2.85900253323, 1.16275006621, 1.09000003638, 1.07662556027, 1.03391352145, 1.11220518874, 3.76234332424, 0.960238407202, 0.982856768166, 317.28511455, 1.056896867, 2.23129281872, 1.18837531154, 3.66094923251, 1.17029796719, 66753.7414335, 6.43431635389
3.94802670822, 1.03665922669, 0.737666572581, 0.913761138842, 1.87313612446, 0.935266489941, 2.59539175204, 0.833750312846, 0.947355391724, 3.69675598391, 2.2679725838, 1.02177302205, 1.24082885344, 0.848395355093, 1.09000069988, 1.09301178374, 1.02753540294, 0.905026940523, 4.96256513444, 1.03744208505, 0.867701180618, 137.266414192, 0.923428785504, 1.23887614264, 1.12504570406, 3.40572526889, 0.947706745826, 41085.5237982, 4.28954423592
1.94292662506, 1.26312097656, 1.13036172284, 0.866461147715, 6.42806921835, 0.942062172289, 1.80871919896, 1.05620155759, 0.976747572484, 2.49554407395, 7.48350564164, 0.891088829665, 2.25563871373, 1.0456338992, 1.09000028814, 1.00301453138, 1.02148836142, 0.830080061616, 4.77461262335, 1.03725041636, 0.875534656923, 59.7154706275, 0.980704762112, 1.55765823001, 0.991129885535, 4.47616542244, 0.904650083323, 360.41804999, 2.14477211796
2.9949573162, 1.16523112717, 0.767881878283, 0.814085349931, 6.62264967715, 0.874037706895, 3.01380761803, 0.970735210608, 0.944718480377, 3.9399394207, 3.03326224312, 0.862485309578, 3.24013589331, 1.20576610639, 1.09000036441, 1.05772089108, 1.04631926779, 0.884473022208, 3.65422073788, 0.955262512914, 0.805808709369, 150.239885273, 0.914133060752, 2.57122108251, 1.11689393801, 5.26670884774, 1.16403443191, 1046.82198615, 9.38337801609
3.13210208884, 1.14801658942, 0.955531214081, 0.851667565577, 4.85905532002, 0.980943927035, 3.50314607918, 0.867571812907, 0.93704859348, 5.88540994073, 5.46453752047, 0.812081884725, 2.35916017366, 1.23726183906, 1.09000084237, 1.08336022788, 1.02669545677, 0.838283190099, 3.07278308924, 0.940230976448, 0.767134051805, 167.688292975, 1.0824980582, 1.02250855349, 0.998560037174, 2.35018966618, 1.07847032644, 382.97341951, 1.60857908847
2.09674066894, 1.02638602659, 0.742570924592, 1.02882463308, 2.7711340605, 0.905092079338, 2.00413727435, 0.899868443872, 0.904597236785, 2.18398811214, 7.1447543565, 0.922034869, 4.39636450125, 1.09013879675, 1.09000050136, 1.10254118099, 1.03703368646, 0.978737062861, 3.76281997175, 0.93635638354, 0.868978660172, 135.170600083, 1.13990481492, 3.72750173253, 1.099347611, 3.94836672854, 1.12834918797, 3344.59536122, 7.23860589812
1.90235293328, 1.12144166526, 1.04493996551, 0.873496718852, 4.29501260071, 0.82636160314, 2.6058465095, 0.979955115495, 0.932424438741, 3.24372747796, 5.36651761904, 1.07299096647, 2.1763209548, 1.18471487146, 1.09000056944, 1.03983771942, 1.01988473816, 0.845466480829, 3.15315048957, 1.04949667117, 0.893933820261, 241.985292089, 0.943883455003, 3.77733334827, 1.08116292073, 3.36735629009, 1.03261343897, 3910.45326412, 0.536193029491
4.02546570046, 1.09958396115, 1.06769078806, 1.04226855414, 4.45966992777, 0.896518706323, 5.54186151711, 1.04013506909, 0.920858761421, 2.38643621362, 7.52994548968, 0.973927458848, 3.01604343931, 0.814358548796, 1.09000034249, 1.0454486229, 1.0237569948, 0.829553398353, 3.63434440613, 0.955195276171, 0.871127941037, 89.6743320563, 0.942071958087, 2.00956530265, 0.979141111111, 5.43603623785, 1.18623310965, 17948.7379179, 0.536193029491
5.90614534944, 1.03489681609, 0.874074012705, 0.966724816854, 5.3762589726, 0.742696978464, 2.80385234187, 1.0478643859, 0.909766849688, 1.36502335619, 6.83910125037, 1.0719010285, 1.68807010638, 1.2834422084, 1.09000060753, 1.02187062361, 1.04134858623, 1.04679698298, 3.31961209819, 0.970225448173, 0.804115548069, 233.066796209, 0.944186038101, 4.62599287331, 1.08525814336, 2.79659281867, 1.1448050784, 4273.25573625, 2.68096514745
4.10506059123, 1.16995902902, 0.955749491462, 0.874374404221, 3.02582844851, 0.765806675872, 1.27572305359, 0.839797468906, 0.937705434634, 1.85587172953, 4.39146096797, 0.820017649506, 1.20570477339, 1.14787441943, 1.09000043646, 1.03688111212, 1.04770305017, 1.14165840709, 8.6097812559, 1.04092890069, 0.776004864891, 235.892431386, 1.05718807624, 2.90275656263, 1.03195768364, 4.62239513369, 1.01487082839, 17205.6605006, 2.68096514745
5.52764348015, 1.0686015784, 0.944179430153, 1.1609332832, 4.50788233367, 0.823397219349, 1.07809914929, 0.859026787354, 0.953587222727, 1.47353921978, 6.37366807437, 1.02106603702, 1.39184405609, 0.981261713784, 1.09000050225, 1.03058230213, 1.0304751249, 1.20334830234, 3.69681274404, 1.11735271071, 0.975919151856, 126.848413577, 0.955867934477, 1.06446209258, 1.17891717308, 3.64978181823, 0.905589069004, 11125.6667801, 1.34048257373
3.63275271463, 1.04769414776, 1.12831551289, 0.887180759282, 5.27175231267, 0.877183281345, 2.87272976532, 0.844292321416, 0.963771380725, 3.40345433324, 3.91700050782, 0.940954240855, 1.67422530626, 0.906244129558, 1.09000062028, 1.05932583921, 1.01235064796, 0.911379260912, 3.03168543, 1.06831188139, 0.881054040094, 122.825945452, 0.950740392432, 2.16586687854, 1.16017693136, 5.18441461125, 1.01196823023, 43312.5031937, 2.41286863271
2.79164042965, 1.22292773235, 1.15730252678, 1.04819556464, 5.34531481828, 0.750195705781, 2.61285303074, 0.886685002278, 0.91342241089, 3.42000950981, 7.21551528903, 0.811694228344, 1.47039951152, 0.839734255015, 1.09000046756, 1.08271082004, 1.02480560964, 1.12071256127, 3.83451527236, 0.928312427772, 0.800638208259, 164.565995479, 0.910355685655, 1.98510531222, 1.08317727396, 4.07183122323, 1.17811646059, 13412.292001, 1.07238605898
4.06943253713, 1.2228570034, 1.14784711716, 1.1026927376, 1.75988956219, 0.93063127484, 2.2642672212, 0.884159591627, 0.926643170583, 2.1618756422, 6.82317508992, 0.856065672143, 2.01053211283, 1.22414274785, 1.09000051012, 1.05983667252, 1.04500272287, 0.86421295393, 9.14730390156, 0.920754334976, 0.924086419679, 271.628517473, 0.955597204369, 2.74305147274, 1.099290018, 4.9585560865, 1.00197972758, 6143.22441065, 1.07238605898
2.80101240228, 1.00962993856, 1.06546788816, 0.853811667584, 1.48344303757, 0.888925112026, 4.11197255537, 0.847008412833, 0.924835865628, 1.81508687562, 5.25937989813, 0.917016798016, 1.0240027293, 1.18779121929, 1.09000064068, 1.03786799589, 1.01520917004, 1.0037936431, 7.41498982335, 0.946423593011, 0.795744976692, 234.481023472, 0.997284994109, 3.03081515656, 0.968169136833, 2.74342729378, 0.954900334737, 1808.64411865, 1.07238605898
5.69087887875, 1.08905186148, 0.789873336765, 0.944339440178, 2.67223297662, 0.890561214505, 1.70658312529, 0.868256600184, 0.92258610038, 2.50733056286, 4.82342962928, 0.893045330157, 1.7153718229, 1.1569785764, 1.09000089105, 1.01491067594, 1.04317559454, 1.06217490668, 4.16537759558, 1.07793416645, 0.847221422743, 65.7948359433, 0.921167408805, 1.87395945259, 1.0047921653, 5.16794867225, 1.09657455623, 152057.78914, 3.48525469169
1.29662388295, 1.17675812793, 0.823996300163, 1.12220727747, 1.41280268421, 0.831927560759, 1.15029055921, 0.942653268746, 0.904987751591, 4.54232244595, 4.84851715875, 0.813052414645, 1.63754471205, 1.15438992304, 1.09000082519, 1.0668353307, 1.04992523253, 1.18821947513, 4.74649861624, 0.953486249622, 0.806814935376, 85.3530442689, 1.0320401067, 1.3195080879, 1.06462541111, 1.31053107672, 1.02849252303, 17498.1669811, 6.16621983914
5.21558956342, 1.02291825352, 0.815184946697, 0.830141937842, 6.67957689727, 0.927275307164, 1.50327910035, 1.07069902387, 0.910092392467, 1.42392185745, 1.76041681174, 0.896590545261, 3.75111129658, 1.19390533826, 1.09000041967, 1.08534507855, 1.02442726999, 1.04246647863, 4.25304030052, 0.92330429897, 0.865866712285, 49.2139703262, 0.919155859097, 1.98930422902, 0.9893499331, 3.84544561422, 0.99853754924, 9214.07219875, 6.97050938338
4.74237171559, 1.0178986706, 0.884716963213, 1.1678480004, 4.31868723295, 0.726143006285, 1.27862167941, 0.876739105662, 0.91444085611, 4.65848604339, 4.29746864082, 0.98194748535, 1.13339828891, 1.28857522496, 1.09000018563, 1.0774300795, 1.03578566165, 0.976456539476, 7.81572128884, 0.943504403575, 0.874530285878, 142.051763535, 0.948340374285, 2.61195444625, 0.975583248225, 3.21383612884, 1.29142179717, 9533.0004093, 1.60857908847
2.64941636899, 1.00698862842, 0.758547787128, 1.16280439098, 5.60051762633, 0.806286305305, 3.02049104446, 0.910792316263, 0.938811188413, 2.02635210628, 4.30103555662, 1.07109058552, 1.53590951439, 0.944318616448, 1.09000004575, 1.04458804893, 1.04053443723, 0.895470492183, 3.93973323205, 0.951516686106, 0.932269586164, 146.412835814, 0.964078369255, 1.05487034118, 1.03608497163, 1.91466578468, 1.04942619146, 4701.88561397, 3.48525469169
4.73497828319, 1.06687136638, 1.14358708457, 1.1709967859, 4.17677057775, 0.895134385837, 2.04988252111, 0.888334363911, 0.927869732233, 2.67492156792, 3.55678144241, 1.00760499943, 2.55781012896, 1.14030240347, 1.09000077373, 1.05365733583, 1.0444620249, 0.91007712539, 4.54864831672, 1.00610552652, 0.880647368846, 48.2606820559, 1.01649977646, 2.08348509835, 1.01842231586, 4.96073012585, 1.01237922454, 24817.1639715, 0.536193029491
3.6905086304, 1.12593192611, 1.07502606113, 1.01796127011, 3.42414254483, 0.933128907116, 1.03005415619, 1.03828439508, 0.919237346387, 1.91494003316, 6.1004767318, 0.874109477439, 2.54267780372, 1.23073116159, 1.09000032768, 1.07411926522, 1.0419567558, 1.07891971217, 3.05592084726, 0.956213031366, 0.827682288934, 356.272734653, 1.05996441059, 5.61998988526, 0.99654960143, 2.57454893207, 0.88841094492, 10909.5768192, 3.48525469169
5.06004928193, 1.0103471267, 0.801357448563, 1.18794618175, 4.24872387578, 0.876785373932, 3.3327300748, 1.08721932678, 0.976203630074, 1.47247766942, 3.49733279699, 0.942590308669, 1.05755948625, 1.11836916813, 1.09000000164, 1.04158017248, 1.04844543152, 1.01555208483, 7.03387652003, 0.978676431518, 0.856658782537, 95.6788923127, 0.935281121308, 2.5206683525, 1.08983935564, 3.35915704563, 0.918738506198, 8633.70784887, 5.36193029491
4.25154356904, 1.01055383183, 0.811209996453, 0.828319030587, 4.17702853428, 0.911038425804, 2.97678246322, 0.886896326111, 0.914116732861, 2.15833932625, 3.63694097092, 0.954673881272, 3.79177490671, 1.19709552889, 1.09000064871, 1.106018639, 1.04595919406, 0.977252888827, 6.10742641477, 1.01285551614, 0.830764525612, 24.5759656511, 0.940643045738, 1.83122404823, 1.19861151845, 4.76801520428, 1.00605444757, 12351.3079467, 6.70241286863
4.10440143109, 1.1171700421, 0.768900057034, 1.08714785263, 2.83072981354, 0.924889467739, 5.83147110107, 0.827522848536, 0.927937632542, 3.20635838588, 4.08948505295, 0.915932295702, 2.19073781872, 1.0571988614, 1.09000036846, 1.01290957622, 1.04566825824, 0.927965181379, 5.98719474702, 0.962943823347, 0.852881693031, 92.4164012157, 0.95424872157, 3.03797453127, 0.97346631132, 4.88483533341, 0.951127210622, 20476.906417, 1.07238605898
2.43620475943, 1.09924929769, 0.784594027142, 1.0915403866, 5.59141600437, 0.987343107296, 1.84483913492, 0.88931593783, 0.958870537348, 1.29359694464, 3.11996900064, 1.00667176396, 1.737744569, 1.28888835693, 1.09000053368, 1.07694057708, 1.04834879525, 1.11430550777, 4.5460727407, 0.928860428996, 0.88617604086, 176.881747959, 0.91690569561, 3.90326839936, 0.951892297752, 4.97969174528, 1.12728216991, 13269.9094733, 2.41286863271
3.78979865686, 1.08638455894, 0.760858918673, 0.834166052731, 1.90788470183, 0.91973756159, 3.07264720883, 0.843535641046, 0.937291360304, 2.42139538533, 5.69155819541, 0.877655337781, 2.62690056561, 1.09366874586, 1.09000051644, 1.05217835838, 1.04935753016, 0.859172317644, 4.9690104916, 1.07198877565, 0.896917147476, 118.287447517, 0.912991951305, 3.5828466564, 1.0551524997, 5.24444159003, 0.937340993022, 1327.50155348, 0.0
1.38958675782, 1.03804029666, 0.985547293621, 0.827530925388, 2.31612729621, 0.993121401835, 4.72418720486, 0.901923365592, 0.906077324013, 1.90012983116, 7.03121637772, 0.998060432273, 1.75421714053, 1.23882011816, 1.09000076338, 1.03943491206, 1.04367775385, 1.08961711386, 3.01600002698, 0.982572826903, 0.851685209051, 71.6813992426, 1.1973308624, 3.35817359994, 1.16212171363, 2.46376118659, 1.08447048169, 24215.2880703, 8.8471849866
1.6838948858, 1.15437659745, 1.05232854327, 1.16065354094, 4.49511970399, 0.798951144622, 1.69974866018, 0.932135761583, 0.901862374955, 1.67026891774, 1.69033663143, 0.988312904636, 1.21150373444, 1.21758130951, 1.09000036816, 1.10509502222, 1.04544448687, 0.993432386219, 4.94635096845, 1.04321834283, 0.862464689511, 193.178340827, 0.944273847695, 2.24256514298, 1.17514300992, 2.81335630947, 1.12460675352, 13879.2415718, 2.14477211796
4.71938417896, 1.02617602796, 0.906637539932, 0.920946116772, 3.21437835451, 0.932831731894, 1.36518491494, 0.941583499978, 0.911572308182, 1.48961670942, 4.28411776961, 1.01800248577, 1.20508542593, 1.051451081, 1.09000066107, 1.07301847556, 1.03186144447, 0.854064885978, 3.70040397104, 1.09868586528, 0.994894028657, 26.1469044649, 0.981049628489, 5.64891250447, 0.95822203226, 5.09398321353, 1.14863785626, 13578.3521337, 3.21715817694
1.18963648264, 1.01322270269, 1.03945257785, 0.830618227917, 5.97125561793, 0.83179257535, 4.17186252413, 1.01912483349, 0.908494282294, 2.73529138789, 7.18800565706, 0.829162701492, 1.17407056477, 1.21750026731, 1.09000030509, 1.07096780234, 1.04934724177, 0.866334574199, 3.7945892405, 1.09079349322, 0.961585098237, 62.2561317165, 0.920073201458, 4.75144757019, 0.974112835874, 2.03552848195, 1.04849542554, 34311.4025391, 0.0
