2.35830007252, 1.03284284323, 1.64347848625, 0.958816846482, 2.83000005153, 1.17770520258, 2.19730599133, 1.26000069151, 1.1400007468, 2.11515206458, 1.74194831199, 0.917086336877, 3.04000044398, 1.11521887391, 0.785156842402, 1.0000005, 1.00000004953, 1.09471649965, 6.36498065423, 0.913123994785, 1.0000008254, 91.4619008851, 1.06258188294, 1.95682987101, 1.02095509559, 3.29000020984, 1.0000007305, 36.3428436574, 49843.0399566
2.20884462755, 1.03087782985, 1.71000115357, 0.835053254687, 2.83000070992, 1.17248414553, 3.76082509405, 1.26000075065, 1.14000079229, 1.47878432862, 2.11399313774, 0.893945873179, 3.04000072481, 1.08898887596, 0.890334660112, 1.00000091004, 1.00000022511, 1.05916117039, 3.52333966361, 0.979477715133, 1.00000024204, 104.426874321, 1.07596495298, 2.06362632256, 0.950247795961, 3.29000015431, 1.00000058076, 29.357513789, 7841.0653642
2.46294322725, 1.10302939077, 1.72852488857, 0.928190903673, 2.83000092316, 1.13957755252, 1.00668072962, 1.26000096327, 1.14000073921, 2.57362340342, 1.76150136491, 0.935810022492, 3.04000009446, 1.08840835943, 0.858831559063, 1.00000028761, 1.00000060469, 1.10599422149, 3.85719818735, 0.932224194395, 1.0000000137, 105.666130046, 1.07342477335, 4.81106489401, 1.01597902572, 3.29000024612, 1.00000063843, 36.2427489668, 23437.8655641
1.45176303015, 1.07649415459, 1.72998358565, 0.995407325693, 2.83000010532, 1.14660688146, 2.933295735, 1.26000024538, 1.14000000405, 1.77942113794, 1.77413952023, 0.891760500084, 3.04000067641, 1.02503893184, 0.804067565307, 1.00000040775, 1.00000046876, 1.10461176132, 3.83362314143, 0.994317981371, 1.00000098394, 111.468569881, 1.03088406644, 4.05693440779, 1.04124906719, 3.29000068058, 1.00000006528, 37.2123692778, 45968.978293
1.42602979219, 1.01055560771, 1.70628879256, 0.88077884173, 2.83000096712, 1.0412131979, 2.29072695016, 1.26000098301, 1.14000083674, 1.78993668278, 1.67610535138, 0.936515582209, 3.04000083018, 1.07574393547, 0.808602589373, 1.0000001832, 1.00000004319, 1.10032134227, 8.77867345274, 0.998785215571, 1.00000081615, 119.467114206, 0.959402789003, 1.41368349038, 0.954940972062, 3.29000029549, 1.0000006986, 22.0664949703, 5958.58224075
1.9375054873, 1.11335594276, 1.73967095735, 0.904486017856, 2.83000009488, 1.16623057832, 2.67303532327, 1.2600000497, 1.14000033789, 2.67684489953, 1.78359016093, 0.922510679729, 3.04000043797, 1.10700524509, 0.945878617941, 1.00000042218, 1.00000029156, 1.05375973812, 4.43569005624, 0.928933871248, 1.00000081853, 118.893707485, 1.00411188672, 4.93032158918, 0.978759861084, 3.29000078029, 1.00000054298, 27.6006088313, 20609.2636428
4.4361108462, 1.06363180892, 1.58590977176, 0.937036312989, 2.8300003323, 1.1528274222, 2.118955276, 1.26000011145, 1.1400001794, 2.05557400088, 1.72002947974, 0.905459211025, 3.04000002762, 1.11292658827, 0.826653455662, 1.00000088613, 1.00000021679, 1.0689404587, 9.43775265589, 0.940693856479, 1.00000000322, 121.875817157, 0.903412008397, 4.03588147342, 1.00339625236, 3.29000074065, 1.0000000195, 24.6557704879, 5348.550165
1.52081438158, 1.00038432032, 1.56666210425, 0.922999184535, 2.8300007121, 1.01754000477, 2.29817699574, 1.26000023482, 1.1400002875, 2.12506327836, 2.22978218102, 0.897974793723, 3.04000087837, 1.0910207109, 0.858084054844, 1.00000077972, 1.00000073246, 1.0690616304, 4.01027343092, 0.988729678376, 1.00000081893, 101.584350954, 1.081469229, 5.12665740372, 1.02368526723, 3.29000016632, 1.00000027832, 39.4270745788, 21794.6234209
2.4877616996, 1.04224597945, 1.69241263596, 0.967678387967, 2.83000011925, 1.1707654556, 1.14556721603, 1.26000005567, 1.14000093063, 2.08640575346, 1.60700320675, 0.947081270441, 3.04000080457, 1.07722594522, 0.864674279466, 1.00000027604, 1.00000043739, 1.0895889678, 6.87460600051, 0.990037291359, 1.00000079604, 78.6786441799, 0.939153206436, 3.92706259612, 0.975201530045, 3.29000006405, 1.00000043628, 33.5434132489, 20967.4384483
3.58235683151, 1.0773944323, 1.6665099009, 0.889953918052, 2.83000019789, 1.12712397138, 1.83682149156, 1.26000053969, 1.14000004333, 1.85078030792, 1.95568366497, 0.941996779919, 3.04000047095, 1.08370621246, 1.04261701198, 1.00000081746, 1.00000050472, 1.00250445803, 6.09099977839, 0.946901445617, 1.00000036155, 107.117347168, 1.07435517293, 2.91855883317, 0.958631051648, 3.29000015273, 1.00000028771, 47.3198506558, 10553.4514438
2.09473676038, 1.05398977044, 1.533672479, 0.905460550409, 2.83000009538, 0.999028722248, 4.24535423127, 1.26000037909, 1.14000069658, 1.67345287437, 1.87181470024, 0.924475059694, 3.04000025387, 1.06467589624, 0.89975463975, 1.00000031163, 1.00000050693, 1.07217854147, 6.542858481, 0.997281964839, 1.00000022783, 114.369730529, 0.955819023054, 1.51926976483, 1.04514018663, 3.29000001895, 1.00000011767, 36.8693412726, 10158.9998069
1.41530459593, 1.0241658932, 1.69261980538, 0.97085391312, 2.8300005151, 1.17491762724, 2.22913164758, 1.26000082918, 1.14000069681, 2.84646266095, 1.65508533669, 0.9350137693, 3.04000053615, 1.10764891349, 1.04619575095, 1.0000003028, 1.00000056426, 1.07126870239, 6.67852800105, 0.997298517229, 1.00000063184, 91.2063520795, 0.957272453745, 2.13416089646, 0.978093074158, 3.29000016421, 1.00000043966, 61.8364578797, 15400.7572641
5.34020054576, 1.09860945929, 1.67761070032, 0.8030906799, 2.83000058141, 1.07347739742, 2.68704410468, 1.26000092711, 1.14000092229, 1.94555534445, 1.75591462506, 0.909878595747, 3.04000056958, 1.01226225469, 0.907240316935, 1.00000085295, 1.00000060052, 1.0609184244, 3.39629514026, 0.991247027521, 1.00000074964, 124.487432303, 1.01705382136, 1.71589048263, 0.975640896198, 3.29000011369, 1.00000062764, 32.1314517081, 7858.70066677
3.63772575387, 1.12777358288, 1.72608431043, 0.854704926787, 2.83000003615, 1.18973641276, 1.06022677736, 1.2600008747, 1.14000088124, 1.51990752196, 1.65843839294, 0.987085877015, 3.04000055001, 1.10202294151, 0.984288897536, 1.0000009979, 1.0000003778, 1.09023581488, 6.52889601629, 0.934407709384, 1.00000074447, 124.905581067, 0.869668696242, 4.37224503951, 1.00265521795, 3.29000043683, 1.0000006763, 42.5805536655, 56327.1666199
2.470755295, 1.11589909623, 1.66949461402, 0.934088296267, 2.83000017794, 1.05247841182, 2.34943089026, 1.26000054291, 1.14000065724, 1.88084026501, 1.66202202957, 0.896129755874, 3.0400001674, 1.06476054146, 0.868111948519, 1.0000007417, 1.0000003889, 1.09796174093, 9.54411644782, 0.970361809059, 1.00000078052, 100.173520561, 0.877024824765, 3.17856834331, 1.03841322565, 3.29000027054, 1.00000095093, 25.0440591122, 15247.2338232
1.37147825882, 1.04215353111, 1.35225513282, 0.985727760386, 2.83000050076, 1.12415585938, 1.00983628712, 1.26000007635, 1.14000034373, 1.98987234117, 2.05320405425, 0.930755578339, 3.04000060981, 1.09630322414, 0.996185768714, 1.00000064501, 1.00000062217, 1.07314295058, 9.67330605596, 0.955823214961, 1.00000010291, 96.5083090178, 0.915572534186, 2.58014266981, 0.988384788002, 3.2900000247, 1.00000087178, 34.5425175348, 20755.9243072
2.13625413335, 1.09870522149, 1.64495858746, 0.978105820871, 2.83000094262, 1.17324093662, 1.62006938782, 1.26000051376, 1.14000012772, 1.26678988297, 2.19981317689, 0.962045456852, 3.04000087036, 1.09995635142, 1.03535943454, 1.00000037422, 1.00000005516, 1.07599725604, 8.5870760919, 0.953597420751, 1.00000060819, 99.1961977146, 1.03289183233, 4.90155416187, 0.965455191089, 3.29000038222, 1.00000063168, 29.1298882802, 5745.72315561
3.4888337174, 1.08306974712, 1.62285556826, 0.899928781988, 2.83000009002, 1.0017204808, 2.40965803316, 1.26000068497, 1.14000034354, 1.55092398833, 1.96789367411, 0.898517917703, 3.04000014894, 1.02087258203, 0.912797184464, 1.00000087253, 1.00000079315, 1.07410309922, 5.21471327667, 0.986608848078, 1.00000036718, 109.401954125, 1.07274103574, 3.66172964928, 0.962432378625, 3.2900004124, 1.0000008527, 19.0028917786, 450.601537982
1.37122727686, 1.00379316658, 1.64693194086, 0.930749073461, 2.83000041275, 1.0353658139, 3.8587277629, 1.26000055962, 1.14000014388, 1.8364883932, 1.83594131783, 0.894490155622, 3.04000054913, 1.01778588007, 0.993648792485, 1.00000037593, 1.00000092471, 1.08832980074, 6.58777908445, 0.980096448894, 1.00000029011, 104.878176166, 0.999329241176, 1.23105322041, 0.977069340179, 3.29000025651, 1.00000051818, 51.2003602791, 34879.9009513
2.12406403169, 1.08082527484, 1.73985289598, 0.802768142922, 2.83000053731, 1.09271272469, 2.50333173485, 1.26000076678, 1.14000004645, 3.3028965544, 1.61116327928, 0.972222681733, 3.04000011111, 1.09582172114, 0.938283309399, 1.00000045378, 1.00000055898, 1.06804107597, 3.88221532609, 0.986280994177, 1.00000030902, 110.729921151, 1.05545766291, 4.52772612298, 0.9562794422, 3.29000034679, 1.00000002417, 49.056971862, 14020.9400631
4.77838206404, 1.11410550926, 1.69256048856, 0.873147619959, 2.83000046497, 1.01614732109, 1.00298932952, 1.2600005543, 1.14000085157, 2.74145055621, 2.23493201836, 0.891681721943, 3.04000042149, 1.05987574863, 0.896665545976, 1.00000019739, 1.00000050707, 1.10372483054, 5.54937642127, 0.954431545322, 1.00000030593, 88.5608205746, 1.0689470369, 4.66440211204, 0.951009809867, 3.29000005814, 1.00000081239, 32.0829627046, 14109.152684
1.30758689874, 1.09450993146, 1.71912040776, 0.970962339633, 2.83000096746, 0.865922329759, 5.74230832414, 1.26000005548, 1.14000095527, 1.88495993016, 2.0758352923, 0.893750999221, 3.04000035437, 1.10083250915, 0.916778115243, 1.0000008751, 1.00000048161, 1.04714762599, 3.06964292628, 0.984678413837, 1.00000060563, 112.573900214, 1.04337721282, 5.3863529217, 0.963287115282, 3.29000057361, 1.00000033843, 19.2554445249, 5902.88108601
2.03703927785, 1.10159071906, 1.70341873902, 0.94032687749, 2.83000075216, 1.08792014175, 3.24368035699, 1.26000066371, 1.14000097627, 3.26277422504, 1.582284732, 0.971355067363, 3.04000008538, 1.11101033421, 0.88602547047, 1.00000067682, 1.00000028581, 1.10065686797, 7.76541001796, 0.93198222482, 1.00000065965, 99.2103041136, 0.909476043616, 5.97696120457, 1.0441490961, 3.2900006102, 1.0000007964, 11.2490885407, 595.765674337
1.26148911367, 1.10083178185, 1.69743780738, 0.956133670143, 2.83000024519, 1.18892895049, 1.09038669981, 1.26000068357, 1.14000065546, 2.70393720626, 2.2500604345, 0.921233674756, 3.04000067863, 1.050528281, 0.984629429194, 1.00000076008, 1.000000059, 1.08296784639, 6.07843224816, 0.957628951123, 1.00000059223, 88.7188134423, 1.02439826429, 4.96745726273, 1.04848625418, 3.29000018317, 1.0000005096, 16.2828394101, 2304.71728154
1.73185116333, 1.04281327043, 1.66388411192, 0.993340395938, 2.83000041193, 1.12862355857, 1.76391576159, 1.26000010033, 1.14000055212, 2.08682553207, 2.51358594555, 0.893439530801, 3.04000027936, 1.08802697982, 0.936650882168, 1.00000044467, 1.00000033024, 1.04114148095, 6.23802089338, 0.991399399298, 1.00000044383, 97.3443366534, 1.01993486102, 5.08491004768, 1.00177127556, 3.29000086615, 1.00000040039, 29.2681593725, 9949.79924557
5.32822026973, 1.02010204422, 1.68576487878, 0.986620775044, 2.83000084672, 1.01922643727, 1.62267719463, 1.26000073748, 1.14000068261, 1.82201438058, 1.80523206067, 0.886193928806, 3.04000039496, 1.01518382282, 0.893111070028, 1.00000036093, 1.00000004019, 1.09947092369, 8.77584549867, 0.926940248261, 1.00000074138, 80.317722949, 0.990331054521, 4.63217249379, 0.991926499183, 3.29000018197, 1.00000014576, 41.4252047212, 18302.9572957
3.71047095927, 1.12304218132, 1.59124858574, 0.955438546003, 2.83000025549, 1.1218182098, 1.99409959628, 1.26000094624, 1.14000083753, 3.30010592177, 1.99582540778, 0.988443918664, 3.04000036211, 1.11001094961, 0.933834360855, 1.00000019413, 1.00000089491, 1.08866035507, 5.50690763262, 0.968197847597, 1.00000004966, 80.1932784563, 1.01212242317, 5.12217082198, 0.955091377073, 3.29000077911, 1.00000085603, 29.1838663972, 44322.116729
1.98426731381, 1.05454813629, 1.42826932847, 0.88221921955, 2.83000019065, 0.981302904976, 1.34414052025, 1.26000056962, 1.14000001217, 2.42785657671, 2.21302592885, 0.968402773453, 3.04000019706, 1.1081017037, 0.826121010002, 1.00000038889, 1.00000035828, 1.04004014375, 5.64201573855, 0.978669792548, 1.00000087726, 101.909866176, 0.990113998708, 5.64982880516, 0.978948521869, 3.2900002931, 1.00000009695, 44.2979910548, 3213.11804218
3.6062400409, 1.08896989135, 1.73553407575, 0.937452138965, 2.8300000959, 1.01799511078, 3.01515322636, 1.26000008605, 1.14000046907, 1.9254153598, 2.08792756883, 0.886547514342, 3.04000041069, 1.08645949641, 0.986886321144, 1.00000082116, 1.00000039125, 1.10040260349, 3.71506396155, 0.969272759765, 1.0000002434, 117.588551303, 0.912956594675, 5.06239714076, 1.01537123781, 3.2900000857, 1.00000063423, 29.3966753796, 3803.59512793
3.7314602191, 1.08132887831, 1.71271907347, 0.839347712488, 2.83000073172, 1.09898841693, 1.05310532688, 1.26000026017, 1.14000023667, 1.80164378665, 1.91636175502, 0.920629521084, 3.04000025341, 1.09635567967, 0.978145446618, 1.00000098042, 1.00000028202, 1.01011591869, 7.58276718071, 0.987958857636, 1.00000066463, 95.9505132421, 0.979166013105, 4.32303109702, 1.00773831051, 3.29000025108, 1.00000046164, 10.0938528678, 109.166234195
3.18538822632, 1.07610645645, 1.72069752686, 0.99429578762, 2.83000008704, 1.18930249651, 1.78949634361, 1.26000026228, 1.14000060102, 2.42889135629, 1.59269365471, 0.919614977459, 3.04000013199, 1.04931312427, 1.04087760309, 1.00000073697, 1.00000067625, 1.05956041785, 4.84334435128, 0.971211382424, 1.00000065897, 103.666362781, 0.901647722142, 3.81618566038, 1.02946004746, 3.29000010995, 1.00000030197, 35.0107894864, 156418.85549
2.75251880736, 1.05454037003, 1.57447212422, 0.922943033606, 2.83000091558, 1.02398871467, 3.74123463552, 1.26000082247, 1.14000078498, 2.04585483816, 1.76081826714, 0.895525929175, 3.0400001491, 1.08326304502, 0.978490948264, 1.00000010377, 1.00000028453, 1.03867119491, 5.83850392677, 0.97292432586, 1.00000005263, 90.3705692604, 0.952311975865, 4.0543316652, 0.965370114235, 3.29000093218, 1.00000000419, 37.9171803516, 8328.92128393
1.7379546241, 1.125645579, 1.64781339093, 0.949175967699, 2.83000020377, 0.868360147688, 3.64222663154, 1.26000066731, 1.14000091746, 2.4034929955, 1.63744482692, 0.924080882677, 3.04000017828, 1.05797355874, 0.827208934985, 1.00000082319, 1.00000062725, 1.09871940362, 6.72380746881, 0.987309239161, 1.00000082034, 89.248346481, 0.894436277196, 2.4250629638, 0.958094905268, 3.29000078415, 1.00000038153, 35.8175152159, 18832.7489297
2.80222847375, 1.10791707778, 1.7058856432, 0.817364067653, 2.83000059368, 1.1666822355, 1.71178350217, 1.26000054236, 1.14000096843, 1.26152745999, 1.5982907231, 0.908167083496, 3.04000048827, 1.06245126167, 0.980676591837, 1.00000075334, 1.00000062313, 1.10767604524, 6.24264798323, 0.959088213113, 1.00000056454, 76.1304954847, 0.872504147358, 5.99022912107, 0.993456889233, 3.29000071722, 1.00000018829, 67.5562870769, 43638.8017146
1.44054066266, 1.05099728817, 1.70283911317, 0.889793847063, 2.83000050068, 1.12904945536, 2.30075772467, 1.26000080345, 1.14000005683, 2.92856472284, 2.63523762311, 0.884766862871, 3.04000045195, 1.0801262066, 1.00091035277, 1.00000099421, 1.00000070932, 1.06050589458, 7.53036220986, 0.993472105922, 1.00000024432, 81.7073342941, 0.958433415508, 2.56254877978, 1.04110842687, 3.29000056355, 1.00000097547, 72.9686629453, 33089.3404082
2.30534564427, 1.08041624327, 1.40283855775, 0.923905114276, 2.83000020072, 1.11102758336, 1.48460356754, 1.26000096303, 1.14000020434, 1.50116937665, 1.94722397202, 0.976877243354, 3.04000061395, 1.07131398933, 0.961242576704, 1.00000090809, 1.00000098612, 1.09748937672, 6.81754091682, 0.982780954728, 1.00000013403, 90.7521425074, 0.888445426135, 3.93087948962, 0.95524039847, 3.29000098399, 1.00000097457, 25.4175165322, 2904.06801723
4.2622102967, 1.03515106961, 1.68578088603, 0.824804607767, 2.83000002015, 0.947599972334, 3.01485947133, 1.26000073323, 1.14000079015, 1.35411706357, 1.61488956613, 0.975661954459, 3.04000090054, 1.00254196241, 0.861770475505, 1.00000081879, 1.00000036911, 1.10507552499, 5.70170033903, 0.979334078998, 1.00000026526, 113.37820282, 1.02588613225, 4.59383366739, 0.96422519265, 3.29000044184, 1.00000086395, 38.210310037, 28954.1872471
3.83298134358, 1.13735840035, 1.67053459028, 0.95006244272, 2.83000020738, 1.03777237438, 2.1028963704, 1.26000073017, 1.14000093607, 2.10228311419, 1.91902220022, 0.985645192478, 3.04000071281, 1.1099898731, 0.958207294629, 1.000000763, 1.00000007702, 1.09878109419, 5.13211945196, 0.983699751442, 1.00000054705, 94.384435239, 0.868679352798, 5.22687806469, 0.957629406215, 3.29000035639, 1.00000099454, 41.8704018813, 8035.62188279
3.30289673281, 1.13981846998, 1.35161252501, 0.999386087254, 2.83000022353, 1.15884012283, 1.19180549206, 1.26000032693, 1.14000080882, 2.33343908185, 1.63927531, 0.91764144498, 3.04000006556, 1.02824244807, 0.927568418717, 1.00000055541, 1.00000030219, 1.03085480742, 4.11840047591, 0.982501708673, 1.00000016754, 89.1738785387, 0.895144679436, 5.5900738109, 0.981005425133, 3.29000027273, 1.00000069017, 47.111937568, 10861.3791153
1.13976503627, 1.06196566627, 1.73196701158, 0.96239341965, 2.83000003131, 0.936328682363, 2.00444243495, 1.26000076611, 1.14000064317, 3.4480831251, 2.47007398159, 0.889908312493, 3.04000013969, 1.09711211191, 1.02333536974, 1.00000047697, 1.00000025683, 1.09536023118, 5.23957324761, 0.95164175979, 1.00000002084, 84.3269596769, 0.96199877477, 3.6012480689, 1.00661289912, 3.29000001446, 1.00000005947, 61.489039239, 48606.7093556
3.32386457415, 1.05937062152, 1.62537902786, 0.86219832186, 2.83000036162, 0.900846118345, 1.18709404609, 1.26000091598, 1.14000039406, 2.76748202816, 2.0380414321, 0.942555132214, 3.04000002759, 1.09370653676, 0.8610562921, 1.00000066627, 1.00000030123, 1.05860594349, 6.70751392284, 0.977654888967, 1.00000047393, 114.063827167, 0.965382606093, 4.7828979666, 0.959067276992, 3.29000058541, 1.00000052847, 43.6073221727, 6279.76929673
2.49766541872, 1.05625677054, 1.57462558645, 0.891522627448, 2.8300007301, 1.12420606111, 4.11689607512, 1.26000089451, 1.14000082244, 1.38258216177, 2.05849374956, 0.976369304552, 3.04000077813, 1.08504530299, 1.04529308074, 1.00000097981, 1.00000022802, 1.06284285656, 8.51887672541, 0.979342199399, 1.00000096856, 121.052074548, 0.872444520046, 3.52997751342, 0.959844766918, 3.29000019066, 1.00000024623, 41.086789462, 2285.57575531
1.89426550638, 1.00123379815, 1.6673683414, 0.917258751604, 2.83000026444, 0.90586314543, 1.360017632, 1.26000015251, 1.14000042857, 1.91571631741, 2.47571807836, 1.00101787215, 3.04000044792, 1.09231872283, 0.964757956285, 1.00000024968, 1.00000068653, 1.08610849858, 4.34023420679, 0.990929547259, 1.00000060288, 96.9397377363, 1.06450015063, 4.77543883295, 0.959540158407, 3.2900006988, 1.00000046285, 46.8284816985, 16585.1899374
2.77533924605, 1.06993698488, 1.65188629796, 0.897428313882, 2.83000073484, 0.876290907145, 1.28350145443, 1.26000021665, 1.14000069469, 3.64825364103, 2.02640538737, 0.883568354642, 3.04000044019, 1.11657729488, 0.920652212043, 1.00000051465, 1.00000080624, 1.03614076976, 4.34090568409, 0.949664296001, 1.00000039632, 104.798893668, 0.916320735711, 3.95928127474, 0.975710367816, 3.29000042303, 1.00000009089, 27.3430541185, 16293.6907506
2.09822774067, 1.0318940688, 1.34077090136, 0.957543382243, 2.83000039407, 0.946037720844, 1.46158918214, 1.26000098443, 1.1400008824, 1.34198258403, 1.9488627786, 0.889566293452, 3.04000016807, 1.04462996101, 1.05320039749, 1.00000052285, 1.00000015655, 1.10783936551, 8.7725067741, 0.975447135108, 1.00000050722, 94.8830610723, 0.953502337314, 4.15275829273, 0.986214881241, 3.29000012039, 1.0000000458, 41.7027068222, 34697.128353
1.06645308314, 1.1137482429, 1.66158649701, 0.963395254337, 2.83000083002, 1.00927527251, 4.29428379958, 1.26000099715, 1.14000012468, 2.10057262778, 1.86172354345, 0.931025043508, 3.04000004299, 1.11662576122, 1.03786054237, 1.00000077887, 1.00000065936, 1.07751658586, 5.00061187551, 0.968801045079, 1.00000042583, 123.481221579, 0.862958164352, 5.8681424196, 1.00813226931, 3.29000084661, 1.00000080552, 35.31484841, 25783.0047528
1.23091952718, 1.04215715445, 1.73501189359, 0.839725916834, 2.83000015127, 0.909083822929, 2.18640373004, 1.26000090925, 1.1400002412, 3.08607322625, 2.10920294828, 0.888261458535, 3.04000031136, 1.04589672363, 0.821099115532, 1.00000020479, 1.00000009724, 1.0494827724, 5.394635856, 0.98822277504, 1.00000060055, 109.250924574, 0.912639282655, 4.06743763882, 1.02561121638, 3.2900000346, 1.00000040514, 42.8248825706, 47841.8378486
2.59661413353, 1.00842846676, 1.66042197762, 0.934151868067, 2.83000042158, 1.0814443853, 4.52338011056, 1.26000055679, 1.14000027878, 2.90603373598, 1.56733974738, 0.940914101908, 3.04000088676, 1.08220966988, 0.997818859322, 1.00000088774, 1.00000004887, 1.05086968675, 8.30204785648, 0.97127436626, 1.00000016493, 122.000293384, 0.841391518802, 3.19756663287, 1.01333616098, 3.2900003023, 1.00000022713, 27.6472504813, 24729.928816
2.64080449342, 1.04773009762, 1.64841545665, 0.930801967481, 2.83000088805, 1.07867269425, 1.11178161435, 1.26000032742, 1.14000074565, 3.43322007181, 2.05104365613, 0.900155481154, 3.04000020429, 1.02050791517, 1.0845048607, 1.00000022323, 1.00000040689, 1.07797085439, 4.06765564385, 0.991292879002, 1.00000017769, 87.6284171324, 1.02238244858, 2.61767541817, 1.01780473385, 3.29000021694, 1.00000054013, 17.3605237136, 745.089876255
1.88236657121, 1.10034642273, 1.68362687572, 0.926133560656, 2.83000056217, 1.06858607237, 1.11253703375, 1.26000094622, 1.14000061176, 2.67293444723, 1.89132092424, 0.894018721949, 3.04000095595, 1.00247459336, 1.02671883438, 1.00000027216, 1.00000001574, 1.09596064073, 4.48183129601, 0.970411556499, 1.00000079114, 118.473710669, 1.08145670752, 5.65659477725, 1.00248055506, 3.29000070984, 1.00000076526, 31.3446781594, 44432.2133545
1.09954854919, 1.11890363691, 1.70468759442, 0.971591218969, 2.83000078627, 1.0317125081, 3.45292175022, 1.26000040068, 1.14000081259, 3.15849263473, 1.71784637818, 0.975287258146, 3.040000351, 1.08371558083, 0.995687006547, 1.0000009975, 1.0000007306, 1.0996539474, 8.630415131, 0.970685422392, 1.00000055019, 105.09003779, 0.92226329934, 3.14465136407, 1.06279353815, 3.2900009788, 1.00000054953, 31.2546465421, 5773.41495997
2.35778358626, 1.03814186667, 1.71277323338, 0.864535844485, 2.83000027991, 1.09181581876, 2.48389592229, 1.26000094737, 1.1400006816, 2.99005708428, 2.27670582882, 0.943066496841, 3.04000023276, 1.08605850759, 0.956308411821, 1.00000090964, 1.00000067917, 1.0941785256, 8.58299203677, 0.99136834092, 1.00000054658, 75.9255318513, 0.909728196731, 4.67981286772, 1.04007562963, 3.29000052862, 1.00000086522, 45.5984221695, 200770.617946
5.18313681569, 1.0426780688, 1.73292610235, 0.82889405852, 2.830000462, 1.1165086218, 3.0359586199, 1.26000006998, 1.14000028674, 3.46020874196, 1.97133476876, 0.882164311443, 3.04000014821, 1.0726297889, 1.03157371881, 1.00000067319, 1.0000006023, 1.06003478899, 5.45289391923, 0.978680304059, 1.00000024457, 123.21662999, 0.978585815497, 4.66739834941, 1.03617046364, 3.29000084694, 1.00000042524, 37.7151717069, 10877.5436905
4.9695544527, 1.03788195529, 1.67711262744, 0.893879036766, 2.83000003949, 1.01391693066, 1.21834365589, 1.26000077642, 1.14000021733, 2.9102796171, 2.16039070683, 0.940880377888, 3.04000099036, 1.06168067547, 0.89831656869, 1.00000007798, 1.00000031241, 1.07774052575, 6.08384551643, 0.998396552962, 1.00000099463, 96.5955936953, 1.00566721477, 5.33674983612, 1.00518544458, 3.29000062389, 1.00000036168, 46.5609724909, 62988.5030727
1.24417311564, 1.10889861388, 1.5047395252, 0.971764874659, 2.83000008398, 1.05040248116, 1.51831856552, 1.26000070579, 1.14000010353, 3.63907583191, 1.90644930906, 0.887157707539, 3.04000054522, 1.11679583619, 1.05145930542, 1.00000090025, 1.00000015706, 1.07723951202, 9.60996102479, 0.978015298452, 1.00000012356, 106.592843409, 0.911061399786, 4.74078489354, 1.02934757771, 3.29000007004, 1.00000021331, 34.9029664456, 12253.7003016
1.08611998816, 1.02795741149, 1.72069009673, 0.922211412062, 2.8300007443, 0.959989555418, 2.31488471923, 1.26000077309, 1.1400008749, 2.59677755117, 2.16339365236, 0.922860345586, 3.04000077871, 1.11252657171, 0.970692298093, 1.00000070678, 1.00000085773, 1.00228840391, 6.83527988646, 0.988203107659, 1.00000004055, 75.7084064933, 0.921327606887, 3.64574650497, 0.986507869928, 3.29000048768, 1.00000003384, 58.4042819725, 6159.50739349
3.11190815791, 1.09168994979, 1.67145904427, 0.940728957372, 2.83000060617, 0.973595257486, 2.92912375946, 1.26000072973, 1.1400007781, 2.27572812477, 1.60336186488, 0.883727848187, 3.04000023899, 1.0564606456, 0.926276648756, 1.00000087968, 1.00000047736, 1.07584698106, 9.25863600836, 0.948829196708, 1.00000003514, 100.938088993, 0.870922845301, 5.42738830849, 0.979507636075, 3.29000064701, 1.00000089407, 31.1359336774, 37009.7997346
1.87209473279, 1.0406340903, 1.68556789923, 0.94938032361, 2.83000041839, 0.967611998677, 1.26136012411, 1.26000044836, 1.14000035659, 3.64572933211, 1.92433157988, 0.909745676278, 3.0400006056, 1.09479631596, 0.908521420882, 1.0000007815, 1.00000051344, 1.07327494059, 8.5522605977, 0.985413892585, 1.00000006344, 96.9707875678, 0.915477032278, 4.79574680707, 1.04638915862, 3.2900001825, 1.00000078794, 68.0568317225, 22542.1340204
1.24376172261, 1.02727624237, 1.63175532064, 0.974303669848, 2.83000087639, 1.15435465504, 1.22021040566, 1.26000052516, 1.14000063429, 2.17459605059, 2.09379383545, 0.976307510334, 3.04000016067, 1.00531342451, 1.00513597991, 1.00000023811, 1.00000039354, 1.0973985924, 4.49973846239, 0.976151810469, 1.00000054299, 97.4066382554, 0.954885709938, 4.89407078174, 1.0297865353, 3.29000032783, 1.00000019887, 21.7366519261, 9515.50968976
4.01585856525, 1.13281644349, 1.73115852303, 0.82283796046, 2.83000014914, 1.09835847807, 1.63086036115, 1.26000023051, 1.14000080888, 2.978548767, 2.68450792919, 0.893622914921, 3.04000016588, 1.07602004764, 1.01581660112, 1.00000027216, 1.00000066957, 1.07081582831, 8.25268804298, 0.949202246738, 1.00000041568, 101.947180919, 1.0364824823, 5.86751153636, 1.00621183517, 3.29000025743, 1.00000091006, 27.1467805085, 17360.9801688
2.04795326231, 1.10197147427, 1.63810178015, 0.889202379024, 2.8300003799, 0.897743020538, 3.50168753269, 1.26000021405, 1.14000002461, 2.51517310775, 1.58316340132, 0.920207171036, 3.04000002156, 1.08859654842, 1.07901367928, 1.00000059113, 1.00000084021, 1.06477768184, 7.08493769854, 0.981117178641, 1.00000027495, 95.1179962891, 1.04902882211, 5.95262075776, 0.954847288482, 3.29000050623, 1.00000091798, 30.4217153268, 6076.51347852
1.49809583849, 1.07054349607, 1.54516581684, 0.872549917243, 2.8300008251, 0.883845425062, 1.36119875737, 1.26000081493, 1.14000066575, 3.66484975977, 1.68606353152, 0.898376638897, 3.04000086723, 1.04114534309, 1.05403302497, 1.00000047189, 1.00000060815, 1.10698250211, 6.04065106977, 0.977283480938, 1.0000003533, 124.146692602, 1.02282518839, 1.73189966748, 0.963943291367, 3.29000083228, 1.00000027666, 49.1925373105, 46500.1935105
5.23387278241, 1.12790254972, 1.72413259944, 0.989092209245, 2.83000036464, 1.17956429952, 1.85151839074, 1.26000075513, 1.14000064171, 2.23323939527, 2.55010550314, 0.920137779177, 3.04000044762, 1.04065418378, 0.992773230802, 1.00000091974, 1.00000081471, 1.07228336829, 9.83561979484, 0.931773043934, 1.00000087001, 113.788184068, 0.847760646663, 3.67281932128, 1.01324232065, 3.29000030209, 1.00000043737, 59.5173971725, 46896.6759181
1.16823839704, 1.10090427392, 1.67989183362, 0.992576544927, 2.83000079019, 1.15978575701, 2.42507375708, 1.26000095792, 1.14000034922, 2.32718321018, 2.06586994374, 1.05698301722, 3.0400005408, 1.01677761963, 1.0400331586, 1.00000076336, 1.00000008456, 1.10825401005, 5.64765438736, 0.986510297368, 1.00000073456, 117.368113019, 0.943058764107, 3.17027792656, 1.04027270401, 3.29000074761, 1.00000039104, 18.5100895128, 4044.69242807
1.78774101571, 1.10578380246, 1.69576863577, 0.882717576189, 2.83000063607, 0.95461071831, 3.26005936312, 1.26000005814, 1.14000049935, 2.25427507077, 1.71421407294, 0.886853256406, 3.04000081047, 1.07002198816, 0.955148824702, 1.00000047019, 1.00000084568, 1.08589160965, 7.86634777804, 0.985805426765, 1.00000026578, 101.986400263, 0.865872821317, 4.31102830979, 1.01504238162, 3.29000018232, 1.00000014699, 21.1809761781, 1827.53907643
2.56000603175, 1.04411899915, 1.62633414035, 0.991316975932, 2.83000042209, 1.11318195617, 3.97924934802, 1.26000096017, 1.14000095931, 2.00132166272, 1.8721304032, 0.902690328536, 3.04000077696, 1.0872702753, 1.07755102231, 1.00000065844, 1.00000006477, 1.0048388338, 7.8327821914, 0.98160976613, 1.00000013297, 123.956415426, 0.890270662275, 5.63614402526, 0.955195090415, 3.29000082214, 1.00000057791, 34.9282832229, 14992.9905361
1.27171075473, 1.00109955506, 1.71381475936, 0.985223255905, 2.83000031417, 0.982818088291, 1.42664683866, 1.2600007075, 1.14000057194, 3.32262064655, 1.82349179287, 0.961681388134, 3.04000076154, 1.09557929375, 1.08732820488, 1.00000015292, 1.00000031543, 1.09848509028, 8.5814072817, 0.958601720507, 1.00000019431, 100.798832009, 0.996451058438, 4.97426015352, 0.995541180584, 3.29000017382, 1.00000015718, 38.1299295377, 3761.95198061
4.71279003998, 1.03695706254, 1.66650164656, 0.902330675625, 2.83000052973, 1.01307715933, 1.26155315914, 1.260000018, 1.14000028672, 2.55947540011, 1.60334146013, 0.925518452721, 3.04000013536, 1.03483371508, 0.908309962742, 1.00000075913, 1.0000002397, 1.03929911818, 9.45146329766, 0.964463173734, 1.00000048467, 115.513159425, 0.897897473344, 4.37170366424, 1.0434507509, 3.29000095355, 1.00000084445, 41.5451205875, 22099.5081272
3.65511969604, 1.13135032712, 1.6983952022, 0.884650122675, 2.83000087954, 0.872484899011, 3.73667486775, 1.26000007069, 1.14000074819, 1.51193172849, 1.88494149102, 0.923489119841, 3.04000030424, 1.06375505287, 0.982971293815, 1.00000085729, 1.00000001652, 1.06829931391, 9.72883551363, 0.97032086042, 1.00000018678, 90.1859997429, 0.980428127269, 5.69399377623, 0.978722787817, 3.29000016174, 1.00000069216, 25.1744433465, 240.365004635
3.06582673067, 1.13403872822, 1.6357895779, 0.85927411892, 2.83000055695, 1.00390755001, 2.03267282548, 1.26000044722, 1.14000010586, 3.3425465059, 2.1290857642, 0.899725117259, 3.04000074234, 1.08634795624, 0.938291346576, 1.00000025738, 1.00000018067, 1.09755187647, 5.55219647515, 0.98989462807, 1.00000012015, 116.059188936, 0.908840277559, 5.38701779677, 1.03714616608, 3.29000093495, 1.00000033988, 18.6835202354, 1683.70409267
1.07795686552, 1.03776326176, 1.60765698687, 0.879931415308, 2.83000027834, 0.88076757264, 4.66858960535, 1.26000082459, 1.14000098479, 2.78377907367, 1.62770950438, 0.89448785235, 3.04000081127, 1.11038619871, 1.07736544207, 1.00000058979, 1.00000018447, 1.05064797698, 7.85162656621, 0.984577626912, 1.00000045526, 116.39412655, 0.926379095956, 5.82409177172, 0.975656991221, 3.29000045665, 1.0000007741, 10.8233502034, 121.714516959
4.00403288116, 1.10302260296, 1.67913829609, 0.852199456868, 2.83000022744, 0.889619621584, 3.29524585282, 1.26000085815, 1.14000073343, 2.71832370479, 1.92464004241, 0.925251366023, 3.0400001207, 1.07849032718, 0.997977881058, 1.00000020884, 1.00000097526, 1.0823276343, 6.97983463729, 0.945151558408, 1.00000061631, 123.077196643, 0.936950839013, 5.44464576683, 0.959604900966, 3.29000036632, 1.00000037048, 31.9622228349, 29978.7504147
1.64334775298, 1.0882718618, 1.51702724897, 0.962898502811, 2.83000077657, 1.10066366856, 1.37287326344, 1.26000051196, 1.1400008037, 2.69803655589, 2.53201554341, 0.956709234207, 3.04000021421, 1.04237183364, 0.934473819249, 1.00000074909, 1.00000092638, 1.06336091354, 7.40530327864, 0.973339074146, 1.00000027944, 80.0094745286, 0.87659981934, 4.1319765352, 1.02050234521, 3.29000040021, 1.00000020554, 39.6634272298, 11084.1070542
2.79601478965, 1.13680661853, 1.62186717905, 0.980304396884, 2.83000096, 1.07889250183, 5.94738468767, 1.26000053307, 1.14000099736, 1.45616796434, 2.11699296036, 0.968641864124, 3.0400002536, 1.04983348019, 1.08007310023, 1.00000096106, 1.00000038746, 1.06552708619, 8.84216320533, 0.999397552025, 1.0000008861, 115.273637812, 1.00667701118, 5.94607179797, 0.970315608921, 3.29000033224, 1.00000029947, 27.8903717974, 7418.57864033
2.67555780911, 1.10039989248, 1.72059179735, 0.823167686073, 2.83000003856, 0.914647624022, 3.79359158908, 1.26000074456, 1.14000098693, 3.17872451525, 2.25273975951, 0.954401419719, 3.04000033047, 1.11788213545, 0.954042603041, 1.00000006047, 1.00000040454, 1.07686893543, 9.65925730484, 0.986910657394, 1.00000088791, 116.205110128, 0.9323064042, 5.33533335489, 0.963100937001, 3.29000017793, 1.00000048284, 39.1429432988, 26383.4832023
2.06527347267, 1.11370122225, 1.71012416019, 0.947771435986, 2.83000004914, 1.14120314421, 2.52693337005, 1.26000056774, 1.14000097634, 1.34738248596, 2.01619293452, 0.963885749363, 3.04000073605, 1.01443398987, 1.05375287676, 1.00000024553, 1.0000001008, 1.04167231445, 7.64053491619, 0.962775411327, 1.00000058562, 102.44061709, 0.912944932569, 5.29018048483, 0.97543349971, 3.29000038498, 1.00000000925, 16.9657025941, 676.671477191
3.0994973482, 1.00928480173, 1.55382850554, 0.939140717454, 2.83000006479, 0.92165723789, 1.35931979548, 1.26000014946, 1.14000010501, 3.10735945057, 2.43778663751, 0.907104928492, 3.04000079378, 1.03708467076, 0.872586853315, 1.00000042101, 1.00000013315, 1.04985237016, 5.28303551804, 0.990414323183, 1.00000023383, 84.218280966, 0.867965120851, 4.08408844393, 1.02630595043, 3.29000030352, 1.00000023408, 54.6730928534, 12425.6252084
2.65469295438, 1.02104679025, 1.65637845041, 0.813628084776, 2.83000015214, 1.10242894242, 2.37088407579, 1.26000086215, 1.14000043689, 3.15936802737, 2.13385065436, 0.92500023235, 3.04000066683, 1.03751002387, 1.03398415507, 1.00000095536, 1.00000021069, 1.00803258426, 3.90962607676, 0.968201772999, 1.00000022689, 117.117455097, 0.925431753004, 5.93456784794, 1.03619821567, 3.29000005153, 1.00000007891, 48.0795963292, 65015.9192487
1.77562312352, 1.11779362173, 1.6546903797, 0.998248937834, 2.83000042729, 1.01175041416, 2.82142895571, 1.2600000792, 1.14000075816, 1.99043776316, 2.44096085684, 0.932652296973, 3.04000022628, 1.08523845446, 1.01792274783, 1.00000069319, 1.00000079671, 1.04508210562, 9.35010251213, 0.995696797727, 1.00000008746, 108.707453244, 0.977342444738, 5.6492008115, 0.978313844491, 3.29000055916, 1.00000019481, 42.2021667747, 43993.608327
1.91626302159, 1.05243545661, 1.67486045285, 0.987613364758, 2.83000090119, 0.890318758863, 4.17021964334, 1.26000056868, 1.14000092554, 1.93563084869, 2.39092162736, 1.00146383045, 3.04000011318, 1.05586354952, 1.04463849708, 1.0000004576, 1.00000072212, 1.05544006729, 9.20561625989, 0.978440185887, 1.00000092893, 76.1391310389, 1.05417197676, 4.90141678656, 0.950056919719, 3.29000039689, 1.00000046516, 82.9161972103, 51312.7762732
3.48632720219, 1.05214714201, 1.71699583271, 0.952676018357, 2.83000006736, 0.850706476892, 1.25017159726, 1.26000037155, 1.14000042663, 2.11863451612, 2.17655407206, 1.00203353987, 3.04000029525, 1.06101156836, 0.982345469938, 1.00000043655, 1.00000055562, 1.09233762211, 8.73235685499, 0.958760608965, 1.00000003651, 99.6762133456, 0.981248216273, 5.457328571, 0.998406129098, 3.29000028246, 1.0000005606, 26.1046054716, 2938.28400064
5.24763792658, 1.05692020988, 1.65734150335, 0.863213415679, 2.8300008656, 0.912536975552, 1.60877552227, 1.26000042866, 1.14000015024, 2.45836427219, 1.72161453835, 0.97096418785, 3.04000075055, 1.00579386314, 0.991891756086, 1.00000067144, 1.00000067233, 1.08779919441, 6.54694509757, 0.950058820507, 1.00000005984, 120.87867371, 1.05751995151, 5.42719272521, 0.952439730655, 3.29000027482, 1.0000001817, 52.0934189571, 22835.1972221
3.25737684208, 1.02986102238, 1.6441723983, 0.934324870971, 2.83000088949, 1.04053969883, 1.13110863005, 1.26000062532, 1.14000084058, 2.64764833128, 2.95803299772, 0.916354109049, 3.04000011506, 1.03771398372, 1.05980638596, 1.00000078885, 1.00000074116, 1.10412603917, 8.74567568056, 0.950357979081, 1.00000022686, 91.0069749279, 0.979382744731, 4.61742025098, 1.06238634862, 3.29000054111, 1.00000009723, 52.5615526493, 85992.1311664
2.73289540991, 1.0636667015, 1.64841554765, 0.919822645196, 2.830000056, 0.952840332123, 4.01512867125, 1.26000098771, 1.14000091928, 3.47872989952, 1.61620629884, 1.09209943508, 3.04000007626, 1.05362211205, 0.894521604754, 1.0000007665, 1.00000029936, 1.08540708387, 8.48245419903, 0.998806343083, 1.00000097237, 97.1487755669, 0.922286247421, 5.48979687065, 0.986640185616, 3.29000049385, 1.00000074739, 24.6849506966, 4228.22967634
4.10052543529, 1.00964058977, 1.64243272879, 0.919556379197, 2.83000024247, 0.913748882717, 3.05012552318, 1.26000023614, 1.14000074226, 1.76426214645, 2.70061333256, 0.933914574563, 3.04000096175, 1.02057795066, 0.977514074838, 1.00000048481, 1.00000055283, 1.08226169926, 9.92313379793, 0.954189444813, 1.00000079236, 122.102941394, 1.01786493822, 5.0591981732, 0.956014162253, 3.29000013371, 1.00000009381, 21.3270220226, 1673.46287868
3.60607594895, 1.07649883437, 1.42720523666, 0.955264155232, 2.8300004409, 0.952980162155, 1.64611571434, 1.260000186, 1.14000073933, 3.54419601207, 1.94698191008, 0.882477561338, 3.04000075117, 1.07150991449, 0.997948664611, 1.00000039633, 1.00000054475, 1.01977473675, 7.9301390097, 0.985506669857, 1.00000087407, 107.392784268, 0.917471530503, 5.67364542838, 0.997451491068, 3.29000035281, 1.0000003893, 29.4634462926, 1724.31136786
3.17341224938, 1.05843663978, 1.71431292462, 0.947116005027, 2.83000022484, 0.871686205863, 2.86223916193, 1.26000032794, 1.14000006673, 3.01481581631, 1.61161702196, 0.995754498926, 3.04000093724, 1.0316570838, 0.822300013317, 1.00000021116, 1.00000089621, 1.04695252865, 6.27529924258, 0.94907535581, 1.00000075619, 115.588411829, 0.86245137231, 5.33936113203, 0.980594901924, 3.29000089141, 1.00000015915, 16.9775845081, 170.53081359
1.24863253763, 1.08039600626, 1.59497419951, 0.986549883323, 2.83000020296, 0.909989687697, 2.58985630538, 1.26000070227, 1.14000003584, 2.03706636375, 1.86858944065, 0.984499330136, 3.04000054608, 1.02784595014, 0.969514800029, 1.00000011088, 1.00000000648, 1.01553199882, 7.12114316835, 0.986013118345, 1.00000044375, 110.00235456, 0.86889374453, 5.08337789149, 0.97840303084, 3.29000008198, 1.00000056355, 40.5685234597, 18281.0673818
4.09638690828, 1.06700394757, 1.59517343728, 0.95454430728, 2.8300007613, 1.05930806122, 1.81425444005, 1.26000058893, 1.14000009524, 2.2654340384, 1.74304588081, 1.04831350365, 3.04000000438, 1.03274729237, 0.989936422094, 1.0000002173, 1.00000027452, 1.07859737143, 9.24876888977, 0.974616065708, 1.00000003664, 103.874681553, 0.890445827925, 4.92359016561, 1.002650277, 3.29000063906, 1.00000010155, 15.7885441489, 3385.33642782
1.4746665154, 1.0926889121, 1.63003015578, 0.910809779753, 2.83000012501, 0.859980945411, 1.725129963, 1.26000027281, 1.14000031702, 1.6392382123, 2.56777905458, 1.02316142475, 3.04000052365, 1.08577233545, 1.0602160031, 1.00000018035, 1.00000054833, 1.03828954228, 6.71225536643, 0.995683798917, 1.00000085068, 111.058605116, 0.943192634993, 5.21596026033, 0.95228904864, 3.29000009974, 1.00000045398, 30.4249571744, 16907.9810915
5.71181229176, 1.03520833597, 1.67134660184, 0.80809918978, 2.8300009107, 1.03383839721, 1.98172157111, 1.26000035819, 1.14000046709, 3.61032232023, 2.42025549301, 0.932013876418, 3.04000083534, 1.0870191699, 0.962590280751, 1.00000061294, 1.0000005039, 1.03518396403, 8.94886285155, 0.98491128883, 1.00000043897, 90.0644370833, 0.913054486877, 5.60642170175, 0.990033918979, 3.29000059301, 1.00000027849, 25.084465076, 3323.90062496
2.81167131352, 1.02445929898, 1.69480275053, 0.823315585978, 2.83000063765, 0.953406009102, 1.94049120341, 1.26000045592, 1.14000080875, 2.39412323394, 2.10205506101, 0.95080290055, 3.04000036715, 1.00698745841, 0.977069036012, 1.0000002846, 1.00000019233, 1.04263162011, 6.10854660153, 0.984976288883, 1.00000042056, 107.28052865, 0.865097147124, 4.11411378801, 0.982593036366, 3.29000080012, 1.00000063792, 30.0363786392, 21498.7657958
3.53509907564, 1.0658555993, 1.69157596477, 0.980111595486, 2.83000092431, 0.853681569655, 2.42645351037, 1.26000011501, 1.14000034387, 3.0042916596, 2.19801712589, 0.973429068187, 3.04000024692, 1.01159164014, 0.880246356723, 1.00000052066, 1.0000005468, 1.0995456661, 7.76151465813, 0.982545940227, 1.00000088798, 97.1582181456, 0.934626544397, 5.73031114509, 1.04872215834, 3.29000053489, 1.00000056809, 17.1474182956, 7458.79907457
3.47959100492, 1.0639310213, 1.69754139749, 0.965696841019, 2.83000089028, 0.961654487155, 4.37262553293, 1.26000092401, 1.14000089359, 3.09385263473, 2.43616975161, 0.925227375572, 3.04000095933, 1.0612061682, 1.07400503961, 1.00000092219, 1.00000072059, 1.07999809509, 7.28189275608, 0.973308323959, 1.00000004192, 122.806764964, 0.900392645635, 5.72816567198, 1.00056248887, 3.2900001388, 1.00000034013, 17.7051630858, 789.619798085
1.22980343481, 1.0033152766, 1.68641666511, 0.883043461718, 2.83000090778, 0.984862946027, 1.57888304947, 1.2600009745, 1.14000029719, 3.60439765274, 1.67464479107, 1.04779006781, 3.04000010862, 1.05667666771, 1.0600084568, 1.00000048262, 1.00000016683, 1.07556215149, 7.23467049139, 0.983877445778, 1.00000028016, 76.3857499637, 0.87923043031, 5.89089531166, 1.00845120105, 3.29000096518, 1.00000014917, 32.3206068427, 35829.7838948
2.73607107109, 1.08003740246, 1.72271491443, 0.981278984798, 2.83000040591, 0.988992904842, 4.07336481945, 1.26000075479, 1.14000093329, 3.16267744839, 2.25402916468, 0.962305356714, 3.04000009307, 1.0298311213, 1.07274387898, 1.0000003639, 1.00000063088, 1.07915323464, 9.59353336995, 0.979074715526, 1.00000028376, 111.665615325, 0.86281901375, 3.7638298687, 1.04019002601, 3.29000090747, 1.000000183, 38.4454947849, 9164.29069487
1.7612093758, 1.09919517682, 1.63482717193, 0.945859790166, 2.83000010941, 0.876960161083, 1.69957471628, 1.26000018497, 1.14000003487, 3.4855525181, 2.23068426491, 0.89217088309, 3.04000076355, 1.00276148617, 1.08126691864, 1.00000072062, 1.00000079301, 1.08790318709, 9.83992191094, 0.985001428185, 1.00000061053, 116.626641226, 0.928727780569, 3.36688634266, 0.982165231783, 3.29000042003, 1.0000002014, 36.7707654396, 33051.2315891
2.6785675734, 1.04691067046, 1.68201824749, 0.93987942721, 2.83000037984, 0.913214928576, 1.71234561335, 1.26000042887, 1.14000075478, 3.58434718426, 2.55873378448, 1.04430659085, 3.04000094364, 1.00399999062, 1.04704445632, 1.00000030908, 1.00000059517, 1.07004068828, 9.94007921765, 0.949685947103, 1.0000004261, 96.0753327308, 0.879292560513, 5.86889759713, 1.01293255317, 3.29000085732, 1.00000007243, 53.0046487944, 47311.6477273
