2.10630879997, 1.29967451284, 0.752602214981, 1.17379607958, 2.59374550748, 0.902067160903, 5.92473217868, 1.04724263234, 0.933002633989, 3.03818849822, 2.26618266441, 0.88113056985, 2.37511368646, 1.06002516538, 1.09000042295, 1.04509435143, 1.04187755139, 1.08096653501, 8.77907233504, 0.968501205004, 0.972635730724, 113.129165764, 0.940420989051, 1.92966940299, 1.07307146843, 4.50272629621, 1.11606892205, 34719.258027, 3.75335120643
1.47716238945, 1.22929612439, 0.747053078007, 1.21269694183, 4.57025117556, 0.985615301585, 5.70946705761, 1.03717035991, 0.927104663764, 3.72081790805, 2.52786080708, 0.880816597173, 1.88516835277, 0.882764554718, 1.09000039268, 1.07240231204, 1.03004521385, 0.969636625151, 8.53857907437, 1.12617032643, 0.906662033843, 146.711775831, 1.10336262866, 3.51690320377, 1.00287731128, 2.25264472763, 1.16572184244, 11642.9803801, 4.28954423592
4.65277454378, 1.39853504215, 0.780803308408, 0.983923364623, 1.79427147359, 0.99531916701, 4.94608196108, 0.880252682554, 0.934490563829, 3.43066578458, 3.37063346492, 0.954593818325, 2.26662790749, 0.832486037043, 1.09000040456, 1.03712520621, 1.04627421902, 1.16703808179, 7.4360666864, 1.18994344075, 0.893558932388, 35.0284643043, 0.936332098738, 4.21347021531, 1.03254446536, 3.69532182972, 1.16176918467, 22862.5665702, 3.75335120643
3.26265542064, 1.19523614154, 0.79812175896, 1.12971492698, 5.70578542899, 0.812089461679, 5.13948630177, 1.09294660682, 0.929538893688, 3.00502878915, 3.46544078803, 0.824220745575, 1.10045531788, 1.09093010787, 1.09000004948, 1.06517921895, 1.03559895149, 0.957466123269, 5.33586690488, 0.951962488232, 0.910216057644, 48.4574573731, 1.10618679775, 4.96453967857, 0.967452115978, 3.92769247182, 1.07755920592, 6607.45872576, 0.536193029491
3.65008736059, 1.37560826307, 0.81366207324, 0.814190664058, 5.27787319214, 0.982021066858, 4.70794447444, 0.979498727395, 0.918116729592, 2.1505807703, 3.20847597658, 0.986512727074, 3.64474756889, 0.819411970249, 1.09000035332, 1.09621516168, 1.04964765082, 1.1270613931, 6.64511951717, 0.967685766346, 0.937864698646, 34.4256138586, 1.08003955994, 3.445912623, 1.00003226002, 4.30521160345, 1.24497208955, 58540.3899341, 2.68096514745
2.74841677977, 1.31728333516, 0.901048420696, 0.996628629575, 1.78887691657, 0.981008892839, 3.20895424578, 1.03334280024, 0.934501403612, 2.48937150308, 4.79954403431, 1.03885182458, 2.24208827049, 1.0523877399, 1.0900008333, 1.09842255787, 1.04331199112, 1.15519773349, 9.78429817097, 0.969916356705, 0.77792968318, 97.8981312096, 0.924423925166, 2.01727856902, 1.03065729513, 2.96438034557, 1.09306283225, 107627.470496, 3.21715817694
2.3188524834, 1.359956487, 1.09244947057, 1.10621902978, 5.04573967473, 0.875708495419, 3.71267154872, 0.932302772061, 0.991692538833, 2.18437601434, 4.97524498787, 0.835998195129, 1.61084990088, 0.906845939836, 1.09000048595, 1.10529232502, 1.04918740144, 1.00718329082, 9.42790613683, 1.02449930282, 0.939452724269, 79.7363414199, 0.919356694202, 4.76669220699, 0.970696068437, 1.28094837521, 1.01398951747, 5638.67014495, 1.07238605898
2.8039982216, 1.20091091752, 0.73390401203, 0.915359485386, 4.90312015964, 0.904357190722, 1.16784968797, 1.01773040685, 0.907878778195, 2.43838933063, 5.05218068452, 0.859305150147, 3.19578041013, 1.09547120076, 1.09000006249, 1.07767625232, 1.04355562679, 1.21115274497, 9.87769538199, 0.962577206539, 0.924965106139, 19.9517592128, 1.17506837945, 2.41430345859, 0.950406850404, 5.35867144201, 1.04550178547, 99372.791506, 5.8981233244
2.16886953515, 1.31675401652, 0.833269624945, 0.832145445627, 4.48946886009, 0.85279300358, 5.58972463725, 1.09483448444, 0.918760363146, 2.47556500214, 2.98269355053, 0.925604213833, 1.73483578206, 1.01779322141, 1.09000015517, 1.02239311323, 1.04672156196, 0.87475271157, 3.53213972642, 0.971822554532, 0.808384729837, 58.6073610015, 1.06852263779, 3.31799652246, 0.988331201458, 1.19536669489, 1.23173743006, 3437.60868862, 3.75335120643
1.84977164039, 1.15168117516, 0.981655022273, 0.900957429761, 4.61313145933, 0.711773562544, 4.50401722497, 1.09744518253, 0.917578239478, 2.11471319634, 1.65317547069, 0.830442791795, 1.60906912175, 1.13021158808, 1.09000078861, 1.10795998051, 1.04073464868, 1.22258562245, 6.06154235598, 1.15414403155, 0.963343730852, 162.837749956, 1.0857200109, 5.21981278634, 0.993223905569, 4.35907915386, 1.05818728447, 33844.729145, 4.55764075067
3.69470480521, 1.33829679474, 0.840677658531, 1.21412229338, 3.02573930708, 0.844836345396, 4.52297569458, 0.903355944929, 0.98478314879, 3.40562351987, 4.10648987432, 0.844659696222, 1.01885568748, 1.23626667137, 1.09000037089, 1.08911254498, 1.03352186609, 1.03592366064, 9.74068174858, 0.917452434025, 0.917863906861, 110.341735411, 0.982735388031, 4.87554769332, 0.971047496423, 2.81811072241, 1.0604487551, 55037.3602068, 4.55764075067
4.7822789583, 1.23939700611, 0.924190377249, 1.18773255101, 6.20990439472, 0.81571757754, 4.65612824923, 0.913764325742, 0.940663869198, 3.6214567682, 3.14998497108, 0.82979312971, 4.16261437273, 0.931542191843, 1.09000070919, 1.01108093924, 1.04258995495, 1.07104471991, 8.60102492676, 1.01944531618, 0.970932286346, 64.7325735744, 1.14736692358, 5.2562765753, 1.0045043279, 1.98246416459, 1.14079711836, 1323.47637103, 1.34048257373
2.56981376006, 1.10235008088, 0.938698770183, 1.07655449107, 5.12468470854, 0.835706010543, 4.47208894662, 1.09164488352, 0.971530971625, 4.60256631555, 3.98742622849, 0.839073167527, 3.84816286245, 1.16173257865, 1.09000007952, 1.05923862811, 1.04954120075, 1.18449139407, 8.79119385968, 0.960430658601, 0.816608048557, 51.3242959476, 1.10996951219, 5.10874019937, 1.02580921628, 4.55272979971, 1.07722653236, 3965.53848065, 2.14477211796
4.01109424661, 1.35056808906, 0.936591190346, 0.896619562645, 2.01439719767, 0.952531040158, 3.91057762259, 1.0858207779, 0.985255961388, 2.33941810131, 2.5873788066, 0.973307297168, 1.27404013303, 1.01104819087, 1.09000080917, 1.10237391073, 1.04582677807, 1.14611362724, 6.81555427352, 0.930642080961, 0.794334550821, 23.5436538773, 0.995741377858, 5.37691651093, 1.08087974771, 4.6064990399, 1.1592742461, 8359.60588683, 1.60857908847
2.56254112126, 1.28286389858, 1.05968293362, 1.16034580074, 2.88005994911, 0.957565527151, 5.72919802175, 1.03033199471, 0.920728280701, 1.94216718794, 4.63404196688, 0.964618421932, 1.21533537912, 1.18877441, 1.09000016322, 1.08320751588, 1.03488217508, 1.10364579299, 9.45171419242, 1.01060716952, 0.808865008, 90.3862037352, 0.975824104884, 4.37091597645, 0.96046441499, 3.12160563785, 1.04641848418, 8477.26045584, 2.14477211796
4.00756219719, 1.35970950213, 1.03453192418, 0.966015368799, 2.90286142742, 0.728390328621, 4.83054474332, 1.06942113135, 0.903407830537, 1.55549935792, 2.51511257335, 0.841139566977, 2.97566547055, 1.05013159829, 1.09000039066, 1.08392854533, 1.04154203603, 1.01260797998, 6.24335481643, 1.03920161601, 0.846493521531, 99.0770460874, 1.18683081796, 4.47022511065, 1.02015409386, 4.92316852843, 1.08901338307, 9668.56810991, 0.536193029491
2.80670953085, 1.20311335811, 0.797400863903, 1.11009351024, 4.01220366262, 0.796136980453, 5.35541460201, 1.06690542338, 0.981499850801, 3.79550578457, 3.8587757867, 0.918934867684, 3.81672864919, 0.84240018129, 1.0900001883, 1.06492927852, 1.03934759126, 1.13404491509, 3.10212447405, 1.00922340566, 0.777517202083, 55.6419606691, 1.08701040032, 3.25364653063, 1.05844540927, 1.7203867338, 1.26533933759, 9458.26420234, 0.0
5.25537213043, 1.07253645546, 0.761283515008, 1.08817596486, 4.06314659986, 0.840404626863, 5.20650717466, 1.08626766524, 0.927215286773, 3.13317413195, 2.50866730761, 0.914342099195, 1.25257777047, 0.934489731432, 1.09000043351, 1.10179446715, 1.02173065622, 0.999610408381, 5.35483583953, 0.986814499851, 0.959586288404, 216.229415949, 0.920725333075, 5.20848996974, 0.950407077973, 2.23911318205, 1.03565827559, 23222.0032145, 3.75335120643
3.06592582778, 1.02287964646, 0.881340257847, 1.17686017461, 3.27868754044, 0.977502406204, 4.91768712107, 0.855517460737, 0.904770840208, 2.74631105581, 1.64657098356, 1.01548563685, 2.0240636772, 0.892349960901, 1.09000023461, 1.0820289662, 1.03534106223, 1.09614508921, 9.15246970771, 0.992846529641, 0.76822951545, 264.524856318, 0.997125658606, 1.4007095025, 1.00234568122, 4.16363923436, 0.967766603853, 34281.2962891, 9.38337801609
3.01018139049, 1.27886612396, 0.764747480005, 0.844650886169, 3.05508115587, 0.791694943462, 4.56257196522, 0.92729862327, 0.924645202507, 1.88872624049, 5.01847768309, 0.85120028846, 3.60202726138, 0.831232100991, 1.09000010122, 1.01778284435, 1.0251218968, 1.20392738377, 4.62280850982, 0.997110619266, 0.977080469396, 75.8147441687, 0.938206331346, 5.23300774984, 0.981879665286, 2.34973714651, 1.14100366023, 7543.24964243, 0.0
4.93266706856, 1.18953450539, 0.866013338524, 0.974580740278, 4.86812727757, 0.81833042392, 5.04741859609, 1.04331410385, 0.924136204888, 4.71559209338, 2.03427636317, 0.874371405351, 3.29839222405, 0.87760854973, 1.09000070649, 1.10106075398, 1.04199395027, 0.999293726183, 4.66641628758, 1.05869189498, 0.896226575525, 23.6089139458, 1.17808632186, 5.28822575046, 1.13726877144, 2.48466925006, 1.17552576512, 8190.87039257, 2.14477211796
4.90306773893, 1.36332036327, 0.976485572988, 0.940854025893, 3.24087392341, 0.833712932407, 2.36602980596, 1.03534170105, 0.998682989752, 4.90074866501, 3.23187402814, 0.810071640926, 3.60326083996, 1.09858466378, 1.0900007787, 1.09469380699, 1.02802629055, 0.945462847559, 7.9801193391, 1.15329684456, 0.90390321162, 38.5059342322, 1.0278502344, 2.63150604418, 1.01609628713, 2.12076751777, 1.14003447635, 275.515109269, 2.68096514745
5.51895233991, 1.05205488592, 0.82270607274, 1.11150036334, 6.66525924721, 0.96001712985, 5.16795923528, 1.01123348902, 0.980106560636, 2.32085367196, 3.11309639198, 0.952787759473, 4.00680021052, 0.874450258943, 1.09000087029, 1.10128899195, 1.02457129847, 1.10793530359, 5.4653132678, 0.951739089314, 0.937245534504, 110.220086786, 0.952610574424, 2.51378073879, 1.09926002867, 1.14925044496, 1.0594289807, 38797.9410931, 1.87667560322
4.32885299422, 1.40654445058, 1.00481626638, 1.14441531487, 2.07978592533, 0.982537515259, 3.17060998147, 1.09522909313, 0.932555588671, 3.22084786667, 1.98210162527, 0.901252628903, 1.27929612196, 1.17920635517, 1.09000039658, 1.0905210684, 1.0330662306, 1.10241740983, 4.71345312626, 1.15035580923, 0.773572647207, 211.962831396, 0.948436001296, 3.842280667, 0.962447204511, 2.16944336998, 1.03676018508, 116502.433721, 2.9490616622
5.69510159507, 1.01951084898, 1.13380270184, 0.896612278186, 2.69332392172, 0.966406251901, 4.21452944031, 1.03631323984, 0.972179925018, 1.5231661342, 3.60779530952, 0.828103230497, 3.57859725817, 1.05325030025, 1.09000096882, 1.07094969671, 1.04926755856, 1.12888837565, 9.28502220237, 1.18858960199, 0.992616299493, 27.4661062668, 1.14163707192, 2.98334936496, 1.05002808472, 4.91793044355, 1.03818691546, 6072.76935748, 1.07238605898
4.65311121371, 1.20241407147, 0.91064397222, 0.813627190256, 3.12208337857, 0.875336214196, 4.48502538593, 0.879396095821, 0.927790187297, 1.88379233342, 3.00545487102, 0.84234699024, 2.86198565117, 0.851242444359, 1.09000036831, 1.02567242916, 1.04361710621, 1.13779029871, 8.52724679197, 1.03058379385, 0.925582683711, 131.854465471, 0.950994880132, 5.94518228101, 1.14955112934, 1.47690861024, 1.14287872132, 8306.16788853, 3.75335120643
2.67149908156, 1.1852595316, 0.81492150046, 1.03964632083, 1.85258565494, 0.782868808645, 2.22831801396, 1.07306511549, 0.963760770358, 1.34443748423, 6.28268918084, 0.832622851715, 3.2376413292, 0.852079723594, 1.09000066519, 1.00144498329, 1.03347559142, 1.0537136494, 6.29795448654, 0.974564823976, 0.831794761488, 141.053462772, 0.988910221412, 5.72272435117, 0.981504391569, 1.408383417, 0.996712355291, 2425.53298472, 0.536193029491
3.73763330679, 1.20768125337, 0.976374160447, 0.988758575188, 3.21942234797, 0.907488368028, 5.31872753109, 0.905097654935, 0.914802519059, 4.78895219496, 5.10924499127, 0.949966195907, 1.43326468989, 0.869403810052, 1.09000097945, 1.09933612808, 1.04156937691, 0.975713495587, 3.53129172813, 1.0800430813, 0.803457938087, 54.517096099, 0.956660123534, 4.26031543105, 0.952717919409, 2.30499621334, 1.18779950689, 64387.4458678, 4.02144772118
4.7838600196, 1.14955856769, 0.894117402104, 1.15542731263, 4.79844504088, 0.719895959965, 4.10822400566, 1.04140925785, 0.97156098984, 1.49295678869, 2.60181159768, 0.872870723779, 3.57310225084, 0.953000797553, 1.09000057336, 1.0661183973, 1.02167038515, 1.16200749874, 5.84124617849, 1.14777717665, 0.881387109251, 104.989807232, 1.10291195512, 4.10939697476, 1.03874345191, 2.3241158921, 1.06199045285, 30181.9640031, 2.68096514745
5.6785033844, 1.1910967831, 0.836333356447, 0.864502981164, 2.77649506171, 0.866716335184, 3.71841240986, 0.975373824076, 0.949282682502, 1.85441559585, 4.42984386725, 0.825851861112, 4.06947197896, 1.01910332405, 1.09000043036, 1.01549080873, 1.03511060393, 1.18105767731, 5.71520823773, 0.929241491568, 0.898347037377, 47.0283714666, 1.02887644056, 3.71648429815, 1.01642524849, 4.48870551999, 0.947019081915, 6778.79234018, 0.804289544236
4.42617533449, 1.12436000258, 1.0338949757, 1.20022188647, 2.27436039636, 0.890149308311, 4.74608492491, 1.09291163577, 0.975657022892, 1.63516673292, 3.28115432692, 0.905985305317, 4.9631282278, 1.09911977908, 1.09000013603, 1.08395392933, 1.02648734309, 1.22468111276, 5.4403999754, 0.997123021295, 0.969318478858, 71.4982595007, 1.04286612839, 4.21731901295, 1.09273568854, 1.0331453654, 0.916568430475, 4809.92231659, 1.87667560322
1.30023590791, 1.26006103644, 0.774187129588, 1.05826043602, 3.7631997786, 0.924896016361, 3.95467670891, 0.830616728533, 0.949621933359, 1.84772841659, 4.27326884307, 0.891318195266, 1.62933087396, 1.16357758394, 1.09000090764, 1.07027511902, 1.01442225617, 1.21581880868, 7.22224592425, 1.14864351974, 0.769049351186, 100.350410854, 0.986662989176, 1.68181208742, 1.0107263381, 2.69832348836, 1.10222907783, 14437.6071191, 4.55764075067
3.95840164235, 1.15621593657, 0.812078701337, 1.12354804331, 3.30153873905, 0.982481592501, 4.83581976828, 1.04231662609, 0.960610902078, 1.25518029563, 2.27281389605, 1.06314216012, 3.73577371012, 1.05668691498, 1.09000086464, 1.05874163634, 1.01182702055, 1.20686111886, 6.15676055108, 1.06073216067, 0.881898428961, 271.419209712, 0.934074563658, 4.24938624343, 0.95240101882, 2.30205225497, 1.17466143619, 514.622381564, 1.07238605898
5.4081641552, 1.38781431755, 0.768349576875, 0.836483691073, 4.79354176043, 0.772286924252, 1.34729001617, 0.921968669942, 0.938889643822, 5.83175734612, 3.09698540966, 0.849790722335, 2.54834405521, 1.1957041081, 1.09000084925, 1.10884695676, 1.03509559169, 1.17902171567, 6.99911580091, 0.918888326293, 0.999309577417, 298.449052046, 0.982231341142, 4.68504222401, 0.957199605226, 2.27626676282, 1.16199646936, 17495.4210261, 5.8981233244
5.64432360383, 1.36992946504, 0.797132417498, 0.948944297063, 5.1728758284, 0.929365348916, 2.12664452488, 0.889495454664, 0.923345071989, 2.81012598708, 2.33260792946, 0.890115632955, 3.44246000291, 0.921506821029, 1.09000012054, 1.10811051223, 1.02040042547, 1.08271074974, 5.67553200734, 1.05622430926, 0.829781245153, 43.8567823478, 0.919140419913, 5.79864069462, 0.995688682629, 3.91486155433, 1.10766022877, 5759.73728087, 1.34048257373
3.21532162814, 1.38641032255, 0.81661132579, 0.981012225443, 1.61245438938, 0.993437249167, 3.46596526226, 0.855625964494, 0.978617879763, 1.32856591066, 3.40617154706, 0.82269336217, 2.69154073339, 0.842147862426, 1.09000056885, 1.10244219751, 1.02262148196, 0.822968395034, 3.86970564736, 0.940415469309, 0.864268816965, 20.5766958982, 0.969354381503, 4.7787008798, 1.02218911885, 2.66284854968, 0.939336919688, 5421.67545948, 1.07238605898
1.73203389614, 1.28899288693, 0.91188671132, 1.03841732026, 2.69793656361, 0.800778450587, 3.32413762557, 1.05448465015, 0.998226252462, 3.05578346776, 3.61082679965, 0.855448992956, 4.1507111238, 0.953070763404, 1.09000093765, 1.07064838003, 1.03038726937, 1.07034770188, 6.78883621414, 1.16048151531, 0.762434387479, 80.2193791789, 1.09448048031, 5.95248274943, 1.14329578478, 1.08089917453, 1.2536912757, 16886.0055254, 4.82573726542
2.53708647807, 1.12816917373, 0.981150833816, 0.992560902178, 1.67808283031, 0.995310783288, 4.80588061827, 1.04407146632, 0.928301764064, 2.79867437271, 5.91854825739, 0.894437741461, 1.56157214862, 0.925567023696, 1.09000070848, 1.01650993511, 1.03867603195, 1.20263041416, 9.34948343329, 1.11832521391, 0.885942914457, 21.935144929, 1.13132340501, 5.53321802821, 0.971731451404, 2.47524546436, 0.907925320516, 8813.5464153, 0.536193029491
3.7742984582, 1.34600946665, 0.983752563592, 1.10996880101, 2.05123769073, 0.946373615068, 4.85670807525, 0.93395131356, 0.940047964523, 4.4680498798, 6.25773461098, 0.811595978903, 2.97137612432, 0.990181721718, 1.09000052945, 1.0833496111, 1.04443921519, 1.0427849577, 8.63640615298, 0.913694755684, 0.85011606992, 291.169757174, 1.10854903335, 5.73394335017, 1.1243457236, 2.78649015595, 0.994651998908, 55496.2257646, 7.23860589812
5.88175757463, 1.35737473924, 1.06607571283, 1.0944493246, 1.5605811292, 0.943674595626, 5.62246398949, 0.836578989599, 0.951340143283, 3.15796190321, 2.17967799368, 0.812738004063, 4.71207887867, 1.01947064043, 1.09000015792, 1.09766082823, 1.03034518886, 1.12249048099, 8.83507411622, 1.18192861217, 0.970745948635, 98.2368057463, 1.10419442999, 5.89704341196, 1.0349991409, 3.98805407773, 1.08635658916, 1725.23069093, 0.804289544236
5.1914933082, 1.19852174633, 0.789926945542, 1.06486483285, 2.58709623613, 0.83670110736, 4.75113268604, 1.03707093072, 0.907416847766, 2.63910521576, 4.35412897792, 0.815727140288, 1.7721274731, 1.28885503909, 1.09000048498, 1.097313874, 1.00283993204, 1.04960792144, 3.37872343512, 0.918921255562, 0.872015751718, 11.3150979403, 0.997874522177, 5.10174790601, 1.17939910915, 2.51664506676, 1.05185512872, 3044.47404617, 2.14477211796
5.69075086468, 1.12920760986, 0.809017642705, 0.943770408233, 3.22210548151, 0.787211165573, 1.84046152875, 0.909655520289, 0.975878663212, 1.86507615715, 4.71579856909, 0.851574078496, 3.44654420132, 0.974475516814, 1.09000054366, 1.10123007483, 1.04915140086, 1.15112047486, 4.571206477, 1.14473500004, 0.897000873354, 46.5513661321, 1.00996192708, 1.04804856187, 1.00301019018, 1.72437122839, 0.944882039027, 38807.7407799, 4.82573726542
3.66861173308, 1.22972313741, 0.877243979455, 0.876342259311, 2.83161665762, 0.791493071286, 5.41958679023, 1.08875813146, 0.963190216027, 1.75081141824, 7.27896076818, 0.882423739635, 3.21888871881, 0.903004576105, 1.09000091614, 1.09170812143, 1.03839691951, 1.17124132561, 8.43535567334, 0.919398115795, 0.771108803241, 384.625337822, 0.933272712361, 5.84729851695, 0.973879447497, 5.29161378342, 0.949393483125, 31838.4382406, 1.60857908847
5.4926042852, 1.2713781319, 1.02098724028, 1.17677681282, 6.51458257048, 0.865687603954, 4.37305316362, 1.06972372674, 0.97248087678, 2.02553019637, 1.94253787877, 0.845890061944, 3.25218188068, 1.2856482262, 1.09000037696, 1.09543629436, 1.00283331676, 1.21513204993, 4.85388108956, 1.06482824381, 0.875282241149, 34.875701188, 0.946292339211, 2.95017020481, 1.02148238523, 1.27681479433, 0.923186841397, 50708.1166553, 2.68096514745
5.57962437857, 1.00881158162, 0.760458897313, 1.20865920499, 5.48261682193, 0.905408139777, 2.8334439156, 1.06535210134, 0.924483086118, 3.41837483701, 4.24509598808, 0.927536565048, 1.90174179802, 0.878631173535, 1.09000091098, 1.0890056525, 1.01444197361, 1.17805702184, 3.25837938533, 1.07539809005, 0.856528134733, 34.099878374, 1.09703517606, 5.14996534634, 1.07427949162, 2.7407903462, 1.18125511435, 1188.12800005, 1.34048257373
1.43131368433, 1.42947444569, 0.879441684105, 0.817574147183, 5.87473487871, 0.971970901096, 3.1942489565, 0.831173249594, 0.985967378144, 2.63952197693, 2.08647401592, 0.810121294753, 4.3379165319, 1.26394357817, 1.09000085385, 1.03657965967, 1.04329473264, 1.1090676538, 8.08698133376, 0.992181548538, 0.817385976397, 219.961096396, 1.05512813729, 2.04727475032, 0.966323745442, 2.54493468003, 1.04036895783, 32295.9699746, 4.28954423592
3.62671630952, 1.21162961723, 0.73560691678, 0.890318450733, 1.7420248758, 0.941709939805, 4.4917683851, 0.981026917427, 0.925503187295, 3.42970015388, 3.04605480129, 0.813087245264, 4.8081688956, 1.0085748912, 1.09000085771, 1.10064150739, 1.04107774305, 1.14769997435, 8.92737545717, 0.915260626786, 0.838736752607, 45.5113631628, 1.02789831469, 4.81727404333, 0.962225756757, 1.21597987362, 1.06108181955, 3037.3956912, 0.536193029491
2.77325880496, 1.425593816, 0.954479502149, 1.06855037258, 2.27935403248, 0.940387003042, 3.82568834026, 0.894271902401, 0.906381344509, 1.95650592803, 1.60989669488, 0.904928890124, 4.50568806505, 1.2453172854, 1.09000021664, 1.10786939409, 1.02381431153, 1.21397108978, 7.18187280103, 0.917192770179, 0.829177586511, 205.538184166, 0.978041356534, 5.38648210211, 1.01160606093, 2.64565991999, 1.04765554847, 16987.667324, 0.536193029491
1.05069397357, 1.17672247666, 0.95382399615, 0.800576596101, 2.20128134853, 0.933659051261, 4.97388265166, 0.910842572817, 0.956942272313, 3.5960610484, 3.39301815081, 0.861296232511, 3.52606129905, 1.15786901342, 1.09000072208, 1.02677031407, 1.04431341788, 1.21504453117, 5.47912915345, 0.971422651887, 0.896170277711, 89.0950003381, 1.11367717895, 3.28744574106, 1.04977571893, 1.86572710517, 1.12029543499, 13565.5681261, 8.3109919571
3.52909101987, 1.20503063718, 0.826941356146, 1.11466304169, 1.95078156844, 0.898529908521, 3.6497857888, 0.941347744499, 0.96078867793, 4.41343666065, 5.78363231992, 0.85432308326, 2.9914814178, 1.10306286733, 1.09000078589, 1.10066378903, 1.01763729835, 1.22325773179, 5.0280949594, 1.08857776094, 0.894320805582, 41.5179431987, 0.976313346342, 4.96968136172, 0.982185293328, 2.3958204419, 1.03322101948, 4179.79209144, 2.41286863271
5.06979869039, 1.18427031461, 0.997501325795, 1.04291305575, 4.304548555, 0.950613254627, 5.78037506734, 0.947981547124, 0.986467437482, 1.84913704831, 2.0948667741, 0.862028421357, 4.70615321961, 1.24741502122, 1.09000009591, 1.01671412605, 1.02471799742, 1.02750450782, 7.95336609166, 0.922323929987, 0.903372514183, 42.4393565923, 1.12006665095, 3.21092517829, 1.04010966283, 2.46066396051, 1.12359934933, 5928.6041004, 2.9490616622
5.72022452493, 1.01898642834, 0.832439264328, 0.974663222758, 3.61234588463, 0.871964869204, 5.50210320747, 0.983525182928, 0.957664611666, 2.14931565504, 5.61495095905, 0.833662626384, 3.10684875187, 0.841142893139, 1.0900008867, 1.07083922587, 1.02393037514, 0.939475360203, 6.06181115578, 1.13487583733, 0.977272786719, 34.1342470648, 1.1010945342, 3.19225378439, 1.0537841812, 1.39691890644, 1.00006454333, 31154.877423, 2.68096514745
3.69262046767, 1.13118644685, 0.908708435366, 1.07077539588, 4.8380055985, 0.953495775673, 4.0841601949, 0.874081758849, 0.965456925734, 3.29397043131, 1.92141078626, 0.821957174939, 1.8106856252, 0.843851687089, 1.09000054671, 1.04708070361, 1.03340611885, 1.10456014834, 8.37681892569, 0.98971554609, 0.901125667257, 150.105720059, 1.17325763739, 5.78342110145, 1.08073997169, 2.50994886644, 1.20066758511, 5101.27453573, 1.87667560322
2.46030732237, 1.14026341647, 0.82571875884, 0.925507862094, 4.70669041775, 0.954329252251, 1.76812835032, 0.848736662227, 0.982834114827, 1.99380412887, 3.5555741297, 0.861293547134, 2.01750266114, 0.831103357794, 1.09000000586, 1.09800410039, 1.04415845451, 1.19751215495, 8.44600629106, 1.13709960994, 0.897922537349, 246.986184994, 1.07932947903, 1.97340392392, 1.0223747418, 2.30389830473, 0.982584341845, 7171.34170545, 4.02144772118
5.72407110593, 1.16304011468, 1.07749585649, 0.887641478366, 1.77308336328, 0.962044802747, 5.75219273186, 0.998188311703, 0.972572510254, 3.49936502371, 3.30112832099, 0.860247076008, 4.43741534392, 0.989676897354, 1.09000056686, 1.10021608232, 1.04834225503, 1.10735906639, 7.63952761136, 1.00342300128, 0.971645212279, 56.9380196325, 1.11611632442, 4.17514156982, 0.962040228918, 2.93307221008, 1.15382903302, 7434.12605713, 1.07238605898
3.59136616283, 1.12960518661, 0.901367363594, 0.922509292009, 3.69867621492, 0.828237470566, 4.58234508676, 0.907729275395, 0.980320433985, 3.43178305479, 2.69307977675, 0.885791417313, 3.49152350658, 0.978189235829, 1.09000049406, 1.08890734591, 1.01256469011, 1.00728430335, 6.14053557627, 0.993594711921, 0.992679228025, 122.796005776, 1.0699234222, 1.79110746223, 0.985152642659, 1.83610769023, 0.889476182721, 2427.94795038, 1.07238605898
1.38546132882, 1.25945900289, 0.922458017627, 0.922124706531, 4.9313930373, 0.935971489501, 5.44894460723, 1.04394541359, 0.908705917657, 4.97218508992, 2.12041699856, 0.824063080286, 1.38730874506, 1.04938641996, 1.09000091869, 1.07965878137, 1.01141388426, 0.983935946851, 9.01181750296, 0.961651578063, 0.797177286684, 223.202919963, 1.07963748237, 5.61525627598, 0.996919700699, 1.10266063379, 1.24163153599, 11912.5863724, 4.55764075067
4.88727002842, 1.00319835927, 0.895949569474, 0.958026125229, 6.36466442925, 0.992461429847, 2.1034092105, 0.96138928993, 0.940140656586, 1.75441584113, 6.66654982443, 0.820213184564, 4.35678054459, 0.991482399876, 1.09000010268, 1.07654203404, 1.04736858164, 0.992723106405, 6.07816892089, 1.15842589772, 0.908337084048, 58.9464537196, 1.0252294467, 5.17644339292, 0.979394085033, 2.92551388648, 1.23056150103, 11981.5383557, 0.804289544236
2.9838466351, 1.01293677139, 1.00925522911, 1.00071743655, 3.14442140843, 0.872777007329, 2.60566633936, 0.952946607143, 0.954403812151, 2.14807584329, 3.41630064753, 0.84230033605, 2.32153370412, 1.02762968064, 1.09000037533, 1.07597183506, 1.01188739292, 1.21418022569, 5.33248876185, 0.986061583531, 0.968498635645, 26.2169093566, 0.92270869235, 4.24574323716, 0.978189758895, 1.22049967262, 0.960341290453, 9886.87761138, 2.14477211796
5.43400304774, 1.29974679276, 0.844241791229, 1.13644554102, 5.30093086113, 0.828946839648, 1.98616603962, 0.897969399634, 0.979389102765, 1.33407520665, 2.49200770295, 0.954288978411, 4.03093458429, 1.25490647121, 1.09000078853, 1.09588011817, 1.03509179973, 1.17701424147, 4.77301100908, 1.08711364194, 0.820160174157, 145.494098382, 1.04758392633, 3.7762487961, 1.00557787851, 2.04527890222, 1.22689857649, 755.251469665, 0.536193029491
3.89419484283, 1.22507937074, 1.11327700729, 1.04510364083, 5.25779392068, 0.795010685632, 4.21803347467, 1.09005073043, 0.975894605124, 2.07694590247, 2.50806963484, 0.869883398502, 4.64113800545, 1.26450315784, 1.09000058399, 1.10184520616, 1.03534288692, 1.09490826864, 4.44710798751, 0.924727645235, 0.788081304494, 186.191430678, 1.08404984431, 5.71313740188, 0.959852242261, 4.82471843893, 0.98750721436, 6923.0131669, 3.48525469169
3.9361974859, 1.21717327435, 0.989818664134, 0.97224518903, 4.86418285814, 0.910191785106, 1.69297366877, 0.998586812117, 0.995571958137, 2.21980100532, 6.19012536176, 0.841570749767, 4.11556334377, 1.18369180167, 1.09000089302, 1.09181022138, 1.01298509149, 1.03309796059, 8.78465894778, 1.17440135975, 0.917541695988, 145.561428045, 0.93586838633, 5.47564302378, 0.950368869855, 3.17435765616, 1.14563800211, 3332.32290546, 6.70241286863
4.15178125793, 1.15658238226, 1.04341577798, 0.949175984133, 1.42369642474, 0.778541474763, 5.36458279368, 1.08060073565, 0.987447397672, 1.84353225896, 1.58281409621, 0.925172988059, 2.22444061158, 0.870781014416, 1.09000021217, 1.10900341329, 1.0424074841, 0.846489312117, 9.99721118627, 0.950998735178, 0.777960850527, 205.529237644, 1.14719263926, 4.42084423328, 0.95854300217, 1.04610916911, 1.04986590881, 6088.18888551, 3.48525469169
5.41688572186, 1.12583334817, 0.807057317208, 1.11240713821, 6.36284468066, 0.81970653555, 5.69244071361, 0.881873081701, 0.985815324262, 2.65637033197, 2.02800951353, 1.02168904173, 1.45990615906, 1.0158970831, 1.09000008436, 1.08017525856, 1.03345293931, 1.09596463455, 8.84170125256, 1.12955802374, 0.813911633441, 114.885251695, 1.18181525893, 4.44167260485, 0.961270462973, 1.69649866409, 1.24925476443, 8201.08396804, 0.268096514745
5.92496741612, 1.14600564891, 1.16189548604, 1.12539765783, 6.16850782058, 0.873296959961, 4.08013462833, 0.994852940895, 0.965038335182, 5.23438016226, 2.48041494152, 0.842773718074, 2.47654311565, 0.977940113821, 1.0900008083, 1.09305753405, 1.03059689457, 1.19594072509, 4.84561332607, 0.971797377265, 0.813633205596, 203.327136789, 0.968607633792, 4.96897794695, 1.00155317728, 1.02685740236, 1.10721257448, 13733.6364603, 9.38337801609
2.30105691922, 1.07461951745, 0.730186637892, 1.02181923916, 7.00723379651, 0.841436709238, 4.46382813891, 0.995145933403, 0.984184619538, 2.10789932663, 3.51929895884, 0.819698225832, 1.86675958636, 1.01935114904, 1.09000024738, 1.06400643416, 1.02348562804, 1.22959194007, 6.9511540291, 1.13132227917, 0.807040352149, 78.7401511195, 1.1527418801, 5.8129411988, 1.01111470441, 1.92094609999, 0.98917417591, 2190.19198653, 6.43431635389
4.03204154639, 1.1653554061, 0.995493027699, 1.05749159261, 2.86457236086, 0.976142262621, 3.62457343191, 0.864093339862, 0.907727613166, 5.72295009041, 1.65786671345, 0.84102915964, 2.22210711538, 1.22254491646, 1.09000043842, 1.10444536403, 1.03337539729, 1.09628243568, 7.19569625847, 1.09348242488, 0.915927797388, 298.941958403, 1.13275866115, 4.94702905611, 1.03066878644, 2.09137101681, 0.924117881082, 36930.2022194, 1.07238605898
5.53064792488, 1.19914877814, 0.906407907686, 1.04434831621, 5.16413225644, 0.832596801383, 5.31287118504, 0.872487672575, 0.920309239879, 1.58286087512, 2.93569082718, 0.990504107147, 4.57120688319, 1.21152429048, 1.09000068529, 1.10922755215, 1.01332759864, 1.21179438943, 4.72609552916, 0.918017709086, 0.880878169911, 78.3289909757, 1.08122914467, 4.90928635669, 1.12200820029, 2.69317376025, 1.03636846421, 31244.0259523, 0.804289544236
5.97400783258, 1.0079630753, 0.854868231, 0.943528001444, 4.07329490678, 0.867723005244, 5.51807723137, 1.00415026333, 0.982575400683, 2.67615942207, 3.35308667953, 0.867412245054, 2.49759611498, 0.993597491585, 1.09000086873, 1.08770463568, 1.0452104949, 0.854961148518, 4.65204360851, 1.00820139578, 0.921593847383, 187.710580817, 1.17986996682, 5.12874430192, 1.04563463843, 1.15900319818, 1.1096342723, 38763.7794905, 1.34048257373
4.22198936088, 1.17617268194, 0.917570871816, 1.00935338086, 3.34462511404, 0.958336794717, 3.38879682172, 0.921288775479, 0.952653613285, 2.30573679114, 3.26971008049, 0.826064342234, 4.22185711846, 0.95616970175, 1.09000035222, 1.08560963366, 1.02642402344, 0.878307308072, 5.67853671805, 0.912532073165, 0.845747205, 330.1102326, 1.08427031506, 3.73515768735, 0.98099220054, 2.11667521114, 0.889342822773, 52.0580124972, 1.07238605898
5.85925973269, 1.24290044941, 1.01793136457, 0.914613209193, 3.40858204228, 0.969749541212, 2.88461996472, 0.928584929645, 0.904264650631, 1.43300713227, 3.55022674199, 0.813046802412, 1.59239068021, 1.11679419644, 1.09000082622, 1.0958311295, 1.01307164409, 1.04856653655, 5.64742540565, 0.97694690199, 0.818999463992, 99.3103195032, 1.18089074923, 1.78436127253, 1.11714626616, 2.68213852191, 1.27485911444, 5730.86696692, 1.07238605898
4.96961414098, 1.03781820689, 0.760930378139, 0.984800974806, 5.83141610666, 0.959788243824, 4.68489461629, 0.831335958934, 0.957842350248, 3.8456415184, 7.18969911737, 0.843831508911, 4.73176758412, 1.22933303427, 1.09000012189, 1.06524790321, 1.01134090331, 1.13108685378, 7.33282275904, 1.10654494102, 0.957117899558, 138.041824162, 0.957221719211, 5.53944734931, 1.01432101773, 2.11896210664, 0.967725667887, 28520.3000497, 5.09383378016
2.73609093145, 1.06631922968, 1.00402176986, 0.901835758046, 1.7830589416, 0.8584552169, 4.42822961516, 1.05297815612, 0.963295324505, 3.71318688721, 4.69773913082, 0.884471389765, 3.17070017571, 1.12736561679, 1.09000003152, 1.1085129892, 1.01555307289, 1.15982984956, 4.16968265524, 0.920682386268, 0.795779324984, 106.462641126, 1.12911155327, 2.76397691131, 0.968146059755, 3.21463562934, 0.872337982756, 19735.1391169, 0.804289544236
5.57741474234, 1.08262051825, 0.798553309899, 0.912316161858, 5.33673002106, 0.959705158309, 4.65340451691, 0.824046073164, 0.973206415622, 1.3725142217, 7.6755998168, 0.912209204697, 3.48878760651, 1.2557912253, 1.09000066141, 1.05067604845, 1.04227923278, 1.01061814084, 6.22201258961, 0.932750913944, 0.939911328576, 77.3815477108, 1.07335709263, 5.94856693608, 1.0058262727, 2.30212604742, 0.984206094864, 4280.42398961, 4.82573726542
4.99024532561, 1.1457884851, 1.01116289148, 0.893337344911, 4.74501259574, 0.961326195013, 5.28015071899, 0.824687089949, 0.989895873952, 1.85757697238, 1.59719394313, 0.877826990585, 3.084289674, 1.0573638729, 1.09000099409, 1.07056421911, 1.03316683692, 0.952981744634, 5.38799818452, 1.07994718293, 0.863855861364, 192.484821314, 1.1540085766, 5.32541323713, 1.05959520479, 1.39910695468, 1.13633730968, 212.640373232, 1.34048257373
4.89510703174, 1.02589893551, 0.926277947655, 0.847525878091, 2.09299764096, 0.980418467934, 5.07026649552, 0.873721573543, 0.958830994323, 2.19725222841, 4.51314897772, 0.870758151893, 2.78070803748, 1.20812641329, 1.09000029819, 1.07928545828, 1.00543062252, 1.18230572256, 6.82840082202, 0.953837045302, 0.796430439412, 291.796629775, 1.15599642941, 4.87079113178, 0.988238203735, 1.43264694591, 1.04940579432, 1571.44990732, 0.804289544236
