2.05973273973, 1.01516063339, 1.72948943269, 0.854255003743, 2.83000051456, 1.13963206344, 2.71433388928, 1.26000065191, 1.14000003455, 2.42748906754, 2.96569970474, 1.08449369788, 3.0400008493, 1.07845605963, 0.932492724977, 1.00000096232, 1.00000040287, 1.06547557166, 6.2179413593, 0.916103913528, 1.00000013968, 119.917961701, 0.876796507478, 5.2466977924, 1.02081458155, 3.29000036176, 1.00000033138, 15607.8715517, 2.68096514745
2.52643250224, 1.04241429482, 1.71895264223, 0.837889916536, 2.83000030997, 1.02952918189, 3.12009998693, 1.26000078343, 1.14000023559, 3.45546929003, 2.62078205348, 1.07438132874, 3.04000027247, 1.00709845388, 0.85930407574, 1.00000054589, 1.00000088541, 1.02071434388, 5.06264086825, 0.922786983319, 1.00000053972, 108.123040174, 0.916835414905, 3.74248709736, 0.958925930128, 3.29000056943, 1.0000000639, 25897.9599305, 11.2600536193
4.63236861341, 1.03733593308, 1.73605800559, 0.918740719314, 2.8300009129, 1.16077847886, 3.91586427293, 1.26000058961, 1.14000051926, 1.34407459948, 2.75451472259, 1.08440831488, 3.04000066304, 1.03866622337, 0.815727760046, 1.00000049151, 1.0000003345, 1.0376521375, 7.22909138623, 0.91894932746, 1.00000039696, 94.2570408214, 0.884721108903, 4.40587265936, 1.01622381774, 3.29000087463, 1.0000007529, 6710.50963878, 6.97050938338
2.49812127153, 1.07602050545, 1.71571083891, 0.83900520656, 2.83000097889, 1.09982229702, 3.95623970342, 1.26000026653, 1.14000090932, 1.90738851486, 1.9496205236, 1.08779116916, 3.04000063718, 1.03691534362, 0.913200302393, 1.00000099946, 1.00000073013, 1.04913047981, 8.15842640752, 0.916212711724, 1.00000059302, 115.48679213, 0.889689160427, 4.26165108405, 0.99567059391, 3.29000038615, 1.00000062082, 27601.6852208, 1.34048257373
2.94573355636, 1.10027990631, 1.71736524483, 0.839316177196, 2.83000034395, 1.06952321043, 5.4858028225, 1.26000082993, 1.1400008515, 3.13072118641, 2.84690770589, 1.07981066325, 3.04000099945, 1.05167183596, 0.961275904684, 1.000000168, 1.00000024423, 1.10403056651, 8.14587434967, 0.937518545896, 1.00000097994, 122.485852576, 0.980600257451, 4.96652902428, 1.06643296231, 3.29000010985, 1.00000085611, 1942.69322098, 4.02144772118
2.70629110052, 1.13258482367, 1.68906659558, 0.824983472839, 2.83000095915, 1.00376556075, 5.71751370299, 1.26000048099, 1.14000060178, 3.30334688963, 2.42828551398, 1.08747911429, 3.04000076001, 1.09452807304, 0.793722909545, 1.00000096835, 1.00000085854, 1.06550719451, 3.02369501039, 0.918122264977, 1.00000017005, 107.232312883, 0.905900892989, 4.06955915949, 0.977981905898, 3.29000076816, 1.00000092957, 9403.49169919, 0.0
4.88381038471, 1.0482232173, 1.6822983011, 0.926676182932, 2.83000032524, 1.10640680021, 5.0509634569, 1.26000097839, 1.14000015753, 2.42453055811, 3.0928093022, 1.05929401768, 3.04000081061, 1.05092251938, 0.785656020756, 1.00000057164, 1.00000035512, 1.07305575786, 7.90184598194, 0.910081379916, 1.00000085738, 123.422633251, 0.994518459246, 3.94363607426, 0.98896985061, 3.29000003733, 1.00000060587, 995.482048719, 2.14477211796
3.01357840426, 1.0885135082, 1.5640785563, 0.961737296172, 2.83000066935, 1.01692015785, 2.61652352827, 1.26000073822, 1.14000089437, 2.23136881401, 1.95314400933, 1.07818225627, 3.04000079214, 1.04620802545, 0.96906345586, 1.00000063309, 1.00000053463, 1.07997575121, 3.61321500728, 0.910986540572, 1.00000056362, 118.938061875, 0.922500470405, 2.91589667829, 0.977695836345, 3.29000041458, 1.00000049735, 39558.5125011, 1.07238605898
2.94558160942, 1.06477389813, 1.647504878, 0.827838177989, 2.83000005617, 0.959868973965, 5.30293661055, 1.26000045266, 1.14000082536, 3.03620221935, 2.54279341174, 1.03942486678, 3.0400002655, 1.07567739832, 0.888104749644, 1.0000003935, 1.00000035824, 1.08598098058, 3.8141851217, 0.914953953551, 1.00000046924, 121.842358035, 0.933447409348, 4.29427723856, 0.956604312191, 3.29000068606, 1.00000040369, 10032.5759081, 0.536193029491
1.37733117975, 1.04464174976, 1.65248281943, 0.870055114265, 2.83000020834, 0.994308051981, 5.46315907708, 1.26000020918, 1.14000060943, 2.23178819502, 3.08946665246, 1.02800980902, 3.0400006762, 1.07099712729, 0.946615754065, 1.00000090723, 1.00000063282, 1.10746713829, 5.8723633387, 0.920681163561, 1.00000012772, 101.153625568, 1.01215339395, 5.26077651749, 1.06843946542, 3.29000061893, 1.00000081224, 1429.79309888, 1.87667560322
1.06877130569, 1.00523910146, 1.56270777898, 0.857492727514, 2.83000064148, 1.15797630977, 5.39955709076, 1.26000090893, 1.14000013091, 1.27127524945, 2.92801138237, 0.945617519418, 3.04000061502, 1.01062659189, 0.827723034228, 1.00000065946, 1.00000054488, 1.06232122962, 5.92787814566, 0.916917070876, 1.00000017063, 120.790540372, 0.893937123751, 4.0061479939, 1.04411430903, 3.29000066549, 1.00000003771, 7719.02185332, 0.0
4.99249083297, 1.04601056992, 1.72805453233, 0.83597100134, 2.83000030059, 1.02073867952, 5.33224943524, 1.26000056782, 1.1400001583, 1.90426915552, 3.04286485055, 1.06342311401, 3.04000002707, 1.01997805916, 0.961399388497, 1.00000018974, 1.00000047776, 1.02846906435, 3.43005776896, 0.911256403951, 1.00000095455, 107.173824616, 0.992300666323, 5.92040978586, 1.03817572958, 3.29000062621, 1.00000034955, 2235.99092952, 0.804289544236
2.07889162181, 1.06977859356, 1.55365932341, 0.840499648165, 2.83000062062, 1.15852670649, 5.96341456125, 1.26000041802, 1.14000017053, 1.3085663489, 2.24107871121, 0.991070357713, 3.04000003555, 1.08684517827, 0.950511115641, 1.00000060113, 1.0000000183, 1.09105887101, 4.10479836931, 0.915027532469, 1.00000049573, 116.073282464, 1.00960197747, 2.61029380629, 1.05743530173, 3.29000099087, 1.0000008312, 23046.5096033, 5.63002680965
2.30016110234, 1.06160098479, 1.71003377344, 0.831098062605, 2.83000076409, 0.947090289911, 5.32077002127, 1.26000065751, 1.14000082214, 3.23265737273, 2.89952726406, 0.943653213046, 3.04000046031, 1.05407874327, 0.88947704948, 1.00000090333, 1.00000094383, 1.07191638572, 5.74945126989, 0.916508729261, 1.00000014842, 94.8243856862, 0.962303277925, 5.88255761438, 1.0112897555, 3.29000084959, 1.00000043213, 545.479462116, 3.21715817694
3.91715177228, 1.06304275124, 1.71007756658, 0.917903869663, 2.83000072637, 1.07622485423, 5.11981946161, 1.26000061878, 1.1400002888, 1.82551783042, 2.40454994414, 0.905835742902, 3.0400000934, 1.05627424468, 0.846113114032, 1.00000075037, 1.00000083669, 1.08696551522, 6.3494603208, 0.915165520568, 1.00000017748, 98.3880235215, 0.933330787308, 5.57751424295, 1.05162409273, 3.29000033824, 1.00000008307, 1302.6179737, 4.28954423592
3.52438009696, 1.09243274406, 1.6435141622, 0.931211662059, 2.83000091573, 0.995189117053, 5.7304798455, 1.26000063391, 1.14000011144, 1.52724016168, 2.19401085941, 1.08613986101, 3.04000009744, 1.01158055467, 1.01303510455, 1.00000057927, 1.00000041298, 1.10719363432, 4.50492045422, 0.91837572268, 1.00000018104, 111.557203753, 0.85499776901, 1.41997213825, 1.01155195254, 3.29000040626, 1.0000003383, 1905.09237791, 1.87667560322
5.36228383878, 1.1161968699, 1.51354825764, 0.947841928872, 2.83000000441, 0.974456065624, 3.73209982297, 1.26000075975, 1.14000090032, 1.76654566897, 2.0899188671, 1.09683143285, 3.04000095459, 1.06867639665, 0.800034681728, 1.00000067676, 1.00000024292, 1.07422751143, 5.91560683453, 0.915621972939, 1.0000005291, 121.253178379, 0.949129693031, 4.17944245474, 0.964463510227, 3.2900006071, 1.00000085502, 16096.6212405, 5.8981233244
1.29201201206, 1.06050312454, 1.71378601336, 0.837783224572, 2.83000042056, 1.04843349167, 5.63819196382, 1.26000088799, 1.14000006618, 1.89474751925, 2.06901840028, 1.07006317259, 3.04000097991, 1.04939710809, 0.977016197365, 1.00000001492, 1.00000011334, 1.03610267585, 5.94287951838, 0.927498140249, 1.00000059779, 117.108340645, 1.05177659336, 5.00234388973, 0.989189999759, 3.29000074667, 1.00000017231, 17796.928191, 3.21715817694
2.01273958329, 1.08427724768, 1.6771277138, 0.895378114657, 2.83000082595, 0.947840691923, 5.64895517386, 1.26000016524, 1.14000047521, 2.75088562312, 2.01403183762, 1.07283790365, 3.04000098864, 1.10805811113, 0.803600260558, 1.00000006002, 1.00000062701, 1.06351965877, 9.81252486844, 0.932899009146, 1.00000030957, 106.530196051, 0.901470823221, 5.54086342238, 0.97289603955, 3.29000061676, 1.00000030608, 20666.8257271, 2.41286863271
1.44439780468, 1.09425671185, 1.49547985437, 0.834767917726, 2.83000081728, 1.12711121112, 3.60080111417, 1.26000009385, 1.14000073615, 2.85042378279, 2.67960364184, 1.03572386465, 3.04000026439, 1.0659353742, 1.08299674154, 1.00000065385, 1.00000061472, 1.05761047406, 3.69717328688, 0.923044936519, 1.00000094338, 117.042982417, 1.05066166016, 5.4561451934, 0.95265010342, 3.29000074896, 1.00000088659, 7302.70087036, 0.804289544236
4.60104526435, 1.10757710878, 1.57585293025, 0.827305887989, 2.83000035474, 1.18374066934, 5.10395935237, 1.2600005271, 1.14000004816, 1.26812507178, 2.44420812501, 1.0134287418, 3.04000018356, 1.00198735953, 0.936016790592, 1.00000012576, 1.00000056385, 1.09091114704, 3.96627565669, 0.91648864485, 1.00000010242, 101.177853955, 1.07803465499, 5.5176977983, 1.04546990675, 3.29000069211, 1.00000065382, 7125.66556498, 4.82573726542
1.55266233271, 1.07752101515, 1.53099814905, 0.951330973662, 2.83000001043, 0.944622070104, 3.36951923858, 1.26000075596, 1.14000021857, 2.61743578555, 3.06779331048, 1.01935484056, 3.04000045238, 1.03276487157, 0.801101381833, 1.00000075969, 1.00000056962, 1.09330134573, 4.59141908631, 0.923070133461, 1.00000095726, 98.95718817, 0.981320157628, 2.06849154994, 0.984875063746, 3.29000074373, 1.0000007518, 17878.2903891, 1.34048257373
2.91212102657, 1.02162939673, 1.58586921728, 0.951121127528, 2.83000042285, 0.986234474447, 4.52283137708, 1.26000087223, 1.14000032291, 2.3001480769, 3.06405171507, 0.942947654957, 3.04000049923, 1.01046612694, 0.856463746893, 1.00000004527, 1.00000025881, 1.06464863677, 4.90899386881, 0.932348831101, 1.00000062289, 124.874611517, 0.89949026188, 3.0815233576, 0.991950265373, 3.29000003087, 1.00000030163, 7624.62090221, 2.9490616622
1.35167489717, 1.08061362229, 1.52429056603, 0.8931478395, 2.8300008857, 0.916117508032, 4.84892652659, 1.26000038217, 1.14000024125, 3.64875540869, 2.08301525432, 1.08410380464, 3.0400003489, 1.07414979759, 0.829178590767, 1.00000062039, 1.00000066862, 1.00190709936, 3.02063183633, 0.92195640072, 1.00000034266, 124.742460004, 0.915475415637, 5.71220245024, 0.964435061973, 3.29000033951, 1.00000063464, 31198.548777, 4.02144772118
3.72087976315, 1.10854931084, 1.57579667864, 0.901537276185, 2.83000047989, 1.105101164, 4.20697246985, 1.26000005483, 1.14000047706, 1.97514690947, 2.94430555419, 1.03518406483, 3.04000064416, 1.00616876927, 0.844858606833, 1.00000042552, 1.0000004354, 1.08603237274, 4.41147673926, 0.947579679798, 1.00000009336, 92.916600426, 1.04552896032, 5.20753937924, 1.02222920669, 3.29000067092, 1.00000028517, 4625.40225883, 5.36193029491
3.34366304369, 1.12419264206, 1.70227767874, 0.913175301108, 2.83000090102, 0.865435584897, 4.80867018447, 1.2600007407, 1.14000011396, 1.35378656585, 2.83103235615, 1.07023881996, 3.04000041669, 1.01288937439, 0.781955770084, 1.00000083272, 1.00000093114, 1.10298644679, 4.16708027223, 0.931506844739, 1.00000050688, 99.2874535547, 1.07677086623, 3.10828315698, 1.04485408587, 3.2900005587, 1.00000013977, 4400.43784958, 1.87667560322
2.07112210535, 1.12651160526, 1.72575314223, 0.854569638714, 2.83000044104, 1.10437798325, 5.12976654755, 1.260000595, 1.14000079908, 2.11587920146, 1.75477119084, 1.06319906455, 3.0400000504, 1.02750240312, 0.857888166848, 1.00000004683, 1.00000035796, 1.03369683362, 3.88515275003, 0.94649603763, 1.00000049119, 122.559151134, 0.995760903771, 5.19829685191, 0.978019184064, 3.29000058694, 1.00000073349, 69712.8111559, 2.14477211796
1.2385877714, 1.08431201756, 1.50636559103, 0.870306179139, 2.83000091633, 0.881385296868, 3.76264751875, 1.26000074693, 1.1400002782, 2.40576156438, 2.7530798686, 1.04625938511, 3.04000055529, 1.01141880548, 1.00711180336, 1.00000021783, 1.00000059982, 1.08729742046, 5.80078446197, 0.929178173008, 1.00000076789, 100.928935741, 0.99159280489, 4.14685940964, 0.995175286104, 3.2900003544, 1.0000000491, 895.630652662, 7.50670241287
1.09821848585, 1.12025007272, 1.71803126868, 0.835596422753, 2.83000057385, 0.909298034099, 5.82210028174, 1.26000052772, 1.14000095497, 2.66778209476, 3.10317173425, 1.05136008473, 3.04000097838, 1.00633360114, 0.857164158422, 1.00000087652, 1.00000039652, 1.04185596457, 4.20666106519, 0.930348541463, 1.00000018607, 112.03373313, 1.02922602268, 4.21269934198, 0.95458403958, 3.29000052655, 1.00000067239, 6409.65780349, 5.63002680965
4.22253751695, 1.09191792354, 1.56309520265, 0.924960260704, 2.83000030883, 1.05558041809, 5.10188088792, 1.26000019598, 1.14000074935, 1.89483784524, 2.56565095084, 1.09895449084, 3.04000072182, 1.02523579813, 0.805500569653, 1.00000002637, 1.00000074989, 1.07808417016, 8.44128109255, 0.921197843923, 1.00000050799, 96.876006431, 1.02085598718, 3.91322887488, 1.01962574367, 3.29000006915, 1.00000093389, 1321.33759799, 4.55764075067
3.25436870628, 1.00476020509, 1.46033962461, 0.993112750233, 2.83000080435, 0.969209696715, 3.88967899364, 1.26000059175, 1.14000066686, 1.37195168892, 2.84627777027, 1.09885623068, 3.04000000607, 1.0771065232, 0.952276992102, 1.00000097609, 1.0000003886, 1.06195675791, 5.69949591171, 0.913037444964, 1.0000005697, 104.333502621, 1.06728582036, 3.2933175516, 1.02017819449, 3.29000096194, 1.00000090088, 14949.9481111, 2.14477211796
1.64022103743, 1.05587191548, 1.3628056607, 0.859759058792, 2.83000002617, 1.11247054183, 4.55120609242, 1.26000016364, 1.14000021217, 2.00022374342, 1.93223551559, 1.07886332989, 3.04000034126, 1.03239800014, 0.900912547147, 1.00000003492, 1.00000055022, 1.03270977594, 8.04390528682, 0.911775806549, 1.00000033158, 109.050652555, 0.936529978667, 3.68245250014, 0.964033532788, 3.29000047877, 1.00000097714, 43438.7331753, 3.21715817694
2.93466593482, 1.1184772595, 1.58521341021, 0.950674146592, 2.83000055975, 0.98294017128, 4.87189322149, 1.26000011223, 1.14000021105, 3.03496553945, 2.23219622075, 1.00823824445, 3.04000012332, 1.03005311378, 0.82726684651, 1.00000039158, 1.00000058483, 1.10681522347, 3.6903521324, 0.916754027249, 1.00000056349, 119.020668761, 1.05686480554, 3.01523510522, 1.01520687434, 3.29000053745, 1.00000053269, 23575.9908859, 1.07238605898
1.37702517777, 1.1007896961, 1.61224115709, 0.943327191643, 2.83000049815, 1.00015446231, 4.67209963275, 1.26000016515, 1.14000020486, 1.45321435509, 2.7586235448, 0.916742748984, 3.04000089464, 1.01474676769, 0.895204112562, 1.00000087888, 1.00000072639, 1.08523391928, 3.54971347185, 0.930090883284, 1.00000031205, 96.76300773, 0.869944842509, 5.04839707999, 0.98577081689, 3.29000039308, 1.00000004806, 21523.3015508, 8.04289544236
2.83121593841, 1.07731232603, 1.5134905235, 0.894303665875, 2.83000084966, 1.0405498075, 4.99786192962, 1.26000089117, 1.14000032438, 1.43430469214, 1.7648630698, 1.04588027965, 3.04000031524, 1.05885746134, 0.803028662388, 1.0000002769, 1.00000001157, 1.02604152132, 3.06143070268, 0.919400064408, 1.00000081529, 103.675980125, 0.990158492155, 4.22164436736, 1.00824315932, 3.29000053653, 1.0000009115, 8214.51736484, 2.68096514745
3.41969445975, 1.05225963778, 1.50330482002, 0.951027195078, 2.83000076824, 1.14100684906, 5.95985564127, 1.26000068379, 1.14000076265, 1.49237957441, 2.83000865147, 1.08761369494, 3.04000018649, 1.02854961063, 0.854247671383, 1.0000007818, 1.00000084647, 1.03695543858, 5.87133311157, 0.947950846993, 1.00000033359, 113.619855472, 0.868412621772, 5.4645600952, 1.01309741962, 3.29000097131, 1.00000006972, 606.191900627, 0.0
1.33784500004, 1.02219146759, 1.55160067098, 0.920702098832, 2.83000018951, 1.01278819257, 5.74004407462, 1.26000057725, 1.14000018541, 2.40385788235, 2.30226273873, 1.07336625693, 3.04000034392, 1.01440062464, 0.782325490523, 1.00000020338, 1.00000088408, 1.09362898434, 3.93953716278, 0.91005319214, 1.00000032356, 122.997291178, 1.06341279318, 5.22612128936, 0.954327171198, 3.29000075571, 1.00000024192, 4598.8850071, 0.536193029491
1.04852559929, 1.11649008171, 1.43111553393, 0.974063058683, 2.83000040209, 0.995426503821, 4.19176439345, 1.26000055933, 1.14000010037, 1.44586043585, 2.842047333, 0.970740725903, 3.04000031369, 1.05584896039, 0.856059794629, 1.00000050392, 1.00000032836, 1.10125867664, 7.69017221845, 0.918623478746, 1.00000021699, 116.400186851, 1.02539524143, 2.37018660769, 1.0331370101, 3.29000012806, 1.00000061502, 55466.7585528, 0.0
2.2888713818, 1.11676809649, 1.576443426, 0.948162566836, 2.83000004095, 1.01104877475, 5.86898506925, 1.26000004343, 1.14000012888, 1.55144307909, 2.83096758469, 1.01816106181, 3.04000088134, 1.06307299871, 0.784894355286, 1.00000041916, 1.00000093338, 1.06063302236, 7.74247799967, 0.911780499012, 1.00000081758, 115.288153517, 0.893263838786, 3.88034146281, 0.954594860109, 3.29000098916, 1.00000021468, 20106.7394988, 6.16621983914
3.11459334851, 1.05326802632, 1.50689069406, 0.864934747235, 2.83000057993, 0.99100680046, 4.96230374984, 1.26000046393, 1.14000063373, 3.5414322055, 2.65844359908, 1.04496066294, 3.04000067813, 1.00748638704, 0.930223641253, 1.00000006432, 1.00000058363, 1.03406092939, 7.69274517143, 0.924488537292, 1.0000009621, 111.673429115, 1.04815591523, 2.93745756496, 0.952952348536, 3.29000059629, 1.00000059855, 3300.25059481, 8.57908847185
2.74170532108, 1.13286015953, 1.63100695804, 0.961523901544, 2.83000021863, 0.901741261389, 4.96802441951, 1.26000078115, 1.14000012313, 2.5319793604, 2.02355679268, 1.01878861021, 3.04000078877, 1.06496791416, 0.791349043803, 1.0000009336, 1.00000025884, 1.04414216057, 3.31230496851, 0.918883054004, 1.00000021503, 113.043988278, 1.08535922973, 5.45513048542, 0.977717538734, 3.29000085546, 1.00000099898, 7636.87613305, 5.09383378016
1.65495383131, 1.04086321136, 1.3939897388, 0.871165077643, 2.83000099211, 0.975279413325, 5.79178989106, 1.26000071227, 1.14000010551, 1.64782585621, 3.03797642266, 1.09194296259, 3.04000079033, 1.00263102883, 0.805844842142, 1.00000060394, 1.00000095425, 1.0939889594, 4.72368153391, 0.938003702968, 1.00000022375, 83.251812669, 1.05145131598, 3.98005791783, 1.03406270125, 3.29000001624, 1.00000097462, 1266.66115113, 0.0
1.85512167825, 1.07148602126, 1.69611537228, 0.892532234965, 2.83000044393, 0.994185201886, 5.35808946286, 1.26000017967, 1.14000014762, 1.58799890294, 2.49793677523, 1.09672181947, 3.04000025671, 1.00260016498, 0.865935507084, 1.0000006366, 1.0000004833, 1.02066415235, 4.26811770524, 0.969295392956, 1.00000066746, 80.6786004198, 1.07745437728, 3.6889463582, 1.06589391891, 3.29000051118, 1.00000050397, 4748.76438164, 3.75335120643
1.48763042988, 1.0806159419, 1.54436871331, 0.907977068697, 2.83000031629, 1.0310171742, 5.40023829056, 1.26000033007, 1.14000091541, 1.90628354438, 2.75307085428, 1.08448362855, 3.04000035126, 1.01747272842, 1.0340298283, 1.00000040676, 1.0000009223, 1.076848283, 4.10385323693, 0.959050468267, 1.00000099431, 108.699540412, 1.03366168812, 4.35609687431, 1.03520769583, 3.29000038434, 1.00000077515, 37136.8651482, 2.14477211796
2.72160565532, 1.07083468304, 1.37458281295, 0.997259191297, 2.83000038496, 0.942175520783, 3.60258296383, 1.26000020969, 1.1400003643, 1.70134097059, 3.09818181015, 1.00964508053, 3.04000089379, 1.01283376511, 0.951558236451, 1.00000079026, 1.00000025146, 1.09399744452, 4.56981313063, 0.917938575064, 1.00000066801, 104.707860028, 1.00153978145, 5.94173195091, 1.0014159889, 3.29000060344, 1.00000070132, 20014.0733698, 1.07238605898
1.88101560283, 1.12262154033, 1.65072875385, 0.988362526481, 2.83000069102, 0.943185043078, 5.78109929601, 1.26000032622, 1.14000040357, 1.31345028741, 2.81086227321, 1.08826005726, 3.04000037928, 1.06362076618, 0.806662887836, 1.00000052839, 1.00000088172, 1.00106268297, 5.57474844331, 0.916178445863, 1.00000056044, 99.3055740523, 1.08940993398, 1.83010466643, 1.02642188405, 3.29000046539, 1.00000021408, 6086.8363437, 4.28954423592
2.52345659314, 1.03770318523, 1.42458817717, 0.976589635047, 2.83000098597, 0.878425262571, 4.8047704459, 1.2600008006, 1.14000000332, 1.25884324644, 2.10109739278, 1.096713832, 3.04000085685, 1.04497557053, 0.822695705379, 1.00000076757, 1.000000399, 1.03575332955, 3.68526088661, 0.933506185357, 1.00000063946, 94.3314355661, 0.906846274432, 5.83283345805, 0.980083603863, 3.29000081164, 1.00000004743, 19935.103395, 2.41286863271
3.82996154014, 1.12679187607, 1.61745569307, 0.937913426074, 2.83000079414, 1.08739344606, 4.97431148432, 1.2600008185, 1.1400004213, 1.7511385031, 3.0742732087, 0.999741164448, 3.04000081266, 1.02412587213, 0.899750175574, 1.00000027548, 1.00000088621, 1.01218048439, 3.97250179422, 0.956460862745, 1.00000034602, 121.276855056, 1.08319571993, 4.4565886276, 0.957556474127, 3.29000089739, 1.00000042543, 96147.5731572, 8.8471849866
2.03802814296, 1.08846410726, 1.44287492004, 0.883735724234, 2.83000089173, 1.10927224736, 5.19297263988, 1.26000086508, 1.14000098413, 2.07291405162, 2.23506314209, 0.981871166833, 3.04000029043, 1.00208501738, 1.00497983179, 1.00000048046, 1.00000009225, 1.03316882432, 7.45312665551, 0.946903302784, 1.0000002271, 121.801270176, 1.06874184407, 4.24237263982, 0.996538746741, 3.29000026567, 1.00000071159, 28743.6737861, 7.77479892761
1.99925766579, 1.04739314472, 1.4103346421, 0.915376562791, 2.83000086717, 1.00861514892, 5.89879791709, 1.26000075886, 1.14000037387, 1.954277853, 2.46398484823, 0.986317652361, 3.04000089586, 1.01787474401, 0.858084800461, 1.00000083774, 1.00000024497, 1.03008434555, 6.94154162102, 0.957393869217, 1.00000057503, 104.691528224, 1.00191405434, 4.12065078398, 0.978994426206, 3.29000034783, 1.00000020433, 53612.829958, 6.97050938338
1.5194802556, 1.0448058166, 1.38671688093, 0.988985529603, 2.83000068406, 0.93903268843, 5.93995340677, 1.26000010322, 1.14000038937, 1.7056902898, 2.62026161431, 0.967267091294, 3.04000025654, 1.02307854461, 0.953623965598, 1.00000054967, 1.00000090111, 1.01982706104, 7.01948455986, 0.947989041688, 1.00000079666, 110.069966554, 1.01407781973, 5.97828062917, 0.978018044912, 3.29000082448, 1.00000091569, 33710.7699102, 4.82573726542
