2.17766398976, 1.28809372432, 1.018672213, 1.12729520299, 6.51473801146, 0.774416304322, 4.19736464654, 1.08461557306, 0.971607438782, 2.04661803355, 3.75985231488, 0.887277203245, 1.38017831268, 0.920413692435, 1.09000085783, 1.03968498445, 1.01027310451, 1.20496761508, 7.11175797548, 0.972195098253, 0.852267489087, 209.584691136, 1.0352215348, 5.97371235502, 1.09790702586, 1.86334789644, 1.05017527696, 3554.87737837, 0.536193029491
3.71539992963, 1.24174833553, 0.872110289464, 1.10412834269, 6.86054646718, 0.712742709545, 1.91903838425, 1.08052902767, 0.962080275396, 1.92553738959, 5.88879467499, 0.949777864475, 2.23361966435, 0.82692971645, 1.09000001128, 1.00955362216, 1.00888660986, 1.1426120331, 7.9261960826, 0.99597137201, 0.997291478178, 256.504427554, 1.155881296, 4.87393772092, 0.977354199119, 2.18521078105, 1.23723366884, 12165.5758063, 0.0
4.09752695569, 1.08348587523, 1.09540658196, 1.20058830473, 5.83442927072, 0.747737734126, 2.67529503509, 1.07848946882, 0.994113548442, 1.38600139091, 4.02429101423, 0.880416521472, 3.02920749425, 0.887731895373, 1.09000045532, 1.05722139895, 1.03847099373, 1.22335465681, 6.17122286885, 1.04030494465, 0.905318348545, 147.256179503, 0.954028562335, 2.32316087768, 1.02000727463, 2.92249249642, 0.919912815137, 16500.0112246, 0.536193029491
1.47298287829, 1.26735904305, 0.73693793574, 1.15141391712, 6.75177611109, 0.741593791928, 4.03958158919, 0.954212489869, 0.917607734434, 1.36690379968, 7.05405071771, 0.810931943672, 2.60169343022, 0.968721468456, 1.0900003601, 1.03551031596, 1.00600454046, 1.15534576486, 7.71334557529, 1.12822541416, 0.879595068023, 100.786179874, 1.12466791606, 4.87762219423, 1.15621336431, 1.94325614885, 1.12552348415, 8517.39753909, 2.41286863271
1.79180592944, 1.21816876347, 0.889939798198, 1.20013215046, 6.67291144282, 0.847831270477, 3.48365495346, 0.832093831465, 0.912356541894, 2.96537112994, 5.43271127983, 0.982110425252, 2.8237299573, 1.10320887986, 1.09000059531, 1.088014668, 1.01576995771, 1.2218077223, 4.28088767983, 1.11029258949, 0.762701850781, 180.072571194, 1.0321186561, 5.32378183615, 1.12134501961, 1.28730432389, 0.951468608741, 658.042027466, 1.60857908847
3.7238066319, 1.36600978114, 1.05947000742, 1.16064018873, 5.55762876918, 0.790558125785, 2.10161231799, 0.966591850289, 0.933080608444, 2.33306297473, 7.72982812337, 0.968700101141, 1.48718808368, 1.18702390804, 1.09000027723, 1.04221995982, 1.01904162361, 1.20624181745, 7.70964111825, 1.05794248741, 0.908506087833, 215.592967237, 0.948601855906, 3.02355235668, 1.00924491449, 5.14973317481, 1.00437284847, 18710.0225364, 3.75335120643
4.97176141392, 1.16090050083, 0.876276316591, 1.10201628546, 6.81272824236, 0.830225849961, 4.97878425431, 0.948867183018, 0.953584468917, 1.525730533, 2.87415649125, 1.01738121864, 2.01355955416, 0.830164244289, 1.0900002209, 1.03756628334, 1.03768998155, 1.21367510469, 6.79460099388, 1.16416460087, 0.797577627415, 102.669850043, 1.01874938131, 5.82221834014, 1.18814682663, 1.24202400759, 1.18481351368, 6517.21472048, 2.14477211796
2.30105691922, 1.07461951745, 0.730186637892, 1.02181923916, 7.00723379651, 0.841436709238, 4.46382813891, 0.995145933403, 0.984184619538, 2.10789932663, 3.51929895884, 0.819698225832, 1.86675958636, 1.01935114904, 1.09000024738, 1.06400643416, 1.02348562804, 1.22959194007, 6.9511540291, 1.13132227917, 0.807040352149, 78.7401511195, 1.1527418801, 5.8129411988, 1.01111470441, 1.92094609999, 0.98917417591, 3810.47961376, 1.87667560322
3.69111273017, 1.18467355593, 1.08408251842, 1.14528223937, 6.92173233496, 0.870841710237, 4.0894375855, 1.03362862119, 0.936093838974, 1.99146011415, 2.83460765378, 0.922220367088, 1.60470201763, 1.03677489869, 1.09000037039, 1.08232871624, 1.04631859455, 1.16852069574, 3.2989395836, 1.10520690129, 0.904023874103, 64.6640927355, 1.06520914682, 5.28096074777, 1.11594135847, 1.30373166345, 0.981080992625, 715.627529128, 2.9490616622
1.31710332503, 1.22326017661, 0.78189385208, 1.19648665609, 5.82917488159, 0.787778978845, 5.42765721633, 1.04945517121, 0.903818022699, 2.85121819037, 3.84801031056, 0.873038691487, 2.11452417759, 0.827049554232, 1.09000049708, 1.06764735387, 1.0336559534, 1.18546807809, 5.89967688994, 1.09898691456, 0.987212349649, 195.588734744, 1.04161426713, 2.89691385549, 1.13644490994, 1.44739905812, 1.23239658994, 8084.16068499, 0.0
1.08032162114, 1.36006737232, 0.887220618627, 1.21819498281, 6.37697513291, 0.772510831804, 1.30624920064, 1.05109407501, 0.901043733766, 1.69034612684, 4.15831198743, 0.877551794205, 1.17749315333, 0.821425142861, 1.09000059631, 1.03712368619, 1.03660282406, 1.13050028849, 5.02338863783, 1.16318616849, 0.800562201632, 248.446402009, 1.1029953088, 3.5890615063, 1.06186150969, 3.81788607514, 0.8720502238, 15764.354959, 5.63002680965
1.89752178967, 1.07378471602, 1.03534494288, 1.08799624146, 6.69533764562, 0.863372859333, 3.26023281395, 0.929984967616, 0.974462675878, 2.13814422379, 6.65858112117, 0.812861478345, 1.30991476501, 1.27370948556, 1.09000057477, 1.06979953938, 1.00374276104, 1.19433368387, 3.48716645096, 0.936922294476, 0.79723574308, 186.428025896, 1.17081849997, 5.53678070702, 1.20802156776, 5.02402951097, 1.09335852188, 4931.78167656, 4.28954423592
1.85438403682, 1.26939364389, 0.739612112553, 0.947712557384, 6.09395564214, 0.77895192835, 2.03671184407, 1.01113702372, 0.913463054015, 3.32965164108, 4.44490297138, 1.04353551975, 1.13938086463, 0.84306607925, 1.09000063185, 1.0153049573, 1.01442752674, 1.10310563345, 5.00535565202, 0.966437113595, 0.904701347159, 312.992518791, 0.943697810098, 4.83261684988, 1.12434356938, 3.51604998337, 1.20181903027, 19151.0710621, 2.68096514745
3.91493960009, 1.21513480576, 0.928984083128, 1.14015294908, 6.10546391145, 0.721744382006, 3.05571130915, 1.00171677016, 0.935808743395, 2.18653251108, 3.95939268834, 0.907372752451, 4.29121418173, 0.830560478416, 1.09000057707, 1.05634146228, 1.03442933712, 1.20622788464, 9.22124683755, 1.13490049042, 0.813985516265, 130.52776022, 1.18502898415, 4.17425341386, 1.09794835354, 2.6219287895, 1.23577367765, 12711.8663594, 1.07238605898
5.14705280523, 1.26061461987, 1.02366829353, 1.1202434747, 6.65078398186, 0.778494553097, 3.78562782069, 0.996225443174, 0.996763834674, 1.89260788678, 4.75203233857, 0.894597786533, 2.34725424562, 0.846227394195, 1.09000023644, 1.05295224964, 1.04298378255, 1.20865385377, 5.02501109343, 0.954563254798, 0.959831486394, 101.702561603, 1.19996375656, 5.93396438431, 1.22300696665, 3.98610923509, 1.15167348619, 14777.1046379, 2.14477211796
1.82295456993, 1.40992400602, 0.978485993015, 1.05306456863, 6.77063733186, 0.788668370248, 2.30148447119, 0.932401898071, 0.932527695245, 1.24910706611, 3.90152945926, 0.981376938981, 1.99192561179, 0.937893354735, 1.09000035469, 1.10633036595, 1.01216395784, 1.19773169754, 3.90945066124, 1.12332194438, 0.819868937957, 167.462730211, 1.18540293695, 3.47724271925, 1.0876386283, 3.36782142464, 1.23611872744, 39358.5858123, 2.68096514745
2.52843501556, 1.26367264178, 0.971819447197, 0.940186331021, 6.78180004872, 0.725696490675, 1.65293334311, 1.07454710862, 0.928527843089, 4.1466627047, 7.03741320353, 0.883840638068, 1.01627803286, 1.14059468746, 1.09000053585, 1.01857741821, 1.0408506818, 1.12895713991, 7.07662240542, 1.08721409871, 0.976512081476, 24.3003400255, 0.920896872734, 3.15662981827, 1.21486253365, 2.20282172297, 0.952143409598, 2497.97045502, 1.07238605898
1.05674965885, 1.18947404801, 1.03216281407, 1.14389646099, 6.76999607081, 0.853202663317, 1.85735332857, 0.947385891793, 0.970105527526, 4.67711712789, 4.23047040915, 0.857311139925, 2.57197468412, 0.944591690274, 1.09000033505, 1.09923753495, 1.01246024136, 1.07831701929, 7.9814862483, 1.14011684611, 0.969314023246, 146.019071474, 1.11435551312, 1.98254425503, 1.16780695791, 2.78733707935, 0.876581100392, 26319.6023355, 5.8981233244
3.72183650926, 1.35560884624, 0.907555849598, 1.11987651611, 6.35626962402, 0.727868085941, 4.47029996218, 0.902160319505, 0.901662876235, 2.80256428602, 5.7317938716, 0.899257467521, 3.48618556374, 1.1553508695, 1.09000011815, 1.00843514331, 1.04142885319, 1.15550616397, 3.68527543964, 1.17963254504, 0.986122722297, 149.927449131, 0.968913483467, 3.74947457752, 1.16279036566, 1.74630136491, 1.07106798541, 11552.2315703, 0.268096514745
3.6614798612, 1.25255110852, 0.969878012478, 1.11000021449, 6.51006630336, 0.721651275247, 3.34622460952, 1.07801766193, 0.941635224104, 2.78658060765, 5.84820232685, 0.92049504531, 1.85300997634, 0.89325462612, 1.09000016378, 1.07378530596, 1.02886739464, 1.09178193666, 3.35742013846, 0.979031036684, 0.795457745137, 115.70446202, 1.09923408767, 5.64191214103, 1.2226365719, 2.57556029203, 1.13204450885, 32165.4977658, 5.63002680965
5.42892720711, 1.39808480292, 0.991457686307, 1.20783658225, 5.71001743337, 0.785982703856, 3.38557216715, 1.07119822309, 0.918163578121, 2.32208536132, 6.22554047362, 0.96033982569, 2.37954685059, 0.851835334837, 1.09000004863, 1.04284094039, 1.04825662438, 1.18723333756, 4.57465358886, 0.98981942954, 0.96838637267, 329.068568317, 1.0393908516, 2.86608058815, 1.04677339789, 4.91627578594, 1.19019279656, 41253.8471122, 1.07238605898
4.19875708859, 1.4231678226, 0.95853596889, 0.971674695721, 6.99496977618, 0.727205106405, 1.30196050573, 0.94218624172, 0.923935477498, 4.26277932047, 7.06875266435, 0.896951167504, 3.07957813184, 0.844724852245, 1.09000063325, 1.01169548394, 1.04634721878, 1.16516417975, 7.19830690422, 1.02203088518, 0.765804186442, 71.8907650338, 0.956938544504, 1.8548735203, 1.1701435535, 3.61680398519, 0.917303566746, 36836.606904, 7.77479892761
1.58347174175, 1.37383527459, 1.02409154325, 0.940705143931, 6.50981157311, 0.900161483782, 4.72753368278, 0.83972758005, 0.922650217375, 2.2829697557, 3.1216600182, 0.878271678863, 2.27304223734, 0.901488456551, 1.09000097468, 1.10329332059, 1.00766114275, 1.22037923725, 3.47315488183, 1.17627558578, 0.975996364716, 307.769488059, 1.15104594605, 3.96755554696, 1.12966753451, 3.90337579609, 1.16250539494, 36308.1224664, 7.50670241287
5.58497773041, 1.41810796826, 0.978368041062, 1.11425295893, 6.03203206263, 0.766166170226, 2.3891948201, 0.918841580574, 0.928376565931, 3.72458726652, 6.35185111912, 0.848704096804, 1.1975920065, 0.838423868598, 1.09000072554, 1.04759376117, 1.0468935473, 1.10612084315, 5.31652184451, 1.04758936399, 0.771968280131, 242.678837316, 1.04362327126, 4.73521312432, 1.06126264503, 3.18796978862, 1.16230645055, 1327.24852607, 1.07238605898
2.94927651976, 1.33818179833, 0.872490167157, 1.05142860476, 6.97580974857, 0.738996298948, 3.87623187613, 1.07958304128, 0.903842387897, 4.45525326226, 6.72389186791, 0.823985597991, 1.29311305488, 1.0665141913, 1.0900007761, 1.0669262011, 1.03203047825, 1.08515121415, 7.51546551816, 1.0548363518, 0.970728433081, 177.542236913, 1.04362629105, 1.34600168624, 1.196241671, 3.45056862417, 1.01240359529, 336.425320777, 1.60857908847
3.55726288074, 1.14251139155, 0.838613899099, 0.907088606217, 5.90670160847, 0.711763107416, 1.85144633275, 1.05260505666, 0.929864389995, 2.56315073035, 4.23873421459, 0.883035651441, 1.16669007043, 1.20463091407, 1.09000037383, 1.02248248644, 1.00953481885, 1.21448891466, 7.81641443198, 0.971347289744, 0.905590654638, 76.092066103, 1.12483537893, 4.34406731401, 1.2097317697, 5.09994126512, 1.09865851613, 1594.47106119, 2.68096514745
3.21669650755, 1.29302888721, 0.8220684433, 0.956353270564, 6.64649814693, 0.786350870393, 4.87603133486, 0.933682752966, 0.904157348907, 4.28326814922, 1.95202245766, 0.843148810008, 3.6739577678, 0.931294573105, 1.09000093218, 1.09514205152, 1.0152482888, 1.05775698596, 3.16712902526, 0.928972697922, 0.833134077404, 30.0453728734, 1.08743085532, 5.71057719729, 1.23718289405, 2.03642136897, 1.13532278072, 1775.46388768, 0.268096514745
4.79808467342, 1.16632929187, 0.888382079078, 1.12877649293, 6.61739332859, 0.916531784579, 1.20612763272, 1.03441150971, 0.910296990403, 6.01219604449, 4.99824664749, 0.932644935683, 1.85538008643, 0.849458243698, 1.09000086761, 1.09711652334, 1.01759211634, 1.21344687158, 3.17177884229, 1.12075007641, 0.933787992651, 272.204653188, 1.07299071949, 5.63919655212, 0.985994052796, 1.91560909233, 0.91763138016, 6307.24972244, 0.0
2.32065754835, 1.17600154389, 0.73596142029, 1.01860250707, 5.83639856833, 0.854630980271, 1.21997719182, 1.03363950817, 0.900548327433, 3.32371010968, 2.96760416713, 0.959610142147, 2.93447509458, 1.20687855789, 1.09000061818, 1.09055266379, 1.0094646913, 1.21884131388, 5.03689631476, 1.12261293415, 0.958893919898, 276.671070154, 0.935138959129, 3.79959665463, 1.06267108492, 3.67781989242, 1.2270301639, 18448.0825977, 1.60857908847
3.96215557496, 1.40789510735, 1.00769407276, 1.05760269948, 6.92580121337, 0.728780192452, 2.05903215697, 1.00267976266, 0.919181794307, 4.18836346711, 7.27440292572, 0.876225351582, 2.47424019363, 1.26178636653, 1.09000029869, 1.04816604676, 1.02089022086, 1.09138799739, 3.3900047837, 1.16376462334, 0.957160579755, 332.962623687, 1.02348969974, 2.38597493614, 1.0400355818, 4.16245264766, 0.91747603234, 26099.412467, 2.41286863271
4.27511758199, 1.2479713459, 1.0191294122, 0.901412360252, 6.60285705153, 0.775020802913, 3.21036841698, 0.901445162434, 0.925004210061, 3.43033069508, 3.63134526385, 0.968923753241, 3.21240572695, 0.878443938688, 1.0900004518, 1.00096369412, 1.01468847235, 1.22014756473, 3.68233969168, 1.07557048643, 0.859708855689, 274.000721117, 1.19556390382, 3.02974406013, 1.13426216088, 3.16570770497, 1.24780780392, 11856.9446218, 0.268096514745
2.34529683101, 1.29161101943, 1.06749539274, 1.13348693728, 4.81413199939, 0.717047463437, 2.30021715204, 0.949156222879, 0.908951122933, 2.81085980848, 5.08525938351, 0.866892394165, 4.90442916407, 0.961996429542, 1.09000079107, 1.06180379398, 1.01540881255, 1.18621156767, 8.25286409879, 1.03692316275, 0.993591455248, 98.823757509, 1.1572778557, 1.18830928046, 1.05322897989, 4.76753601032, 0.955786892486, 8008.53893276, 1.87667560322
3.16070036413, 1.02747352976, 1.15871735117, 1.15281317165, 7.05749896565, 0.978241450932, 1.53076861517, 0.93069827859, 0.93856981413, 3.12979504536, 5.89440533439, 1.06202592445, 1.59459528792, 0.937839527004, 1.09000085487, 1.08168235099, 1.01425355549, 1.14504643733, 3.00577504259, 1.12267492711, 0.796776279402, 286.876166512, 1.12275800635, 2.36975557223, 1.05568686413, 3.8641740805, 0.899989780616, 31736.8811378, 3.75335120643
1.7486874556, 1.0138616503, 1.14158734207, 1.21253900574, 6.68589402003, 0.806128399507, 3.85982632958, 1.05321890737, 0.916886400347, 1.60601102309, 4.46319293257, 0.985786135884, 2.64837144413, 1.0691014919, 1.09000098215, 1.02605430775, 1.00759482972, 0.913091563928, 4.7945364625, 1.15774153532, 0.957129696139, 30.6891960459, 1.18937795103, 1.17794613002, 1.00057661572, 3.14952506869, 1.07961705006, 13240.4804903, 2.9490616622
3.65439411474, 1.15238094674, 0.967352600182, 0.935048285989, 5.9024668776, 0.752155340712, 1.76330221134, 0.840172782941, 0.928967807609, 2.88835837906, 7.70612215825, 0.834828512494, 4.53739760488, 0.848853810015, 1.09000028652, 1.01608874674, 1.02544353295, 1.11284330046, 7.76400647181, 1.01121082248, 0.824032494144, 129.202567976, 1.11564124444, 3.84307490009, 1.14211407112, 1.59537518124, 1.01108041454, 265.92912843, 3.48525469169
5.78893728386, 1.26987234156, 0.854350013159, 0.983225494131, 7.01464224684, 0.797950199087, 2.06192115517, 1.09984776324, 0.959522173151, 1.70661266263, 7.54309640533, 0.983546985284, 4.6360624495, 1.04412827379, 1.09000024346, 1.09004519597, 1.01118266456, 1.21313096306, 4.36858997496, 1.15766183117, 0.969023024665, 41.3249162977, 1.18903455579, 5.86753735148, 1.23644029642, 2.3318238848, 1.06125613311, 2033.62068694, 2.41286863271
4.43392217871, 1.03050623113, 0.935350039581, 1.18222651719, 4.65505497133, 0.923127740611, 2.35666244434, 0.95703770566, 0.947400543801, 1.53001247532, 4.58690293185, 0.992142300645, 1.64101141137, 0.851147305658, 1.09000027056, 1.05340281611, 1.01839297223, 1.22016320998, 5.26280278652, 1.07302485814, 0.921921994226, 259.199062838, 1.02687203615, 2.3448848591, 1.1919271583, 5.4119639267, 1.13078476038, 1254.4977739, 0.804289544236
3.96643857631, 1.14411253079, 1.00555785776, 1.08775118698, 7.03246489796, 0.721293461817, 1.78987025951, 0.964416837493, 0.919700650756, 2.55750539707, 2.4473683619, 1.09618616088, 2.25389610282, 0.935612116426, 1.09000086311, 1.0364711414, 1.04012437827, 0.884701422387, 6.30174928978, 1.08217044945, 0.900744675908, 265.045694499, 1.02172974318, 1.86591280228, 1.17642848972, 3.24983743439, 1.15934501763, 25934.7417679, 2.14477211796
2.57774268253, 1.08206480439, 0.850646917575, 1.21654588847, 6.00741342568, 0.767581788711, 2.20945659336, 1.03728885165, 0.943657239221, 2.57558785758, 6.15002153893, 0.897052405609, 2.11058482114, 0.941907533866, 1.09000057966, 1.10321165183, 1.04719688246, 1.21343113668, 3.72619847551, 1.08282199825, 0.989068687883, 222.761981359, 1.05835970137, 3.829252914, 1.23934710718, 3.4295865827, 0.952881138767, 1877.06808435, 1.07238605898
3.51302760746, 1.09733720635, 1.05885950612, 1.02182926868, 6.41830656114, 0.858842255695, 1.08739889458, 0.991984716929, 0.920715978599, 4.5175599685, 7.79635824015, 0.933056319146, 1.70671108781, 0.836827701178, 1.09000063272, 1.05289014123, 1.0384732905, 1.1703650006, 6.25201994418, 1.01751919854, 0.861717587946, 15.8378089066, 1.12821049442, 5.07666033792, 0.955619432781, 2.93291529742, 0.908851178098, 516616.315783, 7.77479892761
5.57962437857, 1.00881158162, 0.760458897313, 1.20865920499, 5.48261682193, 0.905408139777, 2.8334439156, 1.06535210134, 0.924483086118, 3.41837483701, 4.24509598808, 0.927536565048, 1.90174179802, 0.878631173535, 1.09000091098, 1.0890056525, 1.01444197361, 1.17805702184, 3.25837938533, 1.07539809005, 0.856528134733, 34.099878374, 1.09703517606, 5.14996534634, 1.07427949162, 2.7407903462, 1.18125511435, 1531.69073494, 0.536193029491
3.29993601387, 1.29729813608, 0.83533575762, 1.04898858689, 5.76579723579, 0.904535858886, 2.07083271714, 1.02470315633, 0.946412887939, 3.80364056829, 7.61198526511, 0.82569318639, 3.56375827122, 0.904159383423, 1.09000028706, 1.09803412917, 1.03634716588, 1.19862610712, 6.05643506685, 0.943986803289, 0.995696709871, 29.8444846612, 1.13930716051, 4.24096804957, 1.11859649858, 2.89385592513, 1.07654398874, 37066.799437, 6.70241286863
3.79406131717, 1.31513562017, 0.74819011226, 1.07559325616, 4.31424584086, 0.789069051825, 1.89045358798, 0.974934003303, 0.92461597761, 5.87100370293, 5.61761031415, 0.878963710532, 1.05297554657, 1.01197070793, 1.09000042376, 1.02706829507, 1.04839332781, 1.2229125778, 6.41874838533, 1.03733503334, 0.939018554022, 192.19732867, 1.05493964158, 4.47158185579, 1.08672297644, 3.1680108328, 0.904469655977, 35964.7913851, 0.804289544236
2.48567200221, 1.11953121254, 0.737749469775, 1.03671409413, 4.38988684246, 0.755371159022, 3.29759525072, 1.07552373786, 0.962535901503, 1.33746345083, 3.43883713983, 0.84628598058, 2.05490576455, 0.941649806843, 1.09000047257, 1.05589191382, 1.02477878972, 1.18683088025, 4.08113655817, 1.07746895071, 0.785788453813, 64.5701025859, 1.11130690393, 2.46217768322, 1.14307764707, 4.13197847498, 1.07704078968, 17689.2167568, 4.55764075067
2.26120325983, 1.19048612381, 0.744763202281, 1.03782316493, 6.73125904971, 0.832821156849, 3.09257631539, 0.955568198846, 0.948302807861, 5.68853406093, 7.46260144926, 0.994283245732, 2.58388780866, 0.899997004946, 1.09000037002, 1.02569056014, 1.02196877716, 1.2188523376, 4.74552252857, 1.18551462211, 0.97311679391, 385.637279394, 0.994522679917, 4.2763911382, 1.0864100587, 5.20825067078, 1.07746557236, 47363.0380748, 2.14477211796
4.03964413894, 1.15817044677, 0.912379792756, 0.910925467754, 5.55126375949, 0.745663625919, 4.01410367208, 1.07636480393, 0.93421452688, 2.5231444506, 2.39733658953, 0.884933010566, 1.47496913435, 1.0269662084, 1.09000056962, 1.06189157437, 1.0495382906, 1.22958684283, 3.37362194232, 1.17979040026, 0.872898356122, 257.128977336, 1.13051932505, 5.09154460899, 1.06931424421, 4.07078623238, 0.926900270512, 19593.855377, 1.60857908847
5.44676797779, 1.02549165813, 0.749986533548, 0.963299108219, 6.7262668094, 0.7200175964, 1.81684836236, 0.912855558607, 0.918782100028, 2.51363618899, 2.76650363866, 0.86875162396, 3.53806458861, 0.997195087476, 1.09000055574, 1.08619572727, 1.03538849067, 1.19774281213, 9.54737071408, 1.17744537909, 0.81396579262, 36.3749272608, 0.958015013844, 4.13856981571, 1.22447288262, 4.12344901515, 0.879284780794, 28435.4968105, 2.68096514745
1.52153874135, 1.14702888482, 1.02764805235, 1.05159702019, 5.49715457331, 0.836248584337, 2.7408719918, 0.954066513609, 0.913856129551, 1.67304163216, 7.6746272644, 0.918143464037, 4.60517674807, 0.999325581775, 1.09000085767, 1.10447000873, 1.01763141523, 1.11337482267, 3.47621245322, 1.07253342463, 0.863446630033, 269.525628576, 1.09799066888, 1.41697181681, 1.01666575622, 3.94595883522, 1.07703362466, 17776.1631857, 2.41286863271
1.44857271794, 1.33744698868, 0.909325228126, 1.15245403693, 5.67863285048, 0.819919596333, 5.09948157232, 0.906831255463, 0.950332210035, 4.94609454929, 7.67665032867, 0.940522734941, 1.29746360539, 0.95684157136, 1.09000029552, 1.10259165944, 1.01485360565, 1.18433823755, 3.83269481932, 1.17086454028, 0.900318732214, 334.651049999, 1.18491814513, 1.17934127816, 1.15231098386, 4.99160050024, 0.958369835051, 14645.7535721, 0.0
5.60650231683, 1.24360853881, 0.752573085407, 1.0299387808, 3.79985688556, 0.974077858879, 1.67442065925, 0.964836505232, 0.953671912885, 3.52524027087, 3.6833288304, 0.830194651258, 2.13501859715, 0.896103780284, 1.09000054203, 1.03613981666, 1.04450513107, 1.19586073709, 6.00040564699, 1.00258724994, 0.948610659771, 309.938038518, 1.17911295539, 5.8299844422, 1.06968577242, 3.53020444717, 1.2984081618, 29927.1228869, 1.87667560322
2.68097563213, 1.16599757415, 0.753440292733, 0.820145598113, 6.51907398105, 0.878845094143, 3.73668947592, 1.06421495877, 0.979221584436, 1.29952131388, 6.71038929679, 0.911275125215, 2.31624766961, 0.861873056554, 1.09000039414, 1.08983063863, 1.04012519564, 1.18783361488, 6.53099149655, 1.09889279952, 0.913308402441, 117.129810354, 1.1398569589, 4.48029922871, 1.12411169837, 3.49934869554, 1.15546214324, 42496.6400993, 4.55764075067
3.23240497851, 1.09994734009, 0.824757093835, 1.20512547436, 4.8166640749, 0.729023453298, 1.58343310709, 0.987748489294, 0.927918305459, 1.57324873868, 4.99541893082, 0.996156023072, 4.78805510291, 0.905951878221, 1.09000016312, 1.07547173266, 1.0218543142, 1.21239892575, 7.26185073989, 1.1427429694, 0.86300572144, 136.149701207, 1.11681845504, 5.07865656771, 1.15903124602, 5.46372797262, 1.18644319277, 8144.96335234, 2.68096514745
5.72492785248, 1.34366390693, 0.838433812344, 1.08078245988, 3.23484655098, 0.757694935334, 2.28890151286, 0.935846304728, 0.924226592506, 2.3160862989, 6.41382195568, 0.999158836733, 1.53631174851, 0.880289774377, 1.09000076591, 1.04504025795, 1.00828898594, 1.17038770756, 3.13277008854, 0.954635232122, 0.864798800957, 197.6323127, 1.13249282949, 5.25769761824, 1.1372748957, 5.33874351733, 1.27809824316, 16148.0090537, 1.07238605898
3.72381094815, 1.08085049381, 0.77953790738, 0.921883253036, 6.90888137208, 0.866943603543, 3.55025736475, 1.06475561843, 0.927971395583, 3.69313310052, 6.46726462592, 0.903198181488, 4.24856932189, 0.812266053363, 1.09000051001, 1.05136328776, 1.04876683539, 1.09717496674, 5.90723611166, 1.01899518361, 0.998961593678, 230.104471491, 1.13245761026, 5.42857661352, 1.04851088984, 2.64934581179, 1.20391794688, 23749.4569662, 1.60857908847
5.38121251908, 1.10830038642, 0.925012649868, 0.900184690027, 6.52079582806, 0.740778848583, 2.73909517249, 1.02259389771, 0.929226856952, 1.49888893012, 7.09335892734, 0.828618387556, 1.28848660656, 0.840314050779, 1.09000047848, 1.05812890953, 1.01863853248, 0.945406661511, 9.80495772808, 1.14271996597, 0.948919108488, 145.718192425, 1.04721155491, 4.370761106, 0.977456061941, 5.16178145934, 1.2858295674, 17514.7892129, 4.82573726542
1.4794725747, 1.01561037979, 0.760291478498, 1.12363297214, 6.48455703755, 0.831435867361, 2.73263617254, 0.981452917564, 0.900602347775, 2.41494604561, 5.05222278896, 0.830851077331, 5.00111527675, 0.814023242628, 1.09000059731, 1.10556625218, 1.01836779222, 1.08200216204, 7.27425541824, 1.07559336686, 0.932906637418, 38.2869526441, 1.12657159565, 3.43881992865, 1.22260155788, 3.96564222356, 1.10768258441, 61329.2053775, 6.16621983914
4.19417620104, 1.03311469481, 0.989640291921, 1.1429909814, 4.90598621571, 0.867245389414, 1.5937676976, 1.04302513156, 0.906575969267, 1.24235529342, 5.04879197667, 1.02627789972, 2.55027135018, 1.05060009079, 1.09000009188, 1.01097611441, 1.03288225474, 1.08162504614, 4.25453837046, 1.16293595366, 0.916890268465, 123.654752249, 1.19949955388, 2.29815339804, 1.23458298029, 2.14545460651, 0.980006219571, 33068.7705894, 2.41286863271
5.5912875519, 1.27386976836, 0.802390892606, 0.998531746344, 6.88646283989, 0.802621463175, 1.82679735103, 0.939113903852, 0.911406660001, 6.15760736619, 5.51329366946, 0.874570380272, 1.60020096932, 1.01696550435, 1.09000014663, 1.05180558696, 1.02874453248, 1.17709689347, 5.6671724577, 1.18223302592, 0.997875237135, 224.54151284, 1.183724881, 2.40882580746, 1.16262676975, 2.04101933878, 1.15829310857, 4977.28783539, 3.75335120643
1.4957017451, 1.25181950376, 1.0047577295, 1.18468015007, 4.21023218693, 0.726629363233, 5.87940866704, 1.06247612513, 0.972265703304, 1.58685661616, 5.91918388634, 0.901957526221, 2.31711573062, 1.07300774401, 1.09000009244, 1.07292189133, 1.03135616182, 0.966624526186, 4.7641637793, 1.1163012228, 0.975891221405, 81.9378323451, 1.16792398363, 2.03564368183, 1.22573543872, 4.93235942228, 1.11598143182, 1727.47208676, 1.07238605898
1.1774859233, 1.06778049705, 0.817856354509, 0.956852191957, 6.74711556524, 0.785265602941, 3.25545055187, 0.911476488845, 0.948433907275, 2.86219585834, 5.70861454305, 0.889565412548, 3.56353740301, 1.20750363839, 1.0900007597, 1.10003334951, 1.02154973667, 0.985699663787, 5.23566369997, 1.10335409014, 0.89555774302, 127.863011007, 1.0635808175, 3.17378463724, 1.04888619392, 4.77290334085, 0.870316280366, 6039.71098353, 5.09383378016
4.31673514616, 1.07927591105, 0.988356196951, 0.99742545561, 4.52484596135, 0.783314599433, 2.1224846593, 0.980385407592, 0.915189204173, 1.69950104844, 2.41408804761, 0.914520414491, 4.37378804695, 1.01871557259, 1.09000052816, 1.07371636104, 1.04340669552, 1.16564118862, 7.38491165528, 1.08312194785, 0.934067667868, 80.6702480595, 1.18252576755, 1.65970838478, 1.11445730341, 3.79148706839, 0.944182158155, 7936.01660824, 0.0
4.23969355516, 1.27165695691, 0.756738536384, 0.914681557287, 5.56927759044, 0.885471470795, 1.24667555205, 0.830443779172, 0.913994841516, 3.6261189075, 6.38479662405, 0.897831742805, 2.78260605007, 0.997280847232, 1.09000053715, 1.10457306278, 1.00795704684, 1.22681568185, 8.90150752457, 1.18897073449, 0.804489112883, 131.463144773, 1.11807183371, 4.60130809686, 1.20255704599, 4.45157603385, 1.28204287042, 33642.0072299, 1.34048257373
5.50335867575, 1.29440279011, 0.753293496313, 1.03499731875, 4.79495687251, 0.713119620629, 2.65919381324, 0.946468055816, 0.918466853138, 4.33549696068, 5.70840762047, 0.825787017641, 2.46585806056, 1.00476787075, 1.09000073772, 1.07010209877, 1.02606957199, 1.07454130607, 6.14744312003, 1.16544333277, 0.920718607681, 87.9706659065, 1.16531332223, 5.98691785593, 1.10856933847, 2.74008451339, 1.17190829167, 15850.6823476, 4.28954423592
5.0706061633, 1.27172385924, 0.762260768062, 0.942285363032, 6.90239069509, 0.755277466908, 2.94572443998, 0.913599544294, 0.933328198091, 2.65119019981, 7.56353992315, 0.99433215352, 1.91188592311, 0.960796619887, 1.09000004509, 1.05926910499, 1.02574734198, 1.042017714, 6.16500120445, 1.06845451165, 0.988077656949, 171.585298922, 1.16885464379, 3.05911640315, 1.18602723802, 4.8743793359, 0.886577395953, 40270.2175572, 1.60857908847
1.2942487981, 1.12437832816, 1.11214472056, 0.814896843005, 5.30717718476, 0.938812773387, 1.6184398368, 0.879959994062, 0.948695527872, 2.56075573769, 6.52397262148, 0.820346499972, 2.69155229737, 0.856192840871, 1.09000006577, 1.0968925826, 1.0284701665, 0.989382638655, 3.77691527679, 1.14893631621, 0.943054325032, 257.456623829, 1.08379315543, 1.10722561944, 1.15099297073, 2.82271492358, 0.883968702649, 49085.6149981, 3.75335120643
2.73965664044, 1.28142094275, 0.812087047501, 0.823677817224, 5.89342145191, 0.789409081463, 1.34973254167, 0.834814595466, 0.967682894252, 1.96091078702, 5.08007413062, 0.971924482577, 1.73886950155, 0.855193376722, 1.0900001339, 1.10404368515, 1.04734004835, 1.01321275638, 3.87502098212, 1.11851003142, 0.882473178913, 158.327660179, 1.02638317711, 2.23797884394, 0.996775805316, 3.81432322125, 1.29815164945, 4188.08654573, 0.804289544236
5.22913808488, 1.02815861437, 0.764043284067, 0.826977113615, 6.28133126633, 0.958565429174, 2.30373788129, 1.03823470138, 0.919531971732, 4.99840875097, 3.39969656964, 0.888428960784, 3.43296164077, 0.913243424496, 1.09000008873, 1.09913066551, 1.02156668866, 1.0757192242, 4.43790475571, 1.06307898814, 0.913857251822, 180.137093692, 1.17734824909, 4.3550267697, 1.08803058383, 5.45072772753, 0.90385688555, 26005.9876939, 2.9490616622
3.29133877547, 1.02597730794, 0.810296803427, 0.816822963402, 3.48082834838, 0.77953260901, 2.79153164858, 1.00120833477, 0.940110142373, 4.66761747761, 6.24336071606, 0.949386925604, 1.84576628392, 0.866048568854, 1.09000027628, 1.08801974812, 1.04097612519, 0.920572715084, 3.35109886689, 1.11424936585, 0.891009327109, 59.6441440356, 1.19956439017, 4.87063873648, 1.1466707023, 5.10388405849, 1.13437778944, 30344.5550486, 4.02144772118
