0.271267655909, 1.19999254487, 2.00662998001, 0.557177922084, 66.544357886, 12.352000248, 0.300519895769, 1.56142168647, 3.59346951864, 128.622802149, 0.0799208379359, 0.142857142857
0.493557305681, 0.823068274313, 4.46182983824, 0.483471747631, 98.42706918, 16.378028433, 0.759684192524, 3.9260625193, 4.64475276661, 61.4013144016, 0.520945141373, 0.454545454545
0.160124318154, 1.09499224422, 2.78379539702, 0.648447470594, 93.1469803146, 15.3087075096, 0.524710087544, 4.88300414883, 10.5868617281, 255.357097033, 0.0, 0.0
0.44999771528, 0.847381387466, 2.40703208577, 0.665608049405, 85.0420550755, 1.65839319337, 0.123139433117, 3.07931302747, 17.4523788785, 156.836955957, 0.0756115690958, 0.516129032258
0.455515083825, 0.878193641624, 3.29796265094, 0.433961498638, 78.794230012, 20.4841879741, 0.619578671695, 0.900247866538, 19.2137352719, 199.344876785, 0.0335132920468, 0.125
0.776916158974, 0.969444297308, 3.65035101092, 0.667995668271, 8.53241260402, 22.9476603966, 0.984123564255, 2.30611071279, 13.2861672276, 109.563437227, 0.553279166126, 0.1
0.514578196088, 1.0678450379, 2.95544548838, 0.425380353996, 22.9226322944, 40.8084491081, 0.123139433117, 1.29944038668, 8.31990313131, 137.960629402, 0.603706313538, 0.0
0.160124318154, 1.15415558402, 2.78379539702, 0.648447470594, 93.1469803146, 15.3087075096, 0.524710087544, 4.88300414883, 10.5868617281, 172.18747238, 0.10870374259, 0.0
0.514578196088, 1.0678450379, 2.95544548838, 0.425380353996, 22.9226322944, 40.8084491081, 0.123139433117, 1.29944038668, 8.31990313131, 128.154275024, 0.552089602173, 0.133333333333
0.160124318154, 0.971475601307, 2.40703208577, 0.648447470594, 85.0420550755, 1.19582914742, 2.0576703556, 4.09778504043, 17.4523788785, 246.235172112, 0.00942517278434, 0.0
0.493557305681, 0.823068274313, 4.46182983824, 0.483471747631, 99.7017976396, 16.378028433, 0.759684192524, 3.9260625193, 4.64475276661, 147.634042716, 0.340422660181, 0.0
0.879633784144, 0.971475601307, 2.09561385756, 0.557177922084, 66.544357886, 12.352000248, 1.19803799088, 0.239811742176, 3.59346951864, 166.223536058, 0.263576912858, 0.0322580645161
0.230893565056, 1.07763132248, 2.78406358605, 0.45851343618, 56.8692944095, 2.39693451378, 1.91490710854, 0.365752986547, 20.3528575794, 244.932517874, 0.0402433639318, 0.0
0.514578196088, 0.881003916304, 2.95544548838, 0.41343642306, 22.9226322944, 9.9805517568, 0.123139433117, 1.29944038668, 8.31990313131, 139.513405995, 0.322334068503, 0.56
0.879633784144, 0.847381387466, 2.09561385756, 0.557177922084, 66.544357886, 17.569668531, 1.19803799088, 0.239811742176, 3.59346951864, 137.498794601, 0.472986928573, 0.34693877551
0.160124318154, 1.15415558402, 2.78379539702, 0.667995668271, 93.1469803146, 15.3087075096, 0.524710087544, 0.753361608728, 10.5868617281, 147.749999245, 0.15357043804, 0.375
0.606362343723, 0.912343788021, 4.62427485421, 0.416755637634, 93.1469803146, 38.4625639154, 0.0342161596376, 2.50087838379, 16.4347052859, 133.065911648, 0.539468107251, 0.461538461538
0.100778679924, 1.18296025158, 2.54042366555, 0.40185901638, 86.8927646144, 11.1157323027, 0.229760928806, 3.64778585299, 10.9207497644, 201.602470873, 0.0775540301294, 0.363636363636
0.248955785609, 1.07763132248, 3.80755052108, 0.613912276603, 38.7418479452, 19.2660737913, 0.300519895769, 3.85173032926, 20.3528575794, 176.884383039, 0.199364535995, 0.0
0.677918523557, 1.01407716324, 2.85698018175, 0.411771019824, 53.1357612478, 3.54486110607, 0.106537433296, 4.6770091958, 27.427093102, 216.926482676, 0.138143454921, 0.214285714286
0.814354873711, 1.01407716324, 3.73696362797, 0.613636276175, 53.1357612478, 4.19969936725, 0.106537433296, 4.6770091958, 27.427093102, 241.315939602, 0.120608043757, 0.0
0.160124318154, 0.847381387466, 2.40703208577, 0.648447470594, 85.0420550755, 1.65839319337, 2.0576703556, 3.07931302747, 17.4523788785, 283.535693348, 0.0275356680122, 0.519855595668
0.230893565056, 1.18354661931, 3.52490703387, 0.641447648292, 56.8692944095, 2.39693451378, 1.91490710854, 0.365752986547, 37.9879894985, 389.633162688, 0.0238518370705, 0.0
0.230893565056, 1.130863064, 7.19093716556, 0.611257836836, 53.2479101783, 1.11438997522, 0.189741355836, 0.819204219674, 43.7724784074, 518.905833511, 0.0146645397805, 0.181818181818
0.879633784144, 0.957517901945, 2.07785275178, 0.534448753119, 96.6937454291, 24.9159334494, 1.19803799088, 4.61809277039, 25.3925471022, 171.129594621, 0.49677845051, 0.310810810811
0.881937699043, 0.930589470816, 2.35662981831, 0.422596860729, 16.2577316332, 20.4841879741, 0.995652905944, 0.900247866538, 19.2137352719, 173.936792116, 0.404666646132, 0.333333333333
0.267295303565, 1.00315406065, 2.44308607513, 0.41343642306, 48.8251022764, 7.03816199209, 2.97367489108, 2.40498307592, 25.903794672, 304.93699435, 0.0910498705426, 0.0
0.44999771528, 0.847381387466, 2.40703208577, 0.665608049405, 85.0420550755, 1.65839319337, 2.0576703556, 3.07931302747, 17.4523788785, 245.589446587, 0.0459495696466, 0.0461538461538
0.160124318154, 1.09499224422, 2.78379539702, 0.648447470594, 93.1469803146, 15.3087075096, 0.524710087544, 4.88300414883, 10.5868617281, 159.770724224, 0.24000264874, 0.444444444444
0.763630253211, 0.881003916304, 3.06686525142, 0.406152801517, 16.2577316332, 9.9805517568, 0.33111476402, 1.6552487755, 37.305769382, 151.534779589, 0.252088787987, 0.625
0.689216107254, 0.912406877737, 4.85526825419, 0.548833789307, 43.848326053, 20.6091204906, 0.495400807802, 4.86790058312, 8.48960542016, 173.929376185, 0.364850475064, 0.375
0.493557305681, 0.823068274313, 4.46182983824, 0.483471747631, 98.42706918, 15.3087075096, 0.759684192524, 4.88300414883, 4.64475276661, 152.213342424, 0.345856570812, 0.5625
0.689216107254, 0.912406877737, 4.85526825419, 0.693399494576, 43.848326053, 20.6091204906, 0.495400807802, 2.95139559933, 20.7346424563, 222.847608746, 0.315875501106, 0.0
0.514578196088, 1.0678450379, 2.95544548838, 0.425380353996, 22.9226322944, 40.8084491081, 0.123139433117, 1.29944038668, 8.31990313131, 190.350741833, 0.358048676346, 0.272727272727
0.44999771528, 0.947533106036, 2.78379539702, 0.665608049405, 93.1469803146, 15.3087075096, 0.524710087544, 4.88300414883, 10.5868617281, 202.142155868, 0.343823775309, 0.428571428571
0.160124318154, 1.16179136032, 2.78379539702, 0.575043390315, 82.0790042452, 16.378028433, 0.379307498215, 3.9260625193, 10.5868617281, 211.540284089, 0.20612369082, 0.304347826087
0.73554120411, 0.969444297308, 3.65035101092, 0.667995668271, 8.53241260402, 22.9476603966, 0.984123564255, 2.30611071279, 13.2861672276, 178.73227386, 0.519066364234, 0.214285714286
0.606362343723, 0.912343788021, 4.62427485421, 0.416755637634, 82.0790042452, 38.4625639154, 0.379307498215, 2.50087838379, 16.4347052859, 195.462103379, 0.347396475673, 0.0
0.269931905656, 0.921230933548, 4.26500732422, 0.647796264012, 11.2198003867, 13.107837634, 0.619578671695, 1.3877245915, 9.15262505676, 235.322542546, 0.246459629995, 0.25
0.677918523557, 0.943636081806, 5.85426616773, 0.618042295449, 53.1357612478, 4.19969936725, 0.106537433296, 4.6770091958, 3.66476050111, 240.162066318, 0.155324894968, 0.307692307692
0.248955785609, 1.07763132248, 3.80755052108, 0.557177922084, 38.7418479452, 19.2660737913, 0.300519895769, 3.85173032926, 20.3528575794, 266.698093505, 0.230213791876, 0.0
0.73554120411, 1.14245173759, 3.65035101092, 0.667995668271, 8.53241260402, 7.23417515199, 0.984123564255, 2.30611071279, 18.6250566321, 243.734459968, 0.314599249876, 0.0
0.271267655909, 1.15116403945, 2.79753395866, 0.557177922084, 66.544357886, 12.352000248, 1.68205919174, 1.56142168647, 3.59346951864, 252.590766928, 0.174959008789, 0.0208333333333
0.763630253211, 0.881003916304, 4.50548806966, 0.411771019824, 50.222853369, 9.9805517568, 0.33111476402, 1.34483547566, 37.305769382, 255.113379641, 0.242572594571, 0.0
0.230893565056, 0.918371510271, 8.25381574385, 0.641447648292, 56.8692944095, 2.39693451378, 1.91490710854, 2.40498307592, 37.9879894985, 1032.28569271, 0.0274917189591, 0.0
0.117485760546, 0.837377811265, 8.68897687568, 0.489291674104, 12.1518032089, 9.99994599063, 1.75526521198, 0.112846094268, 5.06537672902, 451.380636756, 0.0539874878793, 0.0
0.429266315108, 1.02855979607, 5.08228231254, 0.68273234839, 83.6355193573, 1.44406731078, 3.89784351345, 0.405500608502, 43.7724784074, 970.04685859, 0.0334273966557, 0.0
0.429266315108, 0.976053948645, 2.15058912484, 0.68273234839, 83.6355193573, 1.44406731078, 3.89784351345, 0.502811911606, 43.7724784074, 451.097491385, 0.0435191396361, 0.0531400966184
0.61216050569, 1.06748495744, 5.82928197488, 0.600366171757, 94.5361635424, 30.5722113501, 0.838665367144, 4.67810128986, 2.05546673486, 407.516915491, 0.220041638484, 0.0
0.178979707611, 0.959724432759, 8.68897687568, 0.489291674104, 86.8927646144, 9.99994599063, 0.229760928806, 0.112846094268, 5.06537672902, 436.91157901, 0.110600309093, 0.0
0.391393426819, 0.823068274313, 4.92949495446, 0.427666165551, 98.42706918, 16.378028433, 0.838665367144, 4.67810128986, 2.05546673486, 247.155546982, 0.20226885206, 0.25
0.183569726732, 0.959724432759, 8.68897687568, 0.489291674104, 86.8927646144, 9.99994599063, 0.229760928806, 0.112846094268, 5.06537672902, 272.177086924, 0.133910446581, 0.2
0.285664574142, 1.18354661931, 2.44308607513, 0.41343642306, 48.8251022764, 7.03816199209, 2.97367489108, 0.365752986547, 25.903794672, 347.839103291, 0.129136258164, 0.119760479042
0.427547055087, 1.0422345983, 2.40703208577, 0.665608049405, 91.5930514535, 2.81487608042, 2.0576703556, 3.07931302747, 17.4523788785, 299.439658428, 0.0667833687764, 0.139072847682
0.290011938925, 1.00669369106, 7.12688899044, 0.696293779977, 67.6822517187, 5.74092606248, 0.440946975354, 3.64778585299, 24.4448749305, 368.536837909, 0.0663547057857, 0.2
0.230893565056, 1.130863064, 7.19093716556, 0.611257836836, 53.2479101783, 2.39693451378, 0.189741355836, 0.819204219674, 16.4753865318, 450.56020707, 0.0495303500789, 0.166666666667
0.230893565056, 1.130863064, 2.44308607513, 0.611257836836, 9.69667198841, 2.39693451378, 1.36980316474, 0.819204219674, 16.4753865318, 276.580228961, 0.0512332092298, 0.290909090909
0.677918523557, 0.943636081806, 5.85426616773, 0.618042295449, 53.1357612478, 4.19969936725, 1.27632758225, 4.6770091958, 3.66476050111, 432.843292495, 0.120089608466, 0.0769230769231
0.825424653572, 1.15478669305, 4.67595035821, 0.582933226144, 11.2198003867, 7.23417515199, 0.995652905944, 4.25438328142, 5.07801345115, 291.229596076, 0.10640523665, 0.125
0.73554120411, 0.927755882338, 3.65035101092, 0.667995668271, 8.53241260402, 22.9476603966, 0.984123564255, 2.30611071279, 18.6250566321, 168.230476023, 0.466232429872, 0.5
0.248955785609, 1.18354661931, 3.80755052108, 0.613912276603, 38.7418479452, 19.2660737913, 0.300519895769, 3.85173032926, 37.9879894985, 204.285409862, 0.313996067144, 0.473684210526
0.160124318154, 1.16179136032, 2.78379539702, 0.575043390315, 93.1469803146, 16.378028433, 0.0342161596376, 3.9260625193, 10.5868617281, 186.80413248, 0.259271281907, 0.625
0.514578196088, 1.0983413933, 2.95544548838, 0.41343642306, 22.9226322944, 40.8084491081, 0.123139433117, 1.29944038668, 8.31990313131, 176.891284782, 0.3901846706, 0.411764705882
0.269931905656, 0.921230933548, 4.26500732422, 0.647796264012, 11.2198003867, 10.5349099135, 0.542134439159, 1.3877245915, 9.15262505676, 216.005020397, 0.222836419229, 0.636363636364
0.271267655909, 0.971475601307, 3.31686004768, 0.557177922084, 66.544357886, 12.352000248, 1.68205919174, 0.239811742176, 3.59346951864, 233.203597539, 0.285799112307, 0.406504065041
0.73554120411, 0.969444297308, 3.80755052108, 0.613912276603, 8.53241260402, 22.9476603966, 0.300519895769, 2.30611071279, 13.2861672276, 235.515769474, 0.357374858655, 0.0
0.879633784144, 0.957517901945, 2.07785275178, 0.534448753119, 96.6937454291, 46.0910579172, 1.19803799088, 3.18967857608, 25.3925471022, 198.921242153, 0.581146577192, 0.0
0.881937699043, 0.878193641624, 3.29796265094, 0.433961498638, 16.2577316332, 20.4841879741, 0.619578671695, 0.900247866538, 19.2137352719, 207.505193378, 0.449932650814, 0.0
0.814354873711, 1.01407716324, 3.73696362797, 0.618042295449, 53.1357612478, 4.19969936725, 0.106537433296, 4.6770091958, 27.427093102, 207.430968955, 0.35534075746, 0.45
0.881937699043, 0.930589470816, 3.29796265094, 0.433961498638, 16.2577316332, 20.4841879741, 0.995652905944, 0.900247866538, 19.2137352719, 204.760804582, 0.397191166854, 0.166666666667
0.443361910021, 0.988403356478, 2.66186656751, 0.691750506542, 60.0689672334, 28.2270204104, 1.29330948301, 4.61809277039, 19.3873436045, 222.835261564, 0.426546940638, 0.12
0.61216050569, 1.06748495744, 5.82928197488, 0.600366171757, 94.5361635424, 30.5722113501, 0.838665367144, 4.67810128986, 2.05546673486, 239.847689536, 0.30272097758, 0.4
0.151060955212, 0.842439193255, 3.62824836178, 0.545638984604, 78.794230012, 28.0913472956, 1.98411824636, 3.30743856025, 15.3851992931, 281.0502381, 0.233044291698, 0.125
0.271267655909, 1.15116403945, 2.79753395866, 0.613912276603, 66.544357886, 12.352000248, 1.68205919174, 1.56142168647, 3.59346951864, 256.337710123, 0.181785321034, 0.45
0.763630253211, 0.881003916304, 4.50548806966, 0.618042295449, 91.6154985359, 9.9805517568, 0.33111476402, 3.30743856025, 37.305769382, 277.008406326, 0.285843031648, 0.0
0.550934839366, 1.00112891825, 4.70085173518, 0.693399494576, 50.5998647077, 20.6091204906, 0.495400807802, 2.95139559933, 20.7346424563, 273.921472552, 0.292007523957, 0.0
0.100778679924, 1.18296025158, 3.90987565128, 0.400366863531, 58.0815130962, 11.1157323027, 1.63394949593, 0.405500608502, 40.9541811062, 639.823977726, 0.0778347739295, 0.0
0.158081112081, 1.08654654558, 7.131610305, 0.638704387034, 32.5034682482, 7.7220941671, 3.968884644, 4.64410074163, 21.3027284126, 1368.55999211, 0.0772862197072, 0.0501193317422
0.719267502852, 0.976053948645, 9.09544166343, 0.463146990621, 7.13430464585, 1.3735204415, 2.79030937181, 0.813951232883, 30.6361688775, 1089.08243212, 0.0717497103229, 0.0625
0.429266315108, 0.976053948645, 5.08228231254, 0.68273234839, 83.6355193573, 1.44406731078, 3.89784351345, 0.405500608502, 43.7724784074, 864.013866236, 0.0561502437048, 0.143097643098
0.197992864645, 0.833597918803, 5.82928197488, 0.600366171757, 62.4040613162, 18.5931749246, 1.04776283508, 2.67424671709, 39.3892760066, 430.904767705, 0.251368696179, 0.0909090909091
0.473011614275, 1.19619294342, 2.78406358605, 0.666552061726, 73.8196415567, 5.40536706167, 3.01261668835, 0.502811911606, 37.6936219865, 593.414900423, 0.151463915499, 0.0270880361174
0.425540958332, 1.03944741918, 4.50115797429, 0.58711156695, 56.2879397983, 10.5138961347, 2.00472197947, 3.23600836031, 12.4508866048, 475.788688056, 0.1683918303, 0.0
0.154627899339, 0.959724432759, 8.68897687568, 0.487320049281, 84.6462537577, 40.7651015531, 0.229760928806, 0.112846094268, 5.06537672902, 451.518578308, 0.237114736374, 0.0
0.248955785609, 1.07763132248, 3.80755052108, 0.613912276603, 38.7418479452, 19.2660737913, 0.300519895769, 3.85173032926, 23.5956694545, 251.395652336, 0.226440211707, 0.416666666667
0.290011938925, 1.0422345983, 2.40703208577, 0.696293779977, 91.5930514535, 2.81487608042, 2.0576703556, 3.07931302747, 14.30612672, 330.209935804, 0.0670831999171, 0.281914893617
0.290011938925, 1.00669369106, 7.12688899044, 0.525696776801, 91.3445764122, 4.78710908123, 0.229795268521, 3.76128361196, 24.4448749305, 546.411084597, 0.0792622709539, 0.142857142857
0.429266315108, 0.976053948645, 5.08228231254, 0.68273234839, 83.6355193573, 1.44406731078, 3.89784351345, 0.405500608502, 10.9207497644, 725.801718206, 0.0591658537444, 0.232014388489
0.100778679924, 1.18296025158, 3.90987565128, 0.40185901638, 58.0815130962, 11.1157323027, 1.75526521198, 3.64778585299, 10.9207497644, 530.235461708, 0.0695295993911, 0.181818181818
0.429266315108, 0.976053948645, 5.08228231254, 0.68273234839, 83.6355193573, 1.44406731078, 3.95813403534, 0.405500608502, 12.2817154577, 737.906797811, 0.0540068999692, 0.210526315789
0.230893565056, 1.07763132248, 3.52490703387, 0.45851343618, 56.8692944095, 2.39693451378, 1.91490710854, 0.365752986547, 20.3528575794, 387.637431665, 0.0628557035579, 0.577464788732
0.310445405244, 0.866256674607, 3.55510164032, 0.411771019824, 60.0689672334, 7.0380009517, 1.74730963313, 3.30743856025, 19.3873436045, 276.674964785, 0.147103227755, 0.296296296296
0.267295303565, 1.00315406065, 2.44308607513, 0.41343642306, 48.8251022764, 7.03816199209, 2.97367489108, 2.40498307592, 39.9765402324, 364.152118709, 0.13669192065, 0.187096774194
0.269931905656, 0.921230933548, 4.26500732422, 0.497677378163, 50.5998647077, 13.107837634, 1.31161063056, 1.3877245915, 9.15262505676, 341.618943738, 0.171330084689, 0.244897959184
0.267295303565, 1.00315406065, 2.44308607513, 0.41343642306, 48.8251022764, 7.03816199209, 2.97367489108, 2.40498307592, 39.9765402324, 355.577118247, 0.126790212798, 0.220125786164
0.183569726732, 0.959724432759, 8.68897687568, 0.489291674104, 86.8927646144, 9.99994599063, 0.229760928806, 0.112846094268, 5.06537672902, 361.368309912, 0.120230258258, 0.214285714286
0.514578196088, 1.0678450379, 2.95544548838, 0.425380353996, 22.9226322944, 40.8084491081, 0.123139433117, 1.29944038668, 8.31990313131, 181.93657226, 0.456974286759, 0.431034482759
0.73554120411, 0.969444297308, 3.65035101092, 0.667995668271, 8.53241260402, 22.9476603966, 0.984123564255, 2.30611071279, 18.6250566321, 201.093148706, 0.497971976287, 0.428571428571
0.158081112081, 1.08654654558, 4.67595035821, 0.638704387034, 68.6272970473, 13.9030165632, 3.968884644, 4.79378262042, 21.3027284126, 852.871152557, 0.0907370675625, 0.0
0.719267502852, 1.02855979607, 9.09544166343, 0.463146990621, 7.13430464585, 1.3735204415, 2.79030937181, 0.813951232883, 30.6361688775, 1325.49913631, 0.0742839518191, 0.103896103896
