3.18349713132, 1.34682329336, 0.760757531476, 1.17890360031, 1.63204215027, 0.973281925247, 4.91673002699, 0.846283797166, 0.941866281926, 1.39487671092, 6.71920428422, 1.06778060586, 4.50199325271, 0.952444242922, 1.09000006868, 1.06674138759, 1.04945485135, 1.22341859548, 8.84653708771, 1.13298141295, 0.998680892494, 152.570593506, 1.05029194706, 5.10436156004, 1.03745121325, 2.45249488178, 0.944861968569, 2765.29930686, 0.536193029491
2.65583175186, 1.27129070377, 0.751517143907, 0.899272088498, 2.52306766957, 0.94264778719, 4.73967405392, 0.913031419362, 0.913706337139, 1.56114984888, 7.25941502043, 1.09631008111, 2.56971794433, 0.931113218559, 1.0900004357, 1.06365977721, 1.04527005094, 1.21458461934, 5.43866263519, 1.00813034552, 0.918676372729, 133.60251743, 0.974044653403, 3.45008266241, 1.00298251246, 4.70620453881, 1.19144030633, 23470.0505801, 0.536193029491
5.83154910465, 1.34250995017, 0.828337556338, 1.13519722996, 1.49737933475, 0.932274820434, 2.50016079303, 0.828164169683, 0.931468254642, 2.43340932018, 3.37796176715, 1.0598121444, 2.05952992046, 1.20676468857, 1.09000012198, 1.06910172175, 1.03821070943, 1.02568362545, 7.09718579885, 0.995850091566, 0.987312190688, 333.402890971, 1.00385068585, 3.36740383639, 1.03930766709, 2.35678729291, 1.26148774546, 19066.3913709, 0.804289544236
5.6064631029, 1.42298206853, 0.895708380223, 0.823719889968, 1.77275606374, 0.779621478526, 5.59933364857, 0.868604788762, 0.940568041901, 3.41729450545, 5.95143448674, 0.982822848351, 2.90304840666, 1.03221404331, 1.09000030503, 1.02142195043, 1.02540508382, 1.22480193088, 9.999421389, 1.18936043724, 0.922945164804, 32.7990675979, 1.0134339617, 4.84770660402, 1.12193572694, 4.10486292368, 1.1124941105, 14158.1633926, 3.75335120643
4.94106333423, 1.31847913112, 0.777112787585, 0.8543116886, 2.52364773398, 0.893901351255, 5.7837663707, 0.952205109406, 0.9286051644, 1.74865450191, 5.07364758744, 1.02655843576, 2.6323653947, 1.06128193094, 1.09000028537, 1.02448193151, 1.03079857246, 0.980826889562, 8.86632826375, 1.13184965616, 0.946039510072, 370.903182148, 0.914553889578, 5.0256043864, 1.02826189487, 1.45140339924, 1.25045789628, 22683.2238427, 3.21715817694
5.62195679342, 1.048710959, 0.856920125651, 0.917885393015, 1.94841168739, 0.918880353838, 5.30203191069, 0.859292441141, 0.988991284816, 5.6979664132, 7.08198877704, 1.01589206617, 4.87383780239, 1.23848951871, 1.09000052715, 1.04763049184, 1.04000862254, 1.14730636277, 5.10697506086, 1.15309235036, 0.894880781712, 128.464163892, 0.94012982276, 3.01183999772, 1.14995124917, 3.3629426341, 0.876171092561, 60715.4348411, 3.21715817694
2.30060262039, 1.18099601356, 0.813072202764, 0.876347808583, 2.19347215793, 0.835952033026, 4.19803752372, 0.86920040704, 0.947964478752, 1.49786443907, 2.88508322227, 1.09547354799, 3.89191903175, 1.27265590041, 1.09000072778, 1.0405532626, 1.02119969817, 1.08779411196, 5.27573636676, 0.959829014587, 0.997820066577, 365.177330132, 0.956933802314, 4.58824631246, 1.20380129707, 1.53728867786, 0.930312248885, 3183.0223149, 2.68096514745
4.82733270508, 1.2680533228, 0.774615258555, 0.975429914898, 3.94719811854, 0.9536082494, 4.97565266472, 0.851144158461, 0.957967784613, 3.86613861153, 4.56887156179, 1.07948952639, 4.1057661416, 1.11436912995, 1.09000007606, 1.05616152791, 1.02448896979, 1.09910715546, 7.71678171024, 1.08493380204, 0.993314084595, 116.10391239, 1.15810992591, 3.02885233748, 1.11771853109, 1.37541748911, 1.19227187628, 6104.04612085, 4.28954423592
3.62389979704, 1.3041092796, 0.742693949298, 0.928082916974, 2.81388947192, 0.862843815399, 5.44618358467, 0.887445977601, 0.969268456668, 2.21974239943, 4.04908770465, 1.06269616822, 4.49006916414, 0.844205719469, 1.09000061734, 1.03728238156, 1.02634377832, 1.02441622297, 9.58970332017, 0.971230887986, 0.862618772301, 97.6096770353, 0.983594265441, 2.6634049812, 1.13829280564, 2.26340041874, 0.926950027057, 1343.08702995, 1.07238605898
1.28448545037, 1.08887789649, 0.953777343916, 0.889773549336, 4.02319450303, 0.990937210167, 3.28081733798, 0.842949352644, 0.982830696088, 1.32111762928, 3.81557682951, 0.981627039272, 4.0179253005, 1.20049812841, 1.09000023086, 1.07483122153, 1.01827747718, 1.11442318783, 7.10133798859, 0.946418357982, 0.893750587612, 258.970034429, 0.939917045, 5.4382645687, 1.0792012476, 1.89203155387, 1.03508933189, 38627.5468731, 7.50670241287
2.72715107245, 1.17409296754, 0.73443878974, 0.828652159882, 2.46807034245, 0.968075149172, 5.7000198479, 0.942358258234, 0.997071081883, 3.49311155916, 7.21082325389, 0.994307478634, 4.53044241574, 1.142024107, 1.09000063056, 1.05714617682, 1.02575636694, 1.16197656638, 6.28903388338, 0.994036348111, 0.914719010497, 191.347048454, 1.11610309055, 2.77538041141, 1.02432737092, 1.50266894269, 0.871548326365, 16394.2548187, 1.07238605898
1.02547398008, 1.07628182708, 0.859395558151, 0.823885632135, 3.87256256875, 0.923654218116, 5.124078898, 0.854172047657, 0.908570677423, 2.54243283705, 5.83039083291, 1.00701768684, 2.80230227429, 1.00440072357, 1.09000019277, 1.05253867095, 1.02905353269, 1.22396077298, 7.77074978232, 1.15523141093, 0.971283218627, 377.206461133, 0.910109361808, 4.66999921905, 1.15056155866, 1.19785982445, 1.17162002317, 16818.4305362, 1.34048257373
2.64253262552, 1.14980254268, 0.827067260087, 0.915798738834, 2.10230045065, 0.74060636294, 1.86172027966, 0.851898060392, 0.989341525178, 1.60035221606, 5.64893361403, 0.998121483193, 2.53875810306, 1.22178042638, 1.09000031657, 1.00941460003, 1.02767443657, 1.07000641266, 6.48005416337, 1.06620227286, 0.775713236771, 225.872048051, 0.945809317, 1.8727697819, 0.98254618424, 1.76278454372, 0.887393991133, 14335.91756, 4.82573726542
1.84763048719, 1.3727840331, 0.897623964329, 1.18189973206, 2.28793452697, 0.942505322167, 4.70143242877, 0.828801076279, 0.999562608332, 3.01079318775, 7.78940803476, 0.912388314107, 4.35153446791, 0.84881199643, 1.09000070187, 1.00385252633, 1.01173611287, 1.21013214618, 5.79085516257, 1.00920156175, 0.949309755055, 340.811726023, 0.974191962013, 4.41517252808, 1.09763823542, 2.04535496451, 1.1113140439, 5656.06446619, 1.07238605898
2.64856713028, 1.11050198455, 0.901067496744, 1.08082405934, 2.42821135112, 0.881122628381, 4.14766613555, 0.869622019389, 0.965248401428, 2.33818922388, 7.64652229718, 1.03834474121, 2.68771544078, 1.26927188666, 1.09000076872, 1.02723935997, 1.04749661963, 1.16950760255, 8.11982599075, 0.949961093956, 0.939345298463, 286.893622742, 1.13072811747, 5.08230575334, 1.20157980492, 3.46612614793, 1.18121940222, 76214.5978981, 8.57908847185
1.92886300223, 1.21366097267, 0.746546617222, 1.06893473196, 3.93581855021, 0.958755792059, 4.56897077916, 0.829777427641, 0.957081727782, 5.15105146952, 3.55198050642, 0.993654145411, 1.38187963771, 0.885248192748, 1.09000041132, 1.01866166699, 1.02268505348, 1.1748142216, 7.66105744179, 1.00800193894, 0.965064653092, 58.9277984575, 0.943144716046, 4.92161648303, 1.14253624196, 4.49673784707, 0.985935977008, 2109.86008757, 5.36193029491
5.9995142907, 1.39154028971, 0.861501324051, 0.934400310791, 2.13637853825, 0.79761034881, 1.53925305954, 0.903906247489, 0.946908311078, 3.13999813913, 3.80550128086, 1.07554462738, 1.68210725002, 0.814597360687, 1.09000065496, 1.00843993065, 1.03505331572, 1.12270257041, 5.98634745144, 1.02654034821, 0.826956585164, 149.823969142, 0.940330259719, 5.4332290441, 1.22737757785, 1.12606563681, 1.23685347993, 2779.68565507, 6.43431635389
2.6352744464, 1.11663883052, 0.837022266871, 1.19323541071, 3.26396858271, 0.847924859812, 5.92498225801, 0.834694163298, 0.964010146157, 1.54459545043, 6.57268863011, 0.991498900807, 3.95078019267, 0.875692200278, 1.09000011029, 1.04870401878, 1.04067948155, 1.04618344064, 9.53331176945, 0.964266881944, 0.766217936894, 282.655910664, 1.01322715109, 3.70584413903, 1.23618562883, 2.77541408923, 0.870876930852, 182.135824582, 1.60857908847
2.63218538372, 1.20308166368, 0.75743694151, 0.822743304225, 2.52268824296, 0.716708058956, 5.54545741543, 0.822156355797, 0.989792096263, 5.08810365337, 5.29354733142, 0.918921747435, 1.27222026632, 1.27180746158, 1.09000028268, 1.06112477428, 1.03045371097, 1.19080750495, 5.20243751869, 0.923158616054, 0.856207199853, 44.841146567, 0.988235678293, 5.75124230847, 0.99455229753, 4.25385960366, 1.01222805952, 36623.9690524, 1.34048257373
2.62347594382, 1.2057860928, 0.791529574633, 0.820796998635, 1.59544536866, 0.858976792365, 3.98337168929, 0.995443178107, 0.981772588712, 3.08892113962, 5.64648143155, 1.0437215115, 2.95924687351, 0.963924110401, 1.09000054863, 1.01219165136, 1.02474938921, 1.00780969413, 9.78775139527, 0.945497699007, 0.843644766201, 290.424446384, 0.950972375427, 5.72755364434, 1.15428752898, 2.55396442217, 0.872741288293, 2684.07812524, 3.21715817694
1.64970519923, 1.25570877839, 0.880445333505, 0.871261928619, 2.03171622926, 0.935253944591, 5.84967975964, 0.857257241248, 0.92576398666, 3.77860636703, 4.74040960065, 1.01002287985, 4.00401457152, 1.03791073699, 1.09000056741, 1.07988257185, 1.02165277011, 0.96749123307, 5.91866831958, 1.02219930413, 0.828012971593, 17.3087383131, 0.934702907796, 3.63204490668, 1.01638471998, 2.37392127495, 1.0994898432, 14653.3188008, 2.41286863271
5.11693584909, 1.4104697601, 0.733392319005, 0.856312895892, 1.78306270208, 0.821167262782, 2.09430608394, 0.836643133529, 0.94701231808, 1.60399434763, 4.55843184815, 0.83466444976, 2.19240925063, 0.849781725218, 1.09000007188, 1.00629135625, 1.0216121757, 1.13026054424, 6.94567270683, 0.999291663039, 0.909037343467, 312.562868773, 1.05256927948, 1.30206099429, 1.08613501864, 2.64578892527, 1.28259194126, 24630.0366274, 0.536193029491
2.95962714078, 1.04787155613, 0.79117688655, 0.848919776258, 3.23111153932, 0.834782850226, 4.52180325221, 0.82446247726, 0.938677354844, 2.55752268842, 3.32935023931, 1.04060338302, 3.59092118676, 1.08463837057, 1.09000027168, 1.03058227604, 1.03902698656, 1.20957955576, 4.73356655934, 1.01310413507, 0.794799532137, 346.853469928, 0.96427070481, 1.84145431962, 1.0568506959, 3.72777993016, 1.25034067051, 9708.07929257, 1.87667560322
3.55201455983, 1.41701885331, 0.757571285242, 0.933055710479, 2.47068198333, 0.778056382215, 4.01961587839, 0.908051609673, 0.988934507302, 3.42968853383, 5.17687829566, 0.870369218962, 3.18865107371, 1.0226575035, 1.09000026212, 1.04782523249, 1.02428666524, 1.04625830827, 6.81029168177, 0.961216262715, 0.912899370011, 155.380286215, 0.944189700455, 5.75910057245, 1.23625931926, 3.03734164248, 1.08223494993, 6785.9431703, 0.804289544236
5.23165309156, 1.36386849574, 0.894781422911, 1.0120231255, 1.71115445272, 0.846867421043, 5.27160077816, 0.991991689424, 0.982358600231, 4.03319277419, 3.579458437, 1.01028991835, 2.01836899809, 1.14774322318, 1.09000054734, 1.04330742761, 1.0115246134, 1.11369525908, 6.20967636472, 1.11282445887, 0.952880681756, 225.502312674, 1.02179840529, 3.28649109132, 1.1885095568, 1.68488338702, 0.898428202054, 21203.7554306, 2.14477211796
5.35924415604, 1.37390912615, 0.819891703052, 1.03958277299, 2.3335767821, 0.919656192186, 4.1093243676, 0.900857871326, 0.950755238005, 3.77811682628, 2.54308159319, 1.03655044116, 2.59163195706, 0.955160348072, 1.09000051355, 1.04521014189, 1.03562864921, 1.14773302812, 7.60583561126, 0.914558113436, 0.845280391297, 284.794241755, 1.01839365545, 2.91398613939, 1.08862616341, 1.07396572513, 1.26938389832, 25039.2719838, 3.75335120643
3.90576817461, 1.4214363701, 0.749287393727, 1.16965979708, 5.29968211948, 0.853753161231, 4.86219445724, 0.831545533846, 0.975669632887, 1.33984303008, 4.28400270914, 1.03751183598, 3.76261088017, 0.94096944057, 1.09000092425, 1.07607347972, 1.04390059079, 1.21245923025, 8.9738585305, 0.9956384289, 0.768081932197, 303.994783312, 0.975230238152, 1.39981636436, 1.17976760991, 1.78893296277, 1.17079258722, 6141.38010257, 1.87667560322
2.24457234845, 1.11728695728, 1.01927885036, 0.907187705845, 1.44714599665, 0.855370600379, 5.68760266473, 0.844723420969, 0.940654323697, 1.6983278373, 6.41019539999, 0.864671090081, 4.92806586667, 1.12060861351, 1.09000027732, 1.04779316382, 1.01458903836, 1.13568113159, 8.81069951743, 0.923873965483, 0.949973060006, 150.654598677, 1.12564996068, 3.99564318818, 1.19496665607, 1.1295958305, 1.10507064685, 1723.99945467, 2.9490616622
2.35601488255, 1.35677977494, 0.77067252175, 1.15666985216, 2.37176631002, 0.904409938427, 5.50893165593, 0.912095978032, 0.918846208631, 2.38318285117, 3.61293917886, 1.03766177631, 1.38367677257, 0.85592703416, 1.09000048729, 1.00826306903, 1.01966245283, 1.13344194395, 8.59520443344, 0.938046061764, 0.932570729061, 171.431482986, 1.03014820832, 4.28605187899, 1.23146865849, 2.69971395416, 1.09555888146, 3491.17985291, 0.0
3.24176666929, 1.34293330396, 0.879892733389, 1.12317105394, 1.83465142096, 0.960107550913, 4.30976103102, 0.873298470398, 0.967376907403, 4.32337978198, 1.67596804605, 0.823291564995, 3.0438011931, 0.942428259325, 1.09000090544, 1.07062904072, 1.03633877304, 1.07931964449, 7.55698270382, 1.13440747555, 0.97921486851, 101.137135161, 1.13990541274, 1.40120713274, 1.23094902857, 1.58830939496, 1.22864813052, 27459.7468047, 1.07238605898
5.2357871908, 1.32959760852, 0.76780867274, 1.10909168095, 2.70290390643, 0.906494161859, 5.29676714724, 0.842748726385, 0.928891858052, 6.08596574284, 2.66910548013, 0.996394058931, 2.8350593803, 1.11659957677, 1.09000045487, 1.01810193182, 1.02943847227, 1.14318488763, 8.09777735223, 0.980380946353, 0.823719603732, 136.395040503, 0.917615629693, 5.89032313917, 1.13882590326, 2.4399646011, 1.09320467653, 6886.02998618, 2.9490616622
3.6165068717, 1.13179615599, 0.970919892685, 1.15043404335, 3.09440281169, 0.993215881581, 5.928113009, 1.05421286732, 0.93319672856, 4.35532843604, 5.33899356975, 1.03993898587, 4.57534715678, 0.967953114818, 1.09000018582, 1.03298125342, 1.04896653458, 1.20023483704, 9.08057976337, 1.01146012222, 0.867431904896, 208.828551857, 0.967849484923, 4.07416153702, 1.16313410405, 2.15852905178, 1.21595104806, 48951.9450344, 5.36193029491
3.02429224205, 1.25075272352, 0.971979309668, 1.18447300316, 4.09922950405, 0.971244368747, 4.4638780935, 0.854575167083, 0.915951754742, 2.74153713069, 3.92758665876, 0.976810957966, 1.20923291234, 1.25835583429, 1.09000050053, 1.01245904035, 1.04651057105, 1.13090123597, 3.58633645415, 0.953375153248, 0.99086638218, 96.541348588, 0.931716604268, 5.0635975013, 1.21233540233, 1.03216206211, 1.19892778979, 16327.007596, 0.268096514745
1.21344074999, 1.15150836217, 1.04488178025, 1.06721806767, 3.30428826266, 0.836581810062, 4.78526277389, 0.832798849187, 0.910988658815, 3.62524956345, 4.58311994201, 0.997577425206, 1.65095247501, 0.892701464693, 1.09000026455, 1.00777937856, 1.02610361584, 0.99694190789, 7.59540430788, 1.00195262046, 0.899244072344, 347.726037545, 0.926008156596, 3.57736066101, 1.04398734202, 1.72115381197, 0.948135390252, 18061.5911238, 4.28954423592
5.68307900612, 1.40712107977, 0.770651183825, 0.936974067135, 1.65491717504, 0.748896750815, 2.42928794805, 0.930581595131, 0.963307051841, 4.63745364698, 4.6052136279, 0.825860263488, 2.29246890734, 1.06467321779, 1.09000038987, 1.00949264555, 1.02043665613, 1.02291857865, 7.36618979779, 0.990066245936, 0.918064416143, 121.964037015, 0.9568399332, 5.57952975538, 1.22265861174, 1.70333708261, 0.950079199458, 7713.42394179, 5.09383378016
5.47641208275, 1.33249452898, 1.00177645912, 0.829841382347, 2.25381051577, 0.950677506847, 5.13061156652, 0.873191196215, 0.915194888715, 2.02928556104, 6.87027345628, 0.908340262529, 3.54018088574, 1.15347356015, 1.09000066994, 1.00278343089, 1.04030938457, 0.908288994498, 4.19016856979, 1.01486189779, 0.870751547967, 96.8634762494, 0.923421094851, 3.00478374655, 1.14761843624, 3.52753437117, 1.09683229275, 59814.2811397, 5.36193029491
3.12588228739, 1.18889484703, 0.749411797637, 0.866348289927, 3.96988315815, 0.964089638944, 5.74381105783, 0.890992608945, 0.983022072424, 5.80815236785, 5.3297588224, 1.04219419445, 2.24544169768, 1.15665275997, 1.09000011344, 1.00542063891, 1.0319783266, 1.02665811112, 5.24222277401, 1.09175667774, 0.982556998348, 33.0072223624, 1.09352957546, 3.82614345193, 1.15301295828, 2.55312197012, 1.1702395569, 3751.96731571, 1.87667560322
1.05069397357, 1.17672247666, 0.95382399615, 0.800576596101, 2.20128134853, 0.933659051261, 4.97388265166, 0.910842572817, 0.956942272313, 3.5960610484, 3.39301815081, 0.861296232511, 3.52606129905, 1.15786901342, 1.09000072208, 1.02677031407, 1.04431341788, 1.21504453117, 5.47912915345, 0.971422651887, 0.896170277711, 89.0950003381, 1.11367717895, 3.28744574106, 1.04977571893, 1.86572710517, 1.12029543499, 31577.1531667, 1.60857908847
4.20741269176, 1.01459979674, 0.950270985945, 1.17531429153, 1.95981963227, 0.960768487504, 5.62822794784, 0.828828943912, 0.948178264275, 4.36788761871, 6.85278303898, 0.971156201466, 2.96914978322, 1.19576074836, 1.09000003399, 1.09329863358, 1.01881150605, 1.07479868169, 4.39868856904, 0.973973313928, 0.796420581292, 163.22040952, 0.9719963501, 3.014716635, 1.16002729287, 5.14274718848, 1.02208724843, 82234.8951405, 1.34048257373
1.44053639685, 1.33610204012, 0.832446737541, 0.869379481896, 3.12053033227, 0.946223005648, 5.76942400039, 0.905391735601, 0.955288748913, 5.64746972796, 4.86724919077, 0.959140766784, 3.75023479572, 0.842755677415, 1.09000034104, 1.00257276463, 1.00017127123, 0.964131654666, 6.9156669115, 1.04404751599, 0.991813364257, 119.063107725, 0.988983078645, 4.17328677912, 1.06205052322, 1.47027240272, 0.988346821291, 744.041463121, 0.0
2.40181302129, 1.24834640796, 0.962751127686, 0.829238446106, 2.54064340062, 0.980475310279, 5.12631270918, 0.87171440437, 0.957083441418, 3.82861506527, 4.91338463435, 0.88060798053, 3.69556355608, 1.22300794227, 1.09000045567, 1.0054121757, 1.03983426644, 1.22101783908, 4.20332737166, 1.11143222622, 0.861921235154, 351.175622753, 0.984904581134, 2.14352925021, 0.992057106658, 1.54367545163, 1.21493546165, 11292.9930806, 1.07238605898
3.67468518537, 1.4210172395, 0.965557772413, 1.12982020684, 3.40846296021, 0.805996538638, 5.70350485887, 0.929726245747, 0.940382945115, 1.47586854667, 5.15896896659, 0.927742030413, 4.03006206414, 0.894316543475, 1.09000062254, 1.05725950745, 1.01506403706, 1.2197081494, 6.79163250359, 0.915561862343, 0.928180579667, 100.159160943, 0.953557562081, 2.01654061372, 1.17626824401, 1.59897367941, 1.17501136329, 273.341143069, 0.0
3.36745046278, 1.18628877182, 0.840952790433, 1.11014090418, 3.07175256706, 0.999121604862, 5.95232699443, 1.02007662296, 0.996821259788, 6.12450202449, 7.29813273645, 0.956285218768, 3.71500827289, 0.846412552319, 1.09000094687, 1.06247775366, 1.01986142085, 1.20721966557, 9.19636638874, 0.91345091322, 0.987011744999, 162.951287198, 1.07252243746, 2.85192456334, 1.13119754271, 2.87003826838, 1.07326188048, 8431.12564834, 1.87667560322
2.96209279972, 1.42371951438, 1.13415267784, 0.920043188619, 3.18013087141, 0.936590091786, 2.14501646965, 0.823556621796, 0.949330941048, 3.94957041252, 3.60042615216, 0.984706055177, 2.24705180108, 1.07754891301, 1.09000017883, 1.00645136294, 1.04017990685, 1.19474894796, 6.89303561994, 0.982966673493, 0.918418557881, 25.9619488119, 0.994121406889, 1.48971361741, 1.11846911625, 1.37382620501, 1.19285495503, 3309.75434659, 1.60857908847
4.32819920398, 1.35450725354, 1.03333961859, 0.87018217134, 2.70491191305, 0.829192937787, 5.89960170342, 0.876026269494, 0.987299145457, 4.97569720039, 3.02369034753, 0.950563987142, 2.34788021642, 1.15900852229, 1.09000075105, 1.02154280093, 1.03839801643, 1.16968859653, 6.73217669113, 0.984390592011, 0.890712914701, 152.601933465, 0.946661741883, 4.36705493432, 1.17132873789, 2.47923120701, 1.03573280435, 3280.68015337, 5.8981233244
2.20024524224, 1.3639339592, 0.876804774411, 1.10095840615, 3.0530720753, 0.949453507917, 5.46777317646, 0.962797479495, 0.995960537311, 4.49087706393, 7.2978614458, 0.878889868023, 2.82377462458, 1.10102751948, 1.09000023533, 1.02298241691, 1.04588292158, 0.952834776209, 5.33303499081, 1.02656838476, 0.923180948927, 21.0894926741, 1.00373970958, 2.90452881418, 1.18627302482, 4.16636735764, 0.878447087244, 17935.5261341, 2.14477211796
3.12766914839, 1.26698361866, 0.932294699684, 1.00268386015, 5.0083406508, 0.952652586379, 3.40899514633, 0.888310901481, 0.99508962157, 2.4884419333, 5.53057706831, 1.07108391775, 2.52292264159, 1.03878342557, 1.09000026063, 1.023030732, 1.0111026702, 1.19434345602, 6.6775521622, 1.03787175065, 0.904229847136, 309.233396494, 1.050121751, 1.14919279451, 1.1082315959, 3.35844268366, 1.1116391327, 22007.2501138, 4.55764075067
5.85930050627, 1.29661856354, 0.947304393661, 0.800701661834, 1.54320711541, 0.722702779384, 5.58439400389, 0.89890739342, 0.955776605628, 2.62571686604, 7.0563734162, 1.00516808926, 4.05044665907, 1.21184440876, 1.09000072313, 1.02252085026, 1.0125565839, 1.10519397095, 7.79189063117, 1.09085024866, 0.812234843254, 238.746076852, 0.968958212734, 2.45448888383, 1.19922760457, 3.53091910547, 1.08564599703, 54515.1325646, 1.60857908847
3.59144886534, 1.34505337497, 1.01409968833, 1.20962562241, 1.69280658974, 0.773887532978, 4.91005387147, 0.872646373584, 0.982719947255, 4.73991765005, 7.08688970459, 0.982647954473, 1.07987201935, 1.12810089563, 1.09000045768, 1.0795067829, 1.00848608671, 1.01270291207, 8.84798445126, 0.991449433205, 0.826211794782, 267.715978087, 0.924468803146, 5.20686818383, 1.07457721133, 1.49191226132, 1.15771525711, 17407.1063081, 0.804289544236
5.80590126296, 1.33691173323, 0.822381896793, 1.03824200046, 1.60412595928, 0.976004713586, 4.90376598305, 0.894415467594, 0.970595341177, 4.29291094782, 7.12810157982, 0.963207356308, 3.46433978133, 1.05955271333, 1.09000030439, 1.02175674884, 1.0116460243, 1.07800521154, 3.1844123273, 0.912299306869, 0.965788756995, 92.5583944121, 1.05609910505, 1.27237655549, 1.18841997057, 1.88867431015, 1.10607928301, 917.637278814, 7.50670241287
3.62646915152, 1.23116951632, 0.867193198817, 1.0209560482, 3.1372996054, 0.742395160062, 5.15760362533, 0.855247392175, 0.96207207294, 3.66446025063, 3.42698687083, 0.829416225018, 1.62524129208, 0.941721117758, 1.09000095311, 1.08220948556, 1.01353364504, 1.20740150394, 9.9228546515, 0.940812662383, 0.840133038317, 224.411435598, 0.911622986355, 3.97011047921, 1.07711954605, 1.05538553253, 1.17288250847, 5387.21571955, 6.16621983914
2.4350137017, 1.15377973248, 0.738422615988, 1.06470987686, 1.52961240416, 0.95048381425, 5.41813914849, 0.853578331347, 0.958450549821, 3.70890761626, 6.85838935502, 0.887884634915, 1.53906591853, 1.19930348235, 1.09000050663, 1.10630496599, 1.02917152124, 1.19619293791, 4.55619832548, 1.015878965, 0.779793126999, 155.207501327, 1.03198595469, 1.22488533018, 1.07542057428, 1.22260867629, 1.227500937, 2520.3827005, 3.21715817694
2.28420003231, 1.41137648432, 0.849518900286, 0.83078329091, 2.55033367689, 0.944412781907, 5.25735457645, 0.852709603973, 0.993569977552, 5.0454110893, 4.44655742998, 1.07875552024, 2.46082207372, 0.923914129268, 1.09000008038, 1.04182018198, 1.02677081034, 0.991248442334, 5.31402351729, 1.08520533941, 0.823702371501, 345.63893687, 0.99956203586, 2.58027608173, 1.14931235722, 1.69219617738, 1.22858271876, 4898.69070999, 2.14477211796
2.63167733538, 1.31247777262, 0.807004339207, 0.923671589163, 5.94646724611, 0.877812027988, 4.93179846404, 0.923957894865, 0.925036073099, 2.67999824537, 3.72286944809, 0.951805539006, 2.2807750591, 1.07165583034, 1.09000048028, 1.07518313883, 1.03268038089, 1.21644806553, 7.33225477116, 0.928742203811, 0.983327046642, 311.428728091, 0.949672535694, 3.13149934108, 1.1464415022, 1.85916287592, 1.18801076133, 15997.6327778, 1.60857908847
4.81870253375, 1.09203720416, 0.732096109502, 1.13138648687, 3.59231321619, 0.995179042685, 4.85688920028, 0.865983775208, 0.991190658082, 4.86451346704, 5.25401554442, 0.835532809708, 1.31671802213, 1.10282538749, 1.09000031802, 1.07195524086, 1.00611342124, 1.12572466567, 8.81564111084, 0.998231387122, 0.899243875295, 387.482973614, 0.954031490816, 3.57706379997, 1.16976787851, 2.28275421032, 0.912857086691, 26914.1928275, 2.41286863271
1.46967595737, 1.05397075385, 0.82502676232, 0.922787834151, 3.91796452401, 0.957839666752, 2.52176377053, 0.923862873733, 0.912523715154, 2.49433163123, 6.95182958116, 0.84549435216, 1.09324592943, 1.1196842046, 1.09000024081, 1.0014161188, 1.01693235759, 1.15097975259, 5.24211646495, 1.18779299469, 0.876219240971, 383.86605175, 0.943256424865, 4.85319051881, 1.14066432898, 1.96790752996, 0.95100369893, 4177.67676179, 4.28954423592
2.01504004556, 1.34450256856, 1.12566538688, 1.10433699795, 2.40076692398, 0.862350159447, 5.63450263779, 0.847955203148, 0.936621323908, 5.27048705356, 6.00051410263, 1.03096447473, 1.49070241875, 0.827097004396, 1.09000079305, 1.00219651988, 1.02795030247, 1.15235469951, 4.63004369736, 0.979220293964, 0.984500956986, 359.555479304, 0.914251109009, 2.44280358272, 1.11788382456, 1.04599676922, 1.16624847941, 317.658892909, 0.536193029491
2.11799614091, 1.42255087855, 1.14740762451, 1.07136450979, 2.23633861355, 0.992239423806, 5.69436044621, 0.864544369336, 0.987997297766, 4.65407415825, 4.63267327153, 1.06032652845, 1.92967220495, 0.953675615212, 1.0900003858, 1.01832362593, 1.01299259596, 0.899197984721, 9.99116540737, 0.910981424125, 0.999463305783, 333.874233746, 1.04634115859, 3.94101334445, 1.17876067011, 2.02671948009, 1.12450604758, 22681.1879772, 4.82573726542
3.64565699839, 1.37945805098, 0.80063077422, 0.888709751619, 1.99132424661, 0.80016304149, 4.42889809567, 0.85305478196, 0.973350808063, 1.39148997053, 3.71546079075, 0.848587972806, 3.49930362109, 1.26267443193, 1.09000029775, 1.02351723624, 1.00139507759, 1.00915506886, 3.92505051859, 1.11577301858, 0.79005065753, 247.496538006, 0.913727672162, 1.9345215501, 1.11809785515, 3.87441899509, 1.1458888229, 2587.6875444, 0.536193029491
2.87393026144, 1.23638753112, 0.873196474658, 1.07909117464, 1.46091346575, 0.87174668594, 4.99380243872, 1.02661636493, 0.981611907891, 3.38608567154, 7.18934945566, 0.854121939019, 1.81558488864, 1.18060628102, 1.0900005084, 1.07995055448, 1.03463306245, 0.934470799684, 6.16831341615, 0.911594426144, 0.872199755909, 267.905832056, 0.994736060032, 1.25694972915, 1.0630697088, 1.71523438811, 0.931784440146, 19269.5973414, 3.48525469169
2.1555808131, 1.37941482025, 0.799732050632, 1.12926738196, 4.49362801978, 0.832790423168, 3.63873051655, 0.955702786704, 0.946259652012, 3.34053518555, 2.83062700423, 0.95388147992, 1.18539166475, 1.04969831064, 1.09000031997, 1.02268595329, 1.03742924124, 1.01982573685, 5.21947398074, 0.975390422155, 0.997495426445, 215.521080851, 1.08489393336, 3.73148434896, 1.22689672382, 1.97109555665, 1.23986173892, 8098.05107146, 4.82573726542
2.50724999512, 1.38314100264, 0.964565853674, 0.85968583616, 1.85074396771, 0.99143883731, 5.24009362408, 1.01484734256, 0.980583240492, 4.69063324885, 2.81019753692, 0.847015907361, 4.29606282642, 1.26687553434, 1.09000072152, 1.10815939597, 1.01780479816, 1.1290040761, 8.62111771449, 0.926169513826, 0.827240124735, 100.537639334, 0.926569917359, 4.35771488239, 1.05103113605, 1.19794409378, 1.16540438964, 35564.4517493, 0.0
4.15198683313, 1.2375455614, 1.00698603392, 0.987231276332, 3.23900870706, 0.949804031631, 5.8921251447, 1.03791976511, 0.995934054332, 3.70672337297, 5.04061058265, 0.82237231685, 1.67022574803, 0.985342938851, 1.09000002549, 1.01526765979, 1.03019927636, 1.2024997987, 5.29435917501, 0.975598034581, 0.991799562831, 247.598631349, 0.990654616906, 1.60483128301, 1.0881650105, 2.62154535567, 1.17506502369, 35697.9747191, 3.21715817694
4.8535380046, 1.32793730727, 1.02598880489, 1.0946822714, 4.22361897649, 0.950096823565, 3.57380504544, 0.881105310933, 0.9526965724, 2.3370043856, 3.97592517053, 0.958155888148, 2.85881388574, 1.18697454766, 1.09000024603, 1.04968327382, 1.00487843501, 1.19137517403, 5.68248985116, 0.955755938253, 0.812365867934, 177.331383612, 0.929973919632, 1.64020013042, 1.09971455247, 1.50421845935, 1.0828008956, 55921.7728891, 2.41286863271
2.05137028981, 1.18956135875, 0.900103013752, 1.01008657708, 6.02981864497, 0.977186558652, 5.66843741283, 0.831860919652, 0.988048996363, 3.94477636624, 3.8299568553, 1.04216626618, 4.24541668492, 1.15216594969, 1.09000086387, 1.00217705187, 1.02645934496, 1.11680675703, 8.49446200241, 1.14399852206, 0.778790128949, 330.100078395, 0.97873781092, 3.35260713701, 1.14531657013, 4.09843048111, 1.28250341717, 47792.3953864, 2.9490616622
3.0206371232, 1.15567803973, 0.86936474063, 1.13615965626, 4.43401239938, 0.914437355668, 5.99865059247, 0.894636108931, 0.957964259764, 2.77714942219, 4.86161064205, 0.893591915313, 3.3262218079, 1.28130390782, 1.09000071832, 1.0226225553, 1.01257639635, 1.13295841611, 5.63715996994, 0.923034715156, 0.934678698445, 277.432269522, 1.01441414063, 3.93013341907, 1.23239072926, 1.51916590464, 0.895423805063, 4941.35102161, 0.0
3.06617188705, 1.27030021153, 1.14195995772, 1.13058324634, 1.9179810279, 0.738734587621, 5.93570775248, 0.91087711353, 0.97529159754, 3.50207598006, 4.39910011215, 0.865056509399, 2.91027706392, 1.24271536185, 1.09000044691, 1.03436499277, 1.00698171384, 1.19237216695, 6.74532493911, 1.03085386001, 0.887698317928, 155.921719555, 1.05861339388, 2.58671843358, 1.1915734792, 1.23164330385, 0.953231077181, 52496.8921899, 5.8981233244
2.68266192043, 1.28947920808, 0.991021249359, 0.970285225368, 2.37572440578, 0.945043744905, 3.69452698705, 0.924421979301, 0.951015692159, 5.73746841549, 6.93701686575, 1.02122894184, 1.06573709122, 0.903191523827, 1.09000070164, 1.00477915137, 1.03420891124, 1.20679021402, 7.82955714832, 0.937352612684, 0.782406454864, 190.469171247, 1.11561739463, 3.82183996078, 1.15939563284, 2.00664996565, 1.03893947564, 22334.37005, 0.536193029491
4.68555090458, 1.38039047523, 0.815683229126, 1.12588101231, 2.28740214489, 0.939208627356, 5.17278617072, 0.950213801769, 0.956821673656, 4.80777386081, 6.33350022269, 0.856074424532, 2.74504067282, 1.05788026646, 1.0900003689, 1.01112977502, 1.01363920401, 0.941096260007, 9.39070929306, 0.987699310472, 0.910457018072, 316.629451142, 0.981723225363, 2.33121321894, 1.22470522219, 2.5940423708, 0.90647090096, 104213.174425, 2.41286863271
3.49236034251, 1.13680970611, 0.89147468489, 0.991268452185, 5.32557613615, 0.988667817137, 4.24848042247, 0.829091134721, 0.947368658607, 3.51395789159, 7.68176489547, 0.918663779421, 2.57568143307, 1.03445161492, 1.09000001251, 1.00043710019, 1.0201341297, 1.19614100641, 6.68432734775, 0.999748826913, 0.831682399106, 241.412891581, 0.936962149589, 2.80395751855, 1.14090487068, 1.02572939073, 1.20615496569, 1048.13833155, 1.60857908847
2.8633915317, 1.31007583618, 1.10223724755, 0.935517780124, 2.7953132471, 0.937403522938, 2.31009626027, 1.04608921931, 0.996357363036, 5.29111442916, 7.32628280317, 1.06359039578, 1.1791881245, 1.05102163011, 1.09000002149, 1.01866466428, 1.00484835176, 1.11655714307, 8.80960187185, 0.935222935678, 0.908215469965, 363.609669792, 1.0278944961, 2.0606975954, 1.03036621272, 1.0404901321, 0.959697519555, 7987.92984324, 2.41286863271
1.88664815213, 1.20052741452, 1.05366831085, 1.15275814271, 4.58791104008, 0.862794138807, 5.48713339173, 0.887517098015, 0.991074367896, 5.22722458999, 5.92791053393, 0.912581937714, 4.12053452842, 1.28400797569, 1.0900007901, 1.02973450079, 1.04691656243, 1.19398492117, 9.0817277889, 1.01093835488, 0.811032882952, 189.927808488, 0.953706221414, 1.92047164714, 1.1239081459, 1.15503541995, 1.01373560124, 39880.9089676, 2.68096514745
2.14233652126, 1.26762363308, 1.04301125062, 0.816327544077, 5.5572719004, 0.981803949625, 5.72208642989, 0.845548604473, 0.987936229313, 1.93369760785, 7.69981513303, 0.860076803498, 3.10154384118, 0.828458636281, 1.0900008453, 1.03917719272, 1.01428726043, 1.02433189203, 9.30111198376, 1.0218227193, 0.866589167324, 233.285230781, 0.931322049551, 2.26352228024, 1.18513229955, 2.64469631979, 1.20669562527, 1413.3744692, 1.87667560322
3.3229273352, 1.2327819435, 0.969365372751, 1.03460406063, 4.05801860222, 0.867448859137, 4.39331109778, 0.861944628502, 0.997685263081, 3.85152677911, 5.07368403638, 0.855627332618, 2.36216977244, 0.86813939208, 1.09000086107, 1.02735207939, 1.00430179135, 1.04514520026, 6.5743754646, 0.916251122904, 0.900613820912, 42.368328952, 1.1170097906, 1.52946812751, 1.17662479448, 1.70239212287, 0.990727293683, 6826.84258604, 2.14477211796
3.20368201316, 1.37175627392, 1.10168151619, 0.846314011935, 2.22783910644, 0.783359777789, 5.14342264292, 0.896852468353, 0.957316041943, 5.32452593473, 4.13728162941, 0.884492820251, 2.85171198694, 1.08919107373, 1.09000017769, 1.02021829142, 1.02588102743, 0.988190231396, 6.90084279408, 1.12876695084, 0.873169567407, 115.89842112, 1.04035556905, 2.38822713768, 1.17274555835, 1.27047608328, 1.28485245539, 7643.46087525, 5.36193029491
3.53851583676, 1.38724484977, 0.813288780566, 0.92534119445, 4.80428493725, 0.906805178361, 3.14699431581, 0.826134444048, 0.974024887994, 5.6459705519, 6.37864254054, 1.0336612902, 2.7589806725, 1.26058180244, 1.09000015648, 1.00434913723, 1.00022747493, 1.19365141616, 4.44850517811, 0.976021195852, 0.894756973793, 35.943387475, 1.06854574176, 1.55995390942, 1.18273411906, 4.19226138933, 1.02245530156, 1698.84389752, 2.68096514745
2.95654820968, 1.39093941451, 0.805136778821, 0.908416680433, 4.07243322334, 0.876207743058, 4.38127070412, 0.831628712602, 0.942745372369, 4.07380786534, 6.94244878761, 0.824385670976, 1.26726808966, 1.23985067784, 1.09000022433, 1.03001530039, 1.01002904153, 1.16199007042, 7.58885122967, 0.910198202005, 0.791422415318, 213.059543607, 1.13395622959, 1.2645934029, 1.09488450339, 3.69644780126, 1.00896172928, 473.160744814, 0.804289544236
1.13626701065, 1.40895966594, 0.941072514282, 1.11411456006, 6.29400773672, 0.956290109175, 5.98818106186, 0.986838618113, 0.917406196987, 5.8021603056, 7.29812391335, 0.885432430816, 2.94245546347, 1.15422499578, 1.09000048138, 1.01720835959, 1.01202673722, 1.13507648191, 8.01126385116, 0.974688476615, 0.784356477104, 232.408486422, 1.08848271425, 1.8010428174, 1.22581442554, 1.7721974188, 1.10784902671, 39854.0948707, 10.4557640751
