3.07114328612, 1.02894487061, 1.69489007555, 0.842401823675, 2.83000091627, 0.887785762715, 4.1338571864, 1.26000025865, 1.14000086188, 3.69952566322, 2.9666416082, 1.06081017978, 3.04000002309, 1.11352953732, 0.801164046896, 1.00000070969, 1.00000080423, 1.0377450705, 7.29324136248, 0.956044447232, 1.00000085496, 83.3105147432, 1.03641506737, 3.38490957844, 0.951104439954, 3.29000035012, 1.00000078045, 18.8112154374, 2347.28498243
3.42421879215, 1.02913564016, 1.59229208553, 0.923782087824, 2.83000010474, 0.889363355865, 4.84522673826, 1.2600005489, 1.14000084443, 3.05597584467, 2.76914720533, 1.06586439185, 3.0400004734, 1.10400468898, 0.790381481568, 1.00000067697, 1.00000000401, 1.03568573575, 7.75531995888, 0.930460674929, 1.00000068411, 98.1866170923, 1.02967227988, 3.84838229391, 0.95496596686, 3.29000036799, 1.00000016747, 50.1346365142, 26216.2125951
1.90231873883, 1.00433482959, 1.60549347411, 0.829817036268, 2.8300002969, 0.982633981936, 4.42848633238, 1.26000005899, 1.14000028638, 3.19396142873, 3.09674993541, 1.09771332972, 3.04000054691, 1.04438626247, 0.790979260905, 1.00000077997, 1.00000009257, 1.01366220955, 5.20560234458, 0.99468815613, 1.00000054088, 107.30817782, 1.04278386318, 2.10428462769, 0.952011457406, 3.29000063409, 1.0000005432, 68.2041097303, 20473.8110635
5.35670441861, 1.05173895355, 1.73353968353, 0.804104484115, 2.83000033959, 0.920325270759, 4.4083324564, 1.26000054057, 1.14000031013, 1.99724979889, 3.06781165706, 1.01937920763, 3.04000028613, 1.0371818438, 0.879336898106, 1.00000000908, 1.00000027702, 1.00627404665, 4.12039012575, 0.99289050887, 1.00000085176, 106.442253715, 1.08723116904, 4.7392166054, 0.954178289317, 3.29000037728, 1.00000011108, 21.3930149245, 12007.267197
5.85584438622, 1.0171905592, 1.50578374879, 0.861003363954, 2.83000051104, 0.928511137635, 5.62835017708, 1.26000065277, 1.14000085673, 3.04518698223, 2.8635097607, 1.04037346239, 3.04000009763, 1.11001701195, 0.827666731821, 1.00000038125, 1.00000062252, 1.00557449318, 3.21838507355, 0.92636751083, 1.00000076279, 113.259152376, 1.05617269894, 2.27272451161, 0.967494825327, 3.29000081736, 1.00000012304, 26.6068962932, 3497.12810844
2.00717876385, 1.1229700325, 1.61518024456, 0.827421882686, 2.8300001522, 0.905374229591, 4.14345339767, 1.26000041996, 1.14000088442, 3.68214617279, 2.90924808478, 0.891770873894, 3.04000002296, 1.05462368817, 0.783979332846, 1.00000060475, 1.00000018433, 1.03613072789, 5.72680367696, 0.969548048459, 1.00000086837, 112.420637562, 1.02423780508, 1.82277940207, 1.05093941746, 3.29000050382, 1.00000030926, 27.2800471283, 7373.60510207
2.38929615669, 1.00185085099, 1.59491221759, 0.858580079191, 2.83000037935, 1.10752020809, 4.6603685488, 1.26000002519, 1.14000067536, 2.76589402182, 2.964741273, 1.06149555791, 3.04000098677, 1.09587489486, 0.783074273094, 1.0000007295, 1.00000086678, 1.00893138969, 8.23751724693, 0.911299138189, 1.00000094598, 108.787841059, 1.0214469484, 1.1130068536, 0.970431629606, 3.29000069856, 1.00000000636, 33.9522181166, 11192.8545909
1.51021862471, 1.08713394586, 1.51280634765, 0.958071809534, 2.83000095465, 0.925842448459, 3.91306236371, 1.2600008037, 1.14000083793, 3.1614580624, 2.40880276294, 1.03577872529, 3.04000028949, 1.0918796559, 0.800041867362, 1.00000005731, 1.00000093179, 1.05260112457, 7.05421312225, 0.922806844833, 1.00000073713, 80.3750337063, 0.993338685056, 1.66339512611, 0.968776233428, 3.29000098487, 1.00000019018, 17.2422999, 17394.6601463
3.83800270049, 1.13547599021, 1.49049132833, 0.98080742756, 2.83000063962, 0.860824880023, 5.67714422054, 1.2600007292, 1.14000099054, 3.19273565777, 2.91375111005, 1.09892819453, 3.04000083819, 1.08055080591, 0.793407464729, 1.00000023175, 1.00000080538, 1.04524859365, 3.48264099959, 0.991150329351, 1.00000052284, 99.0228706554, 1.00309318886, 2.11843959055, 1.03179316679, 3.29000034571, 1.00000012838, 16.3036220419, 701.659672269
3.46303600612, 1.03791086351, 1.53760463846, 0.865618808093, 2.83000038514, 1.00290504436, 5.52939349475, 1.26000079768, 1.14000057224, 3.13133690785, 2.74122248523, 1.08221106418, 3.04000084872, 1.08508825329, 0.862496344018, 1.00000047059, 1.00000020704, 1.07661364878, 4.67185274489, 0.923957999985, 1.00000060944, 101.847753899, 0.959170102932, 1.09847077737, 0.95435539909, 3.2900006047, 1.00000061285, 31.5215775307, 13951.9973611
2.35392184604, 1.03295201452, 1.57466490816, 0.814274864045, 2.83000021358, 0.883728780273, 5.44490168676, 1.26000049537, 1.14000018474, 1.5859955218, 3.02332415987, 0.987483333672, 3.04000041477, 1.11064356664, 0.865219150188, 1.00000012592, 1.0000006708, 1.04924532452, 3.65182054004, 0.919485420768, 1.00000095278, 121.850756689, 1.01278395654, 1.60680403524, 1.01371603208, 3.29000085334, 1.0000000034, 52.7256041035, 41082.3780381
3.17950730333, 1.00178599068, 1.40615600096, 0.838112625777, 2.83000040806, 0.865893645504, 5.80887325804, 1.26000046319, 1.14000079582, 3.518384662, 2.33826962476, 1.09604113884, 3.04000063496, 1.07643647358, 0.792208725751, 1.00000008972, 1.00000044998, 1.04895192234, 5.17349210604, 0.998172806762, 1.00000091743, 100.64181828, 1.07460188283, 5.61945650553, 1.00168941471, 3.29000087482, 1.00000034925, 7.87272360345, 210.717079026
1.01390443358, 1.02590388809, 1.48088208339, 0.88536029801, 2.8300009869, 0.928802278434, 4.84582368992, 1.26000092968, 1.14000060139, 3.06343648262, 3.09199029845, 1.02662530694, 3.04000054562, 1.07344700646, 0.83448429984, 1.00000016497, 1.00000041597, 1.08582637667, 7.88723213449, 0.922362186984, 1.0000009389, 119.041464974, 1.0019308762, 1.27101195252, 1.02539903102, 3.29000007932, 1.00000050799, 57.7849783279, 12046.8034687
2.06802537449, 1.04029602294, 1.53616647149, 0.899740394564, 2.8300000656, 0.850272623386, 4.67199045546, 1.26000019744, 1.1400002468, 2.57002835206, 2.97319008487, 0.955413008606, 3.04000056723, 1.10973551689, 0.911696098033, 1.00000086152, 1.00000056888, 1.05932563057, 3.31257714345, 0.950301783307, 1.00000096067, 101.679610331, 0.95935450299, 3.31083172439, 0.975308310137, 3.29000038269, 1.00000018927, 58.5007125052, 48178.1947307
3.32948450559, 1.07802799152, 1.41000078572, 0.905177336326, 2.83000000087, 0.850281038178, 2.30368053894, 1.26000019086, 1.14000063011, 3.01027813355, 2.87928769449, 1.09477292648, 3.04000087051, 1.10214289701, 0.827198818004, 1.00000010734, 1.00000022618, 1.00820245927, 3.06077114048, 0.920456408959, 1.00000022514, 117.181162229, 1.00198358359, 1.63797939404, 0.998129449695, 3.29000038381, 1.00000069832, 27.8140355621, 10828.6025778
5.19966753865, 1.03860859603, 1.42768921882, 0.918854998809, 2.83000028618, 0.911345921482, 3.91022301012, 1.26000073055, 1.14000006549, 2.58773182549, 2.34709911169, 1.07766716353, 3.04000000694, 1.11279242102, 0.811393101355, 1.00000024264, 1.00000050154, 1.03796949453, 3.92454955437, 0.915726910958, 1.00000073276, 114.090295129, 1.04971306831, 1.94554307866, 1.01751165599, 3.29000021694, 1.00000091593, 30.0876561726, 3933.64855323
3.73509798295, 1.03001864468, 1.64155181568, 0.917116188755, 2.8300007337, 1.14137514697, 4.28151552321, 1.26000085441, 1.14000012956, 3.70078399033, 2.99050599201, 1.06140356728, 3.04000097206, 1.09795367145, 0.818468488029, 1.00000090609, 1.00000021473, 1.03050544065, 4.91802952612, 0.959506105521, 1.0000008831, 119.971662149, 1.0045763472, 5.53488450256, 0.989601575756, 3.29000056847, 1.00000000708, 25.4240319059, 16970.4629389
2.36911494012, 1.09967558536, 1.4243567632, 0.868880669176, 2.83000067779, 0.890600187999, 5.27829051284, 1.26000093597, 1.14000080111, 3.20785438651, 2.87440705421, 1.06112957663, 3.0400006359, 1.04603605962, 0.877925077199, 1.00000098612, 1.00000026125, 1.03045886927, 6.75131937513, 0.940649918487, 1.00000060482, 115.381757243, 0.928383342304, 1.03005989022, 1.05712631247, 3.29000084711, 1.00000004873, 35.5795076045, 112156.075307
4.05428223745, 1.00241132867, 1.39543375117, 0.971608598904, 2.83000070928, 1.06908967869, 5.98315273344, 1.26000098584, 1.14000035972, 3.60185661612, 2.71120913332, 1.09048730699, 3.04000041949, 1.10830002378, 0.797541743593, 1.00000050868, 1.00000027563, 1.05249467589, 3.86464237355, 0.972959010014, 1.00000095544, 94.5938632796, 1.00900523542, 4.91221679412, 0.982319435356, 3.29000005051, 1.00000025111, 30.2758350478, 1412.79858038
1.7928812507, 1.05485476954, 1.66339307221, 0.94898562565, 2.8300000077, 1.03099168799, 4.6491327509, 1.26000090606, 1.14000015963, 3.58155262541, 2.84187884143, 0.983410662334, 3.04000067774, 1.10180779191, 0.953036710444, 1.00000037909, 1.00000065171, 1.08470056534, 4.77370345814, 0.960972016924, 1.00000026983, 92.4324397148, 0.98081306343, 3.72666231832, 0.995824877907, 3.29000013677, 1.00000045321, 42.047728278, 61535.4774722
2.07536921262, 1.0902286593, 1.66636079554, 0.972525038655, 2.83000031567, 0.927107336078, 5.66512597744, 1.26000002987, 1.14000013288, 2.47053237128, 2.60339535775, 1.07147005636, 3.04000007403, 1.08953783264, 1.00009230981, 1.00000033322, 1.00000040343, 1.09100117681, 4.32914792785, 0.986606624643, 1.00000066036, 104.540575428, 0.982667082549, 2.99927827547, 1.00104476971, 3.2900000399, 1.00000094044, 30.0574039852, 22555.7258477
1.11976839562, 1.10458086563, 1.73341628925, 0.967228214396, 2.83000068426, 0.927932655433, 5.78889918777, 1.26000031613, 1.14000055348, 2.87323747447, 3.09265725155, 1.0727570705, 3.04000091846, 1.09015072726, 1.02097598793, 1.00000016971, 1.00000031302, 1.07830708226, 4.93645709886, 0.915599855208, 1.00000098205, 115.888391814, 1.0534048794, 2.38737419241, 0.962026857199, 3.29000094615, 1.00000011108, 56.4972746875, 20203.8472192
1.25693819722, 1.0559516419, 1.48255678401, 0.982453039095, 2.83000081265, 1.02206415918, 5.86735977875, 1.26000073189, 1.14000022114, 2.65122007989, 2.57787362893, 1.09155969204, 3.04000013685, 1.05194788934, 0.817099970194, 1.00000042666, 1.00000083082, 1.03406549817, 6.72429210428, 0.954286278978, 1.00000022054, 88.4921640925, 1.08580375261, 1.74902958927, 0.978615658817, 3.29000030699, 1.00000075917, 51.8626797918, 70522.1626238
1.00555432885, 1.06364316591, 1.51082401087, 0.965110507161, 2.8300004075, 0.925165559448, 5.04716262922, 1.26000092657, 1.1400004989, 2.98508731869, 2.90265992798, 0.955682883928, 3.04000058398, 1.10891753166, 0.80854443876, 1.00000033477, 1.00000003135, 1.06973910315, 4.65822055588, 0.943602797143, 1.00000026166, 104.449023384, 1.08950008627, 4.17717100536, 0.987625208064, 3.29000068152, 1.00000003822, 56.6276452933, 2347.91093101
1.24505396415, 1.04057118436, 1.54753456908, 0.988697247966, 2.83000032447, 0.924856136482, 1.97651758781, 1.260000482, 1.14000028474, 2.99745077896, 2.32151738379, 1.05478169682, 3.04000020049, 1.1060521832, 0.892060542117, 1.00000015265, 1.00000073317, 1.0454782705, 7.59051801685, 0.937504089657, 1.00000078994, 106.048532659, 1.01906095574, 2.22716199519, 1.04181315375, 3.29000030522, 1.00000022176, 35.2624959475, 88864.4698968
1.21606841792, 1.1000713456, 1.59869109894, 0.942406182503, 2.83000019719, 1.0307864905, 4.10909545536, 1.26000045606, 1.14000010196, 3.14677565174, 2.33167294546, 1.0816440714, 3.0400009001, 1.08710616094, 0.799451850414, 1.00000002474, 1.00000082118, 1.00028530487, 5.76851272961, 0.987889656414, 1.000000236, 119.364918568, 1.05356311891, 1.54417638194, 1.01816676026, 3.29000076129, 1.00000022826, 41.1546969801, 11232.0247847
1.64912330753, 1.10938209412, 1.41728874266, 0.973079599879, 2.83000030108, 0.853888186246, 5.01913510786, 1.26000071633, 1.14000070189, 3.4363347681, 1.66052252908, 1.0430904118, 3.04000052396, 1.09710383813, 0.890053736503, 1.00000085667, 1.00000020789, 1.04754469354, 7.19144040782, 0.913949534095, 1.0000009101, 92.237363696, 1.05219871961, 2.92301203774, 1.00700942711, 3.29000012002, 1.000000739, 68.13535056, 24875.0952019
3.82061124483, 1.08055049159, 1.5367488285, 0.925262949332, 2.83000013004, 0.935356374169, 4.63249832907, 1.26000037042, 1.14000069561, 2.17200712096, 2.65309535009, 1.08179870208, 3.04000054138, 1.07902016836, 0.864469472844, 1.00000062241, 1.00000068986, 1.00248715607, 8.04281112004, 0.91241707456, 1.00000023275, 118.868489431, 1.02852996411, 4.71089036241, 1.06167304872, 3.29000059599, 1.00000019823, 40.1258407434, 105803.002812
1.81242462304, 1.01718899996, 1.59425147214, 0.821550379455, 2.83000007037, 1.11129237663, 2.98802933268, 1.26000096264, 1.14000042684, 3.39433349854, 3.10234651687, 0.990250713335, 3.0400009414, 1.03061126242, 0.95525614737, 1.00000049176, 1.00000054331, 1.04291524936, 9.06937314081, 0.930632252864, 1.00000086943, 105.636639527, 1.03462050426, 4.16097684964, 0.980331494761, 3.29000029032, 1.0000000069, 56.5855957574, 27915.323355
2.29077425368, 1.0212294021, 1.44288984358, 0.876673205905, 2.83000056507, 1.09546956053, 4.70863928783, 1.26000058369, 1.14000048863, 3.45172143539, 2.93604551773, 1.09974166511, 3.0400002017, 1.05230977414, 0.934260241446, 1.00000054106, 1.00000041894, 1.02567719926, 6.53804211783, 0.9158570034, 1.0000006571, 116.85278888, 0.874948094442, 1.09142906407, 0.958549133933, 3.29000077123, 1.00000009925, 56.673728103, 88819.6478082
2.78292580865, 1.13258046288, 1.46834114152, 0.835041322181, 2.83000018192, 1.03591954978, 5.69318373016, 1.26000037323, 1.14000077019, 2.97524586147, 3.02377679217, 0.916748159267, 3.04000033804, 1.02604768636, 0.788350385821, 1.00000007341, 1.00000042892, 1.01532061233, 7.31024310526, 0.923217264047, 1.00000028607, 120.342517808, 1.03613426641, 4.03342860797, 1.04640341971, 3.29000036218, 1.00000081865, 34.6496741497, 13284.4887333
3.98454647907, 1.07218414932, 1.6563268601, 0.972266643624, 2.83000069917, 1.0205482553, 1.15158729922, 1.26000086754, 1.14000064926, 3.28498961239, 2.90832857218, 0.978140436688, 3.04000083505, 1.05161247698, 0.934097055125, 1.00000089906, 1.00000032244, 1.02066093535, 5.0591880922, 0.944104169221, 1.00000029158, 122.520509809, 1.03767512292, 2.01509212311, 1.05968752757, 3.29000047182, 1.00000032714, 57.8024618389, 43015.6478161
1.14599775178, 1.07433673095, 1.40939553189, 0.900740988566, 2.83000077357, 0.904984345038, 4.49238374978, 1.2600002817, 1.14000088491, 2.60671607605, 2.09645015573, 1.08598939619, 3.04000060815, 1.07517426041, 0.829247816872, 1.00000017885, 1.00000039359, 1.02770500295, 4.09446712944, 0.924618931046, 1.00000060806, 117.20482703, 1.0531922101, 2.88279830669, 0.982271112189, 3.29000047177, 1.00000071774, 21.5484409406, 25013.1993609
3.58529875833, 1.00944587684, 1.4833445677, 0.922239876514, 2.83000087947, 0.943065118055, 1.03578354079, 1.26000061441, 1.14000099085, 2.68487438709, 3.09554783781, 1.00450052512, 3.04000066484, 1.05677926749, 0.923120579329, 1.00000045785, 1.0000004691, 1.00245430498, 4.10021140605, 0.959679015813, 1.00000066152, 124.364700121, 1.06871301074, 5.07704561729, 0.999788455205, 3.29000098836, 1.00000005418, 29.7450873063, 13162.5370848
1.96918739359, 1.12893792596, 1.64972017836, 0.899661198382, 2.83000066198, 1.16463519242, 5.54986085165, 1.26000026125, 1.14000030974, 3.17068557575, 2.92967444035, 1.07223627266, 3.04000091405, 1.09695042498, 0.915142338353, 1.00000046399, 1.00000090272, 1.04734406381, 5.02910935528, 0.915321771329, 1.00000003194, 124.612915238, 0.993225695879, 4.16787441355, 1.0197151928, 3.29000040415, 1.0000006776, 41.9689979272, 10663.1816619
1.49471594795, 1.03583380664, 1.46090139466, 0.975809406996, 2.8300006633, 1.00079880975, 5.51992166779, 1.26000080269, 1.14000099843, 2.15842811817, 2.77461135036, 0.954845892049, 3.04000027778, 1.08650033559, 0.84105317378, 1.00000084444, 1.00000001416, 1.0037711349, 5.87740690235, 0.914037385667, 1.00000083058, 106.731600971, 1.0254773102, 5.63585840173, 0.994335499646, 3.29000046328, 1.00000050755, 17.4511936616, 3147.99292338
4.77643764418, 1.01415581559, 1.41433148834, 0.924695011551, 2.83000051118, 0.902855444546, 4.35851399205, 1.26000088873, 1.14000033397, 3.14138889272, 2.88557003007, 1.05564816376, 3.04000072127, 1.02769132712, 0.841385241908, 1.00000047181, 1.00000020176, 1.00783972445, 3.56498634304, 0.978236617849, 1.00000013759, 118.143823451, 1.07430046133, 3.49489794323, 1.03550618089, 3.2900003231, 1.0000007575, 50.9026720729, 50327.3308163
1.94032144952, 1.11254233793, 1.42110629382, 0.934144387481, 2.83000002438, 0.894095737692, 5.55777008951, 1.2600002587, 1.14000019631, 3.41949507353, 2.22292163878, 1.03287428299, 3.04000045184, 1.07704679661, 0.888374079543, 1.00000099134, 1.00000051812, 1.05940401738, 8.19925185243, 0.921641427215, 1.00000025462, 119.198523751, 0.965189404354, 1.46483411602, 1.02078145316, 3.29000011422, 1.00000008147, 44.9614627821, 9037.51191408
2.64202562093, 1.04357937419, 1.54737858517, 0.876409847985, 2.83000012627, 1.12386780371, 5.21022118257, 1.2600000989, 1.14000068306, 3.42904962796, 3.08216573537, 0.985969842987, 3.04000085088, 1.02910174915, 0.904720012757, 1.00000088762, 1.00000058864, 1.03750224758, 7.67117422702, 0.924963359508, 1.00000062293, 101.698553246, 1.06507021578, 4.71975410962, 1.03664624476, 3.29000087617, 1.00000091269, 50.1773175779, 12525.359802
1.93647479435, 1.03955101884, 1.6588348798, 0.866764054281, 2.83000040102, 1.02724226124, 4.24709224607, 1.26000022304, 1.14000051173, 3.13096258066, 2.98726993792, 1.08520810032, 3.04000010306, 1.00887666649, 0.97689304792, 1.00000069941, 1.00000039687, 1.02529128917, 5.29746792821, 0.982069838528, 1.00000025566, 117.630624858, 1.0325256653, 4.82564986831, 1.03769172313, 3.29000043788, 1.00000026781, 39.3945849226, 1054.71059218
1.12081233351, 1.11864354744, 1.47816718906, 0.955757968616, 2.83000044199, 0.892710380563, 5.49342009053, 1.26000063931, 1.14000008378, 3.34005573526, 2.73113050139, 1.02379666029, 3.04000093653, 1.09701177707, 0.992766057604, 1.00000021278, 1.00000044459, 1.04681092479, 3.00424170154, 0.91325411103, 1.00000062978, 104.560299859, 0.944091488176, 1.7819757146, 1.03092400045, 3.29000073253, 1.00000067003, 49.4066677478, 16901.2549246
3.45268765287, 1.09865021715, 1.45249340653, 0.895973237449, 2.83000005768, 1.01511103256, 4.76901925751, 1.26000016449, 1.14000061761, 1.48347073002, 3.01884104048, 1.09965577133, 3.040000108, 1.05091194742, 0.795233310067, 1.00000077831, 1.00000057899, 1.03230908138, 3.9916756436, 0.956554083466, 1.00000001401, 119.19571086, 1.08162478615, 5.88235886793, 1.04950306718, 3.29000020637, 1.00000034876, 34.4719300817, 4138.80298986
3.84975602154, 1.0555928956, 1.48341760905, 0.993286419735, 2.83000035612, 0.937459771954, 5.51413961514, 1.26000011702, 1.14000000921, 2.90266973498, 2.59444915003, 0.910256719959, 3.04000071901, 1.0908162496, 0.907557613336, 1.00000074435, 1.00000074124, 1.02685703615, 4.55050964087, 0.931994696388, 1.00000031617, 112.554593279, 0.905122045147, 3.69841490382, 0.97653334991, 3.29000059903, 1.00000086243, 31.5676121635, 12471.7519151
2.91226963558, 1.08648770104, 1.40388770601, 0.956383066554, 2.83000012299, 0.89157539085, 5.94373137027, 1.26000098608, 1.14000033136, 1.89184892572, 2.69526122565, 1.00921365639, 3.04000041404, 1.0342733581, 0.804646316369, 1.00000054642, 1.00000054757, 1.02452310993, 3.82370602066, 0.981215193328, 1.00000005005, 101.952709214, 1.04765155888, 4.58507382144, 0.993102146812, 3.29000059839, 1.00000036785, 57.6050826447, 25302.8107596
1.10962744301, 1.0948078333, 1.69132591966, 0.972477768372, 2.83000066758, 1.07711207973, 5.71476097068, 1.26000084722, 1.14000079067, 3.45173185525, 2.56707204692, 1.04303262572, 3.04000047685, 1.03220213374, 0.798303804201, 1.00000015818, 1.0000002436, 1.01045871001, 5.01257041608, 0.932129577061, 1.0000002344, 120.369344477, 1.06918066567, 4.40031145426, 1.04131742309, 3.29000036799, 1.00000072078, 35.3049840541, 5774.95067867
4.36506503071, 1.05335047765, 1.40574065124, 0.933706018589, 2.83000052471, 0.965391132694, 4.56933537365, 1.26000060009, 1.14000044802, 2.20295783247, 2.87162705216, 1.04076139924, 3.04000069958, 1.04452436705, 0.834908001211, 1.0000005284, 1.00000009205, 1.00971223948, 3.4736225937, 0.9629792018, 1.0000000539, 112.097552341, 1.04701725362, 5.46310683398, 0.994519878151, 3.2900009289, 1.00000021208, 51.3603948009, 53208.6790449
1.78985866935, 1.02927123309, 1.73963547936, 0.96997772001, 2.83000049623, 1.10877776537, 4.58652332471, 1.2600001689, 1.14000059615, 3.34261670462, 2.84166225228, 0.967515185132, 3.0400008526, 1.09259142731, 1.0343282539, 1.00000090774, 1.00000080203, 1.02596650171, 4.0655304638, 0.93481234643, 1.00000062849, 108.976698129, 1.05578448341, 5.87577593329, 1.01214175208, 3.29000095349, 1.00000037771, 51.288977649, 20857.7925305
1.14982640236, 1.04113232796, 1.57555661122, 0.967263693666, 2.83000059965, 0.942731985666, 5.18337682339, 1.26000083829, 1.14000070699, 3.22957820659, 2.26194391755, 1.07794825826, 3.0400009004, 1.05885730965, 0.975847729829, 1.000000928, 1.00000013704, 1.06107367461, 3.0120857091, 0.967442048651, 1.0000001696, 100.279575763, 0.991368130093, 4.36026523943, 1.02486304236, 3.2900005986, 1.00000033057, 37.4243556497, 153617.061212
1.8938321503, 1.06279761545, 1.61564442358, 0.996773137457, 2.83000036105, 1.00216455904, 5.52589860984, 1.26000005705, 1.14000071563, 2.50061346733, 2.57477704827, 0.930056443603, 3.04000074317, 1.04686968784, 0.97674817615, 1.00000048816, 1.00000074225, 1.02902998214, 4.67888383671, 0.923832283286, 1.00000056099, 94.7347300614, 0.99151028919, 3.87810111843, 1.03544476638, 3.29000046234, 1.0000001709, 32.8421533713, 41073.3761442
4.33330365383, 1.07452668688, 1.5224441681, 0.929022977613, 2.83000074535, 0.94000336703, 3.39259063096, 1.26000021575, 1.14000028336, 3.70924684556, 2.9062020325, 0.912532443559, 3.0400008189, 1.03750052995, 1.06721264004, 1.00000002002, 1.00000049823, 1.03086291782, 3.58608805285, 0.947878815781, 1.00000033171, 108.600885531, 1.04759146405, 4.33548541685, 1.06926278464, 3.29000035739, 1.00000007952, 35.3817021529, 1467.94872173
2.32116925672, 1.01469341, 1.41877986701, 0.994231761435, 2.83000052136, 1.01800198799, 5.36320773675, 1.26000016984, 1.14000032262, 3.38911488562, 3.08981280913, 1.08905161069, 3.04000025062, 1.04444291525, 1.07939637799, 1.00000076062, 1.00000086857, 1.06140819522, 6.37967926637, 0.921583126424, 1.000000139, 107.362670437, 0.955905424299, 3.97737095256, 1.0189253294, 3.29000021286, 1.0000006743, 17.7157203788, 850.263178575
2.82357279136, 1.06491538046, 1.40936842744, 0.966294416984, 2.83000091986, 1.04762548206, 3.41448212966, 1.2600003455, 1.14000036733, 3.40959195979, 2.24069026165, 0.989106457509, 3.04000065657, 1.02469633364, 0.870542797799, 1.00000035937, 1.00000035166, 1.01465888687, 4.98863449197, 0.964426906145, 1.00000067578, 117.552442154, 1.07055024186, 3.54062260968, 1.06836591821, 3.29000040614, 1.00000058603, 43.2998682247, 16687.3561668
3.52601961454, 1.06253416402, 1.43563550409, 0.963169332568, 2.83000097687, 1.09935277901, 4.89480296787, 1.26000010337, 1.14000095656, 2.61320848398, 2.42409253597, 0.88653687581, 3.04000047462, 1.01821925992, 0.966043019976, 1.00000005851, 1.00000002273, 1.00258499724, 6.81693129598, 0.932273458103, 1.00000036842, 122.623810674, 1.08865654014, 4.84305317493, 1.01631930823, 3.29000049405, 1.0000002526, 24.6007521886, 13243.4985319
1.07770367463, 1.01345226898, 1.37901629303, 0.989630942027, 2.83000017423, 1.13362266287, 4.66226633183, 1.26000006065, 1.14000012543, 3.2418969813, 1.76005607627, 0.995586805561, 3.04000063402, 1.01174229827, 1.07574109599, 1.00000026138, 1.00000068522, 1.04492297886, 4.19157057987, 0.925827991219, 1.00000021842, 112.172013828, 1.06035042964, 5.45169962158, 0.989808692302, 3.29000051867, 1.00000014496, 33.5071573312, 1973.05794896
1.16971912042, 1.13312672534, 1.44235046868, 0.974658651481, 2.83000019539, 0.936321110606, 1.36151211264, 1.26000030146, 1.14000020109, 3.71142907918, 2.41930438636, 1.04877877548, 3.04000006497, 1.08862334909, 1.01892302969, 1.00000025588, 1.00000003771, 1.02051169345, 9.50735933021, 0.997817739271, 1.00000015725, 122.672792135, 1.058325131, 5.15457199073, 0.996728283768, 3.29000092781, 1.00000032714, 36.5249349664, 6333.31780304
3.01464006579, 1.13936610049, 1.45317594571, 0.968541301961, 2.83000081531, 0.860535701316, 1.04788469263, 1.26000093261, 1.14000078129, 3.61102341227, 2.42347005871, 0.885465682689, 3.0400000196, 1.032700301, 0.945464059041, 1.00000079523, 1.00000010888, 1.05091627487, 6.06252805069, 0.975064403866, 1.00000028332, 124.473328194, 0.981551689012, 5.16581505618, 1.02235027341, 3.29000079902, 1.00000042278, 32.0281603859, 32735.9228609
1.14817134794, 1.10710263155, 1.60309695141, 0.952213351301, 2.83000040032, 1.03793256986, 2.1999566918, 1.26000047356, 1.14000061151, 2.12463040412, 2.20826897131, 0.956911784653, 3.04000060622, 1.0632328525, 0.898297601842, 1.00000017364, 1.00000071291, 1.05102476095, 9.91074568661, 0.945696248085, 1.00000008949, 107.291632433, 1.0115524025, 5.55676004534, 1.01730158898, 3.29000079158, 1.00000019214, 40.7451284163, 4816.75071545
1.11571748999, 1.1175424734, 1.4977121593, 0.893071709164, 2.83000036701, 0.886681425067, 3.0143663417, 1.26000034457, 1.14000068643, 2.25996516338, 2.44912055549, 0.954416235447, 3.04000007526, 1.02683290812, 1.08479529519, 1.00000024562, 1.00000090197, 1.0317620354, 4.5070382892, 0.994979929909, 1.00000065364, 124.622858042, 1.00767431094, 4.59915017995, 0.981779149346, 3.2900002938, 1.00000032035, 7.95739013784, 339.623358906
2.29878035101, 1.1279499597, 1.53378586657, 0.937687744727, 2.83000040734, 1.07363718508, 4.68547075936, 1.26000058416, 1.14000082192, 3.13519673104, 2.95493999907, 0.920318055261, 3.04000011317, 1.1010736209, 0.805448676969, 1.00000043399, 1.00000022931, 1.00844428291, 6.33996900811, 0.980194290795, 1.0000004298, 121.369829333, 1.03976105821, 5.69072459573, 1.00368850107, 3.29000026447, 1.0000004737, 39.5819342437, 2482.48393111
1.29037706627, 1.08764895326, 1.36287066763, 0.978160130433, 2.83000010276, 0.885202526999, 1.09353924182, 1.26000023507, 1.14000098257, 3.58638823831, 1.83049356802, 1.03803636456, 3.04000056254, 1.09143183124, 0.931687786816, 1.00000082516, 1.00000022367, 1.076955312, 8.99066743353, 0.952832607407, 1.0000001552, 76.7272188032, 1.04158497843, 4.21343313411, 0.984627161963, 3.29000075423, 1.00000030607, 24.2558793325, 3607.98615574
2.48564991037, 1.1376269157, 1.49645769723, 0.945328024205, 2.83000058764, 0.887705149506, 1.38650181048, 1.26000035192, 1.14000094856, 3.42074324501, 3.05614547284, 0.905174542971, 3.04000000767, 1.0136034117, 1.03395579385, 1.00000040627, 1.00000093259, 1.09419692275, 7.62850263241, 0.955177879495, 1.00000074148, 119.682942874, 0.87534413344, 4.57991929408, 1.01904656819, 3.29000075543, 1.00000026616, 62.3938053656, 30450.9579805
1.11666740621, 1.12131928982, 1.73905389439, 0.965123929728, 2.83000053334, 0.85613559015, 3.06070752271, 1.26000096819, 1.14000015182, 3.42093120033, 1.97424678651, 0.913436152666, 3.04000003242, 1.07894446657, 0.969527059144, 1.00000044577, 1.00000019527, 1.06274050903, 5.89136777612, 0.993325247491, 1.00000039735, 95.4689521372, 1.03618990467, 2.99990407495, 1.01360970413, 3.29000024366, 1.00000097129, 32.8103742415, 23080.1453237
2.86249351999, 1.13146811335, 1.48995196537, 0.985801148778, 2.83000099694, 1.17677634298, 3.43539681972, 1.26000079299, 1.14000072272, 3.02628832505, 2.11525144488, 0.937574838513, 3.04000022603, 1.04156684933, 0.951746647719, 1.00000071751, 1.00000006489, 1.02339088044, 9.55629233788, 0.945494552955, 1.00000095165, 109.924735799, 1.04431110867, 4.09186394935, 0.952149341396, 3.29000050676, 1.00000020824, 66.7080536457, 7100.72892266
2.29719449039, 1.11267164116, 1.4514163334, 0.854822447612, 2.83000047652, 0.983031688184, 1.1965132743, 1.26000020999, 1.14000094839, 3.1591715894, 1.83874087515, 0.880273667928, 3.04000048867, 1.03326749325, 0.944820354286, 1.00000037293, 1.00000035369, 1.02990626304, 6.21374458812, 0.951256505591, 1.00000058527, 101.067604369, 1.08091819144, 5.58341313103, 0.985978790878, 3.29000077746, 1.00000023413, 57.825529928, 20754.5350588
4.46566790047, 1.12788298377, 1.71473790717, 0.889547930778, 2.83000077258, 1.03033816612, 1.80010953791, 1.26000041604, 1.14000012143, 2.7665953454, 2.58258241952, 0.975100934592, 3.04000096918, 1.04629432373, 0.781913096427, 1.00000003848, 1.00000025011, 1.02760677485, 7.92784669816, 0.99800222276, 1.00000021239, 84.821579265, 1.04396387593, 5.90258597238, 0.958203148197, 3.29000026038, 1.00000025493, 76.9833359824, 80355.4937987
2.09121887875, 1.11959966695, 1.62275938647, 0.958541579633, 2.83000047115, 0.910225645166, 3.68479322786, 1.26000071884, 1.14000026841, 3.05798595495, 2.54009569408, 1.01597104779, 3.0400009797, 1.06033519018, 0.815643259166, 1.00000000683, 1.00000046377, 1.06522514474, 6.0447642273, 0.993496945822, 1.00000060724, 106.437054295, 0.984763506735, 4.40596329488, 0.989160299485, 3.29000037754, 1.00000067164, 27.7063609546, 11689.7422521
1.73667350478, 1.09210492261, 1.63995865782, 0.882627904434, 2.83000034714, 0.960755905352, 1.45746759561, 1.26000036505, 1.14000009508, 3.56017046964, 2.92863021271, 0.90920931814, 3.04000064695, 1.02752931579, 0.853169737968, 1.00000053134, 1.0000004791, 1.02593381203, 6.32530322152, 0.984264960586, 1.00000066013, 122.953241299, 0.867113599248, 5.82247560527, 0.964286100897, 3.29000025603, 1.00000058671, 41.3351695754, 11722.1993528
5.18454832427, 1.13044501737, 1.71559735939, 0.986118968899, 2.83000062404, 1.02082505517, 3.79863325222, 1.26000065193, 1.14000033831, 2.66606149706, 2.64214647124, 0.999945162453, 3.04000047476, 1.06779021597, 0.886383864912, 1.00000042161, 1.0000006901, 1.02320086451, 6.41857681764, 0.970212082536, 1.00000071107, 105.310107368, 0.996519014135, 5.21678279589, 0.972575832242, 3.29000054268, 1.00000034876, 37.563229407, 20988.9665243
1.14864034633, 1.12507578858, 1.73907847214, 0.848824444711, 2.83000095721, 0.897008971707, 1.53389573283, 1.26000094095, 1.14000070659, 2.29061316352, 3.06561231592, 0.939510221192, 3.04000042381, 1.10629186669, 0.790582748089, 1.00000032755, 1.00000055068, 1.04847858594, 7.95296738163, 0.981369508292, 1.00000038686, 87.9761540111, 1.07012676687, 4.01923068454, 0.95342784096, 3.29000065849, 1.00000078737, 73.2534394251, 15528.5455337
1.59042845041, 1.13681785329, 1.5902405067, 0.915913789867, 2.83000007944, 1.15143184315, 5.31854570679, 1.26000080582, 1.14000067027, 1.36020651322, 2.69307302425, 1.04040898623, 3.04000044146, 1.03187519682, 0.952867417806, 1.00000088443, 1.00000039371, 1.0372286489, 5.46867387859, 0.949625611291, 1.00000017713, 101.964106459, 1.07206477432, 5.87549474916, 0.954857745061, 3.2900001836, 1.00000017531, 28.2435435131, 1109.81477451
1.38125908517, 1.1321843169, 1.66754890233, 0.865695488364, 2.83000058519, 0.959074307241, 3.25876688919, 1.2600005525, 1.14000069093, 3.00315925109, 2.51363153907, 0.98437200977, 3.04000037092, 1.08179582712, 0.903079304852, 1.00000026926, 1.00000077136, 1.06779463897, 7.61140173741, 0.960751364057, 1.00000023943, 103.254480131, 0.981939951354, 4.53487427223, 0.971476217783, 3.29000050743, 1.0000005722, 38.1528272808, 14201.2771499
1.15872580518, 1.11437405188, 1.50029083255, 0.948005050555, 2.83000030962, 1.00216051962, 3.69071643347, 1.26000090664, 1.14000020585, 2.84440530836, 3.03703877564, 1.06225772588, 3.04000044028, 1.0089552317, 0.943624529124, 1.00000051498, 1.00000058832, 1.06302126252, 3.11670252412, 0.999232967927, 1.00000042932, 76.9463460823, 0.965541741827, 4.45157140391, 0.961687740917, 3.29000043201, 1.00000080715, 39.5403650403, 24563.7958907
1.58478384207, 1.13264342747, 1.5043997537, 0.943959727208, 2.8300003451, 0.933621881307, 3.23008666247, 1.26000036359, 1.14000050155, 3.51923237253, 2.34144033139, 0.953334259286, 3.04000055266, 1.05957515866, 0.972102857326, 1.0000004983, 1.00000015298, 1.05351195224, 4.66426456355, 0.969031789694, 1.00000076133, 95.2709799482, 0.933651087882, 4.41878676554, 0.962508682156, 3.29000045916, 1.00000032058, 62.3692344324, 15442.3405276
2.88728995671, 1.1207099469, 1.55656238232, 0.949820186025, 2.83000077582, 1.05662000294, 4.29357621112, 1.26000054477, 1.14000067639, 2.15741056173, 2.77227160232, 0.931541098717, 3.04000092275, 1.03808731309, 1.02624465564, 1.00000078572, 1.00000004667, 1.09089558214, 5.28611793527, 0.953126053382, 1.00000020362, 113.634504618, 0.932467173135, 5.05188715206, 1.0168353587, 3.29000080269, 1.00000040954, 42.4216375232, 71444.7099398
1.35312366749, 1.12266672148, 1.61855593475, 0.896635205618, 2.83000062744, 0.892167354252, 1.71797029857, 1.26000090638, 1.14000093997, 2.91060523842, 3.04952764008, 0.9641863194, 3.04000011251, 1.0896763194, 0.958035227776, 1.00000094726, 1.00000020101, 1.10770076153, 3.89771206712, 0.971336692072, 1.00000097961, 81.4692148123, 0.92975663878, 4.40782008587, 1.0103826656, 3.29000090769, 1.00000054923, 52.1087272701, 67289.7625085
1.03712568719, 1.1003300598, 1.47433182719, 0.935902391538, 2.83000011502, 0.874316856142, 3.89561696435, 1.26000012587, 1.14000028311, 2.8107892616, 1.70631783753, 0.945493500716, 3.04000055989, 1.04482184295, 0.951370535129, 1.00000004827, 1.00000084754, 1.08101620094, 6.05418526156, 0.921314336415, 1.00000029865, 112.4163808, 1.03744409213, 4.00054295526, 1.01744773184, 3.29000093154, 1.00000094905, 27.6809170347, 5638.74071578
1.1920086953, 1.11273739176, 1.45996613252, 0.986387195758, 2.83000029776, 1.16159666977, 5.51724745313, 1.26000082145, 1.14000017209, 3.08579010456, 2.43872566268, 0.956491416672, 3.04000067157, 1.03947657526, 0.96910765603, 1.00000077713, 1.00000007926, 1.05054397568, 5.22099292053, 0.943081092369, 1.00000020176, 102.872058331, 0.986178912071, 3.474378442, 0.98030689799, 3.29000041382, 1.0000000041, 39.1588066814, 50393.2899251
1.08486329061, 1.06450219186, 1.49834321412, 0.955272846518, 2.83000096901, 0.897580018403, 1.84478429078, 1.26000097388, 1.14000069985, 3.47552423725, 2.72433196718, 0.958348399534, 3.04000057142, 1.10619421345, 1.03745609925, 1.00000030716, 1.00000022724, 1.05735677182, 7.74312364038, 0.933330304085, 1.00000088361, 99.8531161011, 0.979910464053, 4.49703683866, 0.975781329247, 3.29000043308, 1.00000074853, 33.7723122074, 21561.8939384
1.92323298551, 1.10706835498, 1.47931097389, 0.859756634857, 2.8300009557, 0.887641957252, 1.82288813065, 1.26000042797, 1.14000041297, 3.54120638985, 1.58980329405, 0.947099863898, 3.04000034852, 1.06743786444, 1.00135345309, 1.00000039631, 1.00000065826, 1.09935565889, 6.07487320616, 0.971791921176, 1.00000040284, 103.005855824, 0.942602889653, 5.21186445739, 0.982467779476, 3.29000051107, 1.00000065819, 12.6111604232, 264.873198643
3.28113286312, 1.08899876899, 1.63572250988, 0.9193805903, 2.83000061676, 0.857937565635, 3.52018282334, 1.26000045633, 1.14000006674, 2.25878634272, 3.10435836783, 0.988680015886, 3.04000028338, 1.09659976863, 1.07607485118, 1.00000063369, 1.00000091913, 1.04533771414, 5.05805529094, 0.978930928354, 1.00000076555, 115.399736089, 1.03999298262, 3.35520730387, 0.955446866053, 3.29000057865, 1.00000038177, 23.9322451352, 5751.29545381
2.83524755217, 1.12148206834, 1.61121595268, 0.978172896079, 2.83000052037, 0.948175243243, 3.26709342429, 1.26000067311, 1.14000020942, 2.01136142193, 2.46249624714, 0.917182067196, 3.04000071382, 1.10460062255, 0.812593303215, 1.00000024802, 1.00000002962, 1.02020389966, 8.94921533, 0.917013660935, 1.00000093259, 117.410238925, 0.879000995894, 5.14129072612, 0.951222297347, 3.29000087902, 1.00000087548, 51.3376138032, 2298.98172722
1.12101357571, 1.13281126207, 1.72700524624, 0.913485032569, 2.83000035289, 0.977388844217, 4.11556126761, 1.26000001947, 1.14000006443, 3.34139905724, 2.09580709096, 0.924829163629, 3.04000050397, 1.07327710413, 1.03276863344, 1.00000094029, 1.00000073605, 1.05276758957, 6.19382372526, 0.956300225216, 1.00000035145, 95.8520371396, 1.05523129118, 5.6635982183, 0.967653899099, 3.29000025823, 1.00000016286, 26.51476484, 49848.2883417
2.54361451446, 1.09279065052, 1.72525246968, 0.967147316146, 2.83000079996, 1.04375134658, 2.62270760421, 1.26000059851, 1.14000042179, 3.48373098479, 2.93335072617, 0.913117653698, 3.04000049408, 1.073844461, 0.968881720556, 1.00000093195, 1.00000058468, 1.04709178421, 8.5922553776, 0.942745431879, 1.00000093479, 95.4412945807, 1.0429392975, 5.29156431322, 0.974170081454, 3.29000060969, 1.00000046924, 22.3669961466, 14221.2777166
1.92210193422, 1.10629171537, 1.40074395833, 0.927951484255, 2.83000032288, 0.891220073848, 3.88871669549, 1.26000046986, 1.1400004479, 3.53670700628, 2.59661539856, 0.962779525546, 3.04000000321, 1.09608619294, 0.867765750506, 1.00000062446, 1.00000063205, 1.06934248214, 3.24562201924, 0.956659581684, 1.00000093543, 100.082071142, 0.99988267526, 5.80002127995, 1.00426098179, 3.29000022323, 1.00000002049, 22.1299839365, 11013.4953837
1.40650524388, 1.1114645883, 1.59984638324, 0.878518513289, 2.83000035244, 0.880446515002, 4.5810167706, 1.26000037444, 1.14000082323, 2.19748936678, 2.94437831618, 1.05690716295, 3.04000071715, 1.09000363623, 0.976833377659, 1.00000019356, 1.00000051165, 1.1051529381, 6.53005103075, 0.994599859941, 1.00000096325, 75.3269592149, 1.03012372679, 3.58231760228, 0.967972019698, 3.29000072971, 1.00000039001, 46.3086623448, 36036.4260351
3.04811432317, 1.0759671814, 1.6050206011, 0.906990711043, 2.83000044091, 0.942981546785, 4.76333638743, 1.26000089253, 1.14000001661, 3.09580518674, 2.12899614231, 0.900589943314, 3.04000074265, 1.11602912215, 0.944290173492, 1.00000082351, 1.0000002133, 1.01142811178, 6.77055275484, 0.938903835676, 1.00000028824, 117.265066072, 1.07979689074, 1.45758856477, 0.9669626098, 3.29000069386, 1.00000052422, 20.0710349493, 3318.19650177
1.86936610733, 1.12680055212, 1.54829859751, 0.891558172676, 2.83000033312, 1.0687978585, 2.90483200641, 1.2600001234, 1.14000010445, 2.68725388471, 2.02101029217, 1.01496743529, 3.04000007521, 1.08586547025, 0.811645223227, 1.00000076685, 1.00000056358, 1.1067563048, 5.16822299497, 0.959113044659, 1.00000035122, 83.7024945796, 1.0246749312, 5.32768295179, 0.976797145059, 3.2900002132, 1.00000030689, 52.6482300053, 10498.6554498
3.49718664646, 1.12827397149, 1.43837986524, 0.936918327939, 2.830000201, 0.851413987368, 3.27476363389, 1.26000089642, 1.14000029254, 3.21101302781, 2.36909840606, 0.983122930969, 3.04000004007, 1.10905441506, 0.850004283297, 1.00000030855, 1.00000011751, 1.06868616501, 3.54454243254, 0.952752762786, 1.00000014684, 80.1133411111, 0.971947523153, 3.81203320079, 0.950434080176, 3.29000066127, 1.00000031942, 25.1371901055, 12830.4707124
1.76674134353, 1.0882732303, 1.59901201902, 0.939688935536, 2.83000089069, 0.97288245296, 3.29286579786, 1.26000082278, 1.140000087, 3.14403468305, 2.94151814476, 0.920118749683, 3.04000049196, 1.06478435228, 0.8847867096, 1.00000098008, 1.00000046456, 1.0498019335, 8.08616354256, 0.928007160989, 1.00000011845, 86.0030909974, 1.07893657236, 4.71981205444, 0.982185642405, 3.2900000722, 1.00000051402, 66.7510756255, 44215.273574
1.67548791803, 1.04721973361, 1.47235707373, 0.998343335622, 2.83000054335, 0.908177073194, 4.24357964389, 1.26000061937, 1.14000046138, 3.14894274938, 3.05331834164, 0.927486834202, 3.04000072245, 1.02362395206, 1.01753370843, 1.00000075614, 1.00000081115, 1.07744218216, 3.81573971369, 0.995399690381, 1.00000001383, 108.063022136, 0.956067154488, 4.86210141183, 0.973958755483, 3.29000037057, 1.0000003407, 42.6902058051, 9514.67671163
2.61222200232, 1.12822864785, 1.38167303463, 0.890013743358, 2.83000098778, 0.917789241206, 4.67767878623, 1.26000084193, 1.14000075134, 3.58705840166, 2.39701752761, 0.90874051985, 3.04000093033, 1.07652414863, 0.786986540075, 1.00000080011, 1.00000049339, 1.04706467661, 9.9649510098, 0.922325384199, 1.00000086898, 111.935403496, 0.890371028149, 5.1578136587, 0.955264350308, 3.29000050673, 1.00000048989, 29.2803527093, 4709.02844347
3.29854151122, 1.08051621727, 1.40021681179, 0.953498290057, 2.83000096416, 0.925122114366, 2.46462916667, 1.26000078082, 1.1400002992, 3.09708201236, 1.86071890518, 0.894132054342, 3.04000061969, 1.10058299012, 1.07577883768, 1.00000060163, 1.00000078786, 1.07274125093, 6.57364068464, 0.928867359748, 1.000000307, 116.145595266, 1.06439186033, 5.47740446672, 0.950654766119, 3.29000035889, 1.0000006996, 33.0406630429, 37217.2760436
1.15388382353, 1.12565219198, 1.48035989383, 0.953854274956, 2.83000029191, 0.862314182814, 2.9745900111, 1.26000022032, 1.14000031315, 2.03152260765, 2.42881120173, 0.927579303518, 3.04000054367, 1.09438684259, 0.783149726857, 1.00000044026, 1.00000027397, 1.08833614702, 8.51611641683, 0.914446678085, 1.00000083491, 80.593660697, 0.957304849537, 5.87611043534, 0.970825888079, 3.29000033425, 1.00000092703, 38.1118018115, 15074.4257463
5.03364610249, 1.12841994836, 1.54785792169, 0.898930732559, 2.83000010083, 1.13540032263, 5.33578602067, 1.26000015953, 1.14000039307, 3.61269025265, 2.95964764474, 0.935646959436, 3.04000017528, 1.03490818376, 0.956986048622, 1.00000010678, 1.00000032351, 1.08938310841, 6.27536334116, 0.950094908963, 1.00000076686, 98.4728505275, 1.04895566114, 4.44851473899, 0.972175600633, 3.29000045298, 1.00000026568, 48.7135368564, 67623.098891
1.22480347984, 1.07948757875, 1.66327960233, 0.844531311461, 2.83000081963, 0.886149843147, 2.81052401235, 1.2600003422, 1.14000001168, 2.79312995986, 2.523035222, 0.916525199338, 3.0400003633, 1.04068753423, 0.880918310364, 1.00000074189, 1.00000093395, 1.10596012901, 3.89398889824, 0.989081675193, 1.00000086773, 91.4694679625, 0.931261216981, 4.15091157157, 1.01480663202, 3.29000095289, 1.00000043928, 31.8477676448, 96996.9078111
3.20908126778, 1.11180374719, 1.59649135285, 0.936488465014, 2.83000031695, 1.05996542799, 4.40868593265, 1.26000009562, 1.14000093696, 3.50040883326, 2.05013819908, 0.890339326114, 3.04000064407, 1.06391889191, 0.837525288127, 1.00000026458, 1.00000092129, 1.07052315624, 4.70908986166, 0.958710043791, 1.00000069824, 91.3821745156, 0.999663835575, 5.93220257409, 0.991081498918, 3.29000058488, 1.00000096437, 34.1902800847, 32384.0542235
2.55239294909, 1.04319901974, 1.64469225894, 0.855623759372, 2.83000080971, 0.867839272723, 1.6790881935, 1.2600000061, 1.14000017074, 2.30991667194, 2.80323187807, 0.895839670209, 3.04000042565, 1.03665270361, 0.846800652072, 1.00000060283, 1.00000023906, 1.0921580297, 8.28212018228, 0.978064914637, 1.00000093216, 93.3724724199, 1.08583666314, 5.94223087261, 0.95831724371, 3.2900002077, 1.00000006989, 29.6802625293, 9568.79388673
4.77838206404, 1.11410550926, 1.69256048856, 0.873147619959, 2.83000046497, 1.01614732109, 1.00298932952, 1.2600005543, 1.14000085157, 2.74145055621, 2.23493201836, 0.891681721943, 3.04000042149, 1.05987574863, 0.896665545976, 1.00000019739, 1.00000050707, 1.10372483054, 5.54937642127, 0.954431545322, 1.00000030593, 88.5608205746, 1.0689470369, 4.66440211204, 0.951009809867, 3.29000005814, 1.00000081239, 37.1366853017, 27645.3849067
4.37141732864, 1.09905139724, 1.69382339052, 0.803653600453, 2.83000090083, 0.962037740816, 4.316520845, 1.26000094786, 1.14000071184, 3.44056761517, 2.6186546769, 0.932621434277, 3.04000077805, 1.05783885236, 0.810169217306, 1.00000080213, 1.00000081808, 1.061008695, 5.36062739712, 0.950087817123, 1.0000006332, 97.5020915919, 1.07228250904, 5.31670072541, 0.971856441214, 3.29000076291, 1.00000066955, 48.3675059631, 1470.0028611
1.01446022424, 1.05609721323, 1.41597422076, 0.920385687989, 2.83000055671, 1.01627242977, 5.10856576685, 1.26000086186, 1.14000013659, 3.64927644959, 2.02743904421, 0.887933347, 3.0400005567, 1.10025994466, 0.799123756148, 1.00000001959, 1.00000064963, 1.10353034077, 3.09532056177, 0.959082781565, 1.000000274, 103.423217848, 0.995553253131, 5.8921682437, 1.00244100741, 3.29000010965, 1.00000025874, 69.5188951919, 22402.8975118
3.91175930086, 1.08432662496, 1.5941832098, 0.973091953742, 2.83000098871, 0.910453273119, 3.70325672465, 1.26000066665, 1.14000070125, 3.39308606965, 2.87621798517, 0.888647266275, 3.04000031888, 1.10579618308, 0.844874916407, 1.00000069952, 1.00000019772, 1.09714584735, 7.64133255395, 0.917760082475, 1.00000025874, 81.5484075608, 0.976706471489, 4.86252731307, 0.959445658824, 3.29000077218, 1.0000005059, 38.8137253711, 15337.3004617
2.77085993623, 1.02215068346, 1.54575247075, 0.929369969381, 2.83000094088, 0.909056858863, 4.9179184488, 1.26000015898, 1.14000028432, 3.55879872324, 2.36948383767, 0.944140774799, 3.04000042812, 1.08729591844, 0.9265721576, 1.00000041907, 1.00000078228, 1.1088523565, 4.92674424181, 0.924957630611, 1.00000069036, 95.9466985882, 1.01622946752, 4.88420895384, 0.95241827752, 3.2900001771, 1.00000043821, 38.6153436306, 29667.7027997
