5.94118879337, 1.08190462872, 1.47247541523, 0.917873538959, 2.83000000201, 0.907691479501, 5.64088045631, 1.26000067289, 1.14000096437, 2.86589893549, 2.40897494834, 1.08194974413, 3.04000097416, 1.04801473672, 0.909028521008, 1.00000065886, 1.00000013108, 1.06767197517, 5.32173311985, 0.998933075341, 1.00000058436, 103.532783325, 0.851440238696, 5.91303271109, 0.956367981139, 3.29000037576, 1.0000006129, 1406.03305109, 44.3076510771
5.78181193153, 1.07298373162, 1.59941751513, 0.934379426882, 2.83000006777, 1.10499541677, 2.29239722026, 1.2600001342, 1.14000071065, 2.13546400124, 2.17243039728, 1.04710940379, 3.04000075959, 1.0641610115, 0.842889162964, 1.00000002538, 1.00000056536, 1.0802662733, 3.00533900689, 0.993306512701, 1.00000073491, 122.932977053, 0.84675655636, 3.4949047479, 0.953628416191, 3.29000006033, 1.00000047369, 2181.43972679, 26.4888403696
5.8778318931, 1.09081114836, 1.34772571838, 0.999064016026, 2.83000083441, 0.934552970546, 2.95969725305, 1.26000020572, 1.14000028916, 3.02579443106, 1.8406677744, 0.973082469423, 3.04000098599, 1.07559564916, 0.780346793571, 1.00000041835, 1.00000075458, 1.09311853491, 6.9176984393, 0.986133429232, 1.0000009605, 104.739040208, 0.917919921274, 5.17644838884, 0.987523471299, 3.29000063309, 1.00000086019, 3587.8447458, 37.8848870253
5.72007909878, 1.09434243033, 1.42913029599, 0.904042761438, 2.83000092459, 1.01826279328, 5.67499194784, 1.26000001724, 1.14000055004, 2.55948660564, 2.85994179619, 1.09309861559, 3.04000023977, 1.04014630471, 0.813381856121, 1.00000044481, 1.0000004692, 1.04044941825, 8.52539654847, 0.945658984844, 1.00000002477, 85.6646468208, 0.893739142409, 5.9137805036, 0.993333377978, 3.29000012563, 1.0000003307, 6325.9882516, 42.839682425
5.98986253445, 1.08879735846, 1.4257749473, 0.954399272446, 2.83000031399, 1.03838106724, 5.09206522043, 1.26000021835, 1.14000077532, 2.73807932192, 2.27713718744, 0.933893156839, 3.04000078584, 1.08372193963, 0.859761532147, 1.00000077335, 1.0000007968, 1.05015740505, 7.49646993763, 0.967962075219, 1.00000005318, 116.099542509, 0.843037603239, 4.96937821764, 0.971046552357, 3.29000016687, 1.00000015134, 870.280223751, 28.4824473287
4.89647510911, 1.09329448668, 1.45363955874, 0.989238649829, 2.83000015165, 0.912405424252, 5.36275583629, 1.2600001728, 1.14000090251, 3.48257979027, 1.79645718425, 1.02874612149, 3.04000077289, 1.06719557266, 0.805044335795, 1.00000020267, 1.00000009625, 1.09835969807, 5.1037537651, 0.9542396767, 1.00000063214, 115.351649631, 0.948689767296, 5.45762003804, 1.00517067838, 3.29000089957, 1.00000054168, 3348.6387482, 46.5294946434
5.21995659808, 1.12124087875, 1.41230131962, 0.923649438387, 2.83000027182, 1.11004725417, 4.82786482072, 1.26000029323, 1.14000087919, 3.19592969148, 2.19469348794, 1.01996834497, 3.04000091508, 1.10059964451, 1.06922122858, 1.0000007673, 1.00000087572, 1.08879328173, 6.26732748173, 0.984509028127, 1.00000026875, 81.7947669367, 0.844608909343, 5.27942761325, 0.998628280558, 3.29000048884, 1.00000020778, 3232.70960911, 31.554512564
3.29085914426, 1.03395559727, 1.73812483127, 0.933102041649, 2.83000081942, 1.18615652852, 4.08600183752, 1.26000018225, 1.14000034638, 3.08044347699, 2.48013725302, 1.0843454944, 3.04000068331, 1.00043675414, 0.889192060188, 1.00000093897, 1.00000037806, 1.07162011216, 7.41608192484, 0.995299799152, 1.00000030264, 79.1994271375, 0.902274401635, 5.58043716781, 1.01713989301, 3.29000020996, 1.00000066433, 587.007741107, 33.1428668623
5.9040215117, 1.07196435669, 1.51691468388, 0.976884970847, 2.83000097545, 1.04714233482, 2.81703932007, 1.2600008485, 1.14000096095, 1.6420165028, 2.4196300865, 1.09209924078, 3.0400006089, 1.01210487515, 0.934199511095, 1.00000054135, 1.0000002859, 1.09612007369, 7.31048095627, 0.969613149232, 1.00000033987, 78.8523878939, 1.01004936954, 5.46210945642, 1.00808386796, 3.29000001467, 1.00000048677, 4391.94613856, 35.1271729065
4.30782821512, 1.038544657, 1.64952092262, 0.950796936098, 2.83000041572, 1.18633754187, 2.27737405516, 1.26000054461, 1.14000033695, 2.7957766844, 2.41088883867, 1.08166867499, 3.04000095256, 1.03362751038, 0.875381897803, 1.0000009314, 1.00000026593, 1.0456614219, 4.38756738431, 0.977173221659, 1.00000081169, 107.553233292, 0.853615702872, 5.60317412894, 1.0506744753, 3.29000024801, 1.00000041525, 2441.69073006, 34.1844161409
4.82292297616, 1.09855577592, 1.56810160507, 0.922610486751, 2.83000034099, 0.928787208308, 2.8168166833, 1.26000030182, 1.14000048873, 3.17998654941, 2.40568385496, 1.0268222676, 3.04000099765, 1.08419141276, 0.880558317763, 1.00000047709, 1.00000092295, 1.06806394044, 5.62155328269, 0.977829830785, 1.0000000634, 116.263402079, 0.958272641853, 5.64628102683, 1.00981889432, 3.29000025645, 1.00000073663, 3387.64967188, 65.2412255632
5.95533207785, 1.08072504824, 1.66245518155, 0.990619712501, 2.83000071738, 1.18850423191, 3.07873452673, 1.26000026737, 1.14000060786, 2.22055395054, 2.6514025544, 1.06994547959, 3.04000074243, 1.01076141738, 0.857965566449, 1.00000075836, 1.00000029521, 1.05545205549, 4.94041460549, 0.974074934721, 1.00000007509, 90.8897011893, 0.922355779319, 5.86900939198, 1.02456803541, 3.29000047191, 1.00000008631, 2489.75695245, 56.0450467244
5.76340312086, 1.04673113935, 1.60991578069, 0.975450299456, 2.83000003566, 1.13145886362, 4.54617187399, 1.26000012433, 1.14000041197, 1.46238141427, 2.89250557929, 1.06635551272, 3.04000066328, 1.03236901363, 0.934038736763, 1.00000002306, 1.00000084894, 1.0964867545, 9.14745965241, 0.994215376837, 1.00000028629, 115.025527382, 0.866511040466, 3.72369194472, 1.01007996327, 3.29000064934, 1.00000032094, 163.975605497, 23.9236168721
5.95989819472, 1.0652770235, 1.48957511437, 0.973484213153, 2.83000031645, 1.12954124451, 2.3186746461, 1.26000017889, 1.14000073435, 1.83508878508, 1.76782628267, 0.98919993229, 3.04000007075, 1.10691851052, 0.883365794311, 1.0000009331, 1.00000088333, 1.10817281976, 3.20875532139, 0.96572294368, 1.00000070071, 108.981506409, 0.912711699474, 5.97999205888, 0.991930262808, 3.29000034342, 1.0000003296, 2049.32151983, 31.4782846268
4.2183770329, 1.11688997634, 1.57310623437, 0.976569102785, 2.8300003817, 1.05879175594, 3.90578202747, 1.26000069086, 1.14000077144, 3.55418824484, 2.7115332074, 0.902222693279, 3.04000054293, 1.08019668427, 0.799003532432, 1.00000049332, 1.00000091988, 1.07018054794, 6.55993955051, 0.99771269596, 1.00000009445, 105.890489518, 0.850277624419, 1.38000761514, 0.953133966905, 3.29000053435, 1.00000047123, 1375.36750288, 45.1911456078
5.60809318074, 1.13438547414, 1.73255956901, 0.92865818983, 2.83000001933, 0.946456525418, 5.16487546099, 1.26000044795, 1.14000076597, 3.51036938182, 2.42992833879, 1.0280796526, 3.04000023048, 1.00176898672, 0.990475093721, 1.00000070256, 1.00000055883, 1.09825858177, 3.97145557931, 0.969146040243, 1.00000003219, 92.0771452776, 1.00792747305, 3.6358102273, 1.04026935695, 3.29000007098, 1.00000058835, 1222.85198843, 25.0006932398
5.92392689469, 1.06113190322, 1.67446975907, 0.847584453173, 2.83000028146, 1.10755439317, 5.76121702875, 1.26000010774, 1.14000073036, 3.70110670939, 3.02962559825, 1.03851671531, 3.04000052407, 1.11795490555, 1.01087250989, 1.00000089732, 1.00000098073, 1.0569767417, 8.75353951301, 0.996851383957, 1.00000057413, 124.488198394, 0.868639431465, 4.5574623955, 0.977653301567, 3.2900002961, 1.00000024077, 1009.90807237, 24.023905376
4.38267524773, 1.1322984996, 1.39850106068, 0.959178909968, 2.8300006588, 1.15978989319, 5.65342709121, 1.26000076424, 1.14000058542, 1.47127641139, 2.41120762953, 1.02109413303, 3.04000053517, 1.05088688385, 0.783125644721, 1.00000024796, 1.00000031863, 1.07330176407, 8.47072353071, 0.939629568101, 1.00000002317, 91.7144082743, 0.871193218686, 5.37629867495, 0.996853275562, 3.29000040721, 1.00000061297, 10917.0557865, 51.9803417333
4.91905697967, 1.12914512067, 1.59175463602, 0.906575349334, 2.830000986, 0.936730057564, 2.50424171699, 1.26000093643, 1.14000059771, 2.27081454578, 2.79019869045, 1.08843006416, 3.04000064008, 1.10004873068, 0.878438366875, 1.0000006868, 1.00000071075, 1.10304124021, 6.45844533569, 0.987834358275, 1.00000010516, 100.969589836, 0.975483718604, 3.28120745993, 0.992877997855, 3.29000075785, 1.00000010168, 2290.68770272, 52.4394806788
3.40482903825, 1.0110943929, 1.6040480968, 0.928263557126, 2.83000034154, 1.12060831353, 3.9200880818, 1.26000024365, 1.14000073497, 3.18464204118, 1.75453236689, 1.07461654261, 3.04000088389, 1.02876738094, 0.950860717856, 1.00000045572, 1.00000050645, 1.07853112507, 6.4886722317, 0.944679124655, 1.00000074629, 118.014782353, 0.941891493496, 5.23966993881, 1.02411257584, 3.29000045705, 1.00000054212, 3021.74151247, 35.4023554845
4.70128318954, 1.00425018243, 1.59387037718, 0.966534050575, 2.83000043282, 1.0576214373, 2.08321757755, 1.26000009204, 1.14000053892, 3.44970298261, 1.73842671872, 1.05816210753, 3.04000086183, 1.05270608659, 0.889692780063, 1.00000008077, 1.00000036838, 1.10760114826, 7.46155452048, 0.954844921071, 1.00000046677, 108.67628147, 1.01337645809, 1.53499767867, 0.95869025944, 3.29000017475, 1.000000067, 861.641657815, 42.4959782472
4.62634773263, 1.03292243159, 1.71265250457, 0.953323915201, 2.83000025711, 1.18686067898, 5.86361925, 1.26000010327, 1.14000052988, 3.13203495615, 2.94992374298, 0.97887070003, 3.04000053596, 1.00387853041, 0.941200505668, 1.00000033249, 1.00000007286, 1.09919691195, 5.16507110721, 0.915067920034, 1.00000065766, 96.9536529598, 0.855543143089, 5.99334068046, 0.989912882142, 3.290000431, 1.00000004031, 1015.46100082, 30.1482890098
4.03839873718, 1.10898449384, 1.34012919938, 0.975291438355, 2.83000091597, 1.12576960962, 5.92454767678, 1.2600007834, 1.14000026979, 2.54863957662, 2.16347516515, 1.07370350919, 3.04000076061, 1.07755846782, 1.07440249086, 1.00000000331, 1.00000057179, 1.04685116402, 6.38909095617, 0.963001568621, 1.00000042621, 121.50164579, 0.848338034241, 5.75234320339, 1.05531949809, 3.2900004605, 1.00000001591, 1196.20931875, 32.4811348205
5.4278479053, 1.12116306995, 1.65987923173, 0.890453511648, 2.83000033208, 1.13342491811, 3.56021549678, 1.26000012358, 1.14000014298, 3.48097670152, 1.9400932098, 1.07902039908, 3.04000045009, 1.05154394417, 0.787183362859, 1.00000014725, 1.00000004314, 1.04905427657, 9.71995402453, 0.959858660944, 1.00000091862, 91.4854290528, 0.932903665598, 3.82441108608, 1.00724646494, 3.29000012962, 1.00000023896, 2219.6194255, 52.4313300706
5.13956257703, 1.13932406911, 1.61091727218, 0.929871716345, 2.8300003281, 0.965651010566, 5.01610274795, 1.26000008176, 1.14000087261, 3.20679291627, 2.62317767678, 1.06606705857, 3.04000007772, 1.117755562, 0.928566250476, 1.00000071246, 1.00000056426, 1.06609685341, 8.24584333036, 0.977670082275, 1.00000021224, 80.8843588385, 0.97590845943, 5.34297325693, 1.00186723216, 3.29000067163, 1.00000043783, 1152.2414526, 40.8908113927
5.70640813791, 1.03658069106, 1.57145156811, 0.990866553895, 2.83000010988, 1.16439362701, 4.59642527839, 1.26000058723, 1.14000019928, 3.4569779799, 2.20541521127, 0.904892528064, 3.04000040477, 1.10143035765, 1.05125874232, 1.0000008043, 1.0000009925, 1.02727680892, 4.46831326005, 0.979645756278, 1.00000094056, 121.579769969, 0.877399811504, 5.08139842195, 1.0059089265, 3.29000003565, 1.00000071756, 2146.85285507, 38.173988348
5.07742024566, 1.11398325348, 1.68376872643, 0.945432732131, 2.83000052448, 1.17505269104, 4.68706662856, 1.26000025227, 1.14000061216, 3.59210238396, 2.37315005236, 0.957273060668, 3.04000002438, 1.03870291392, 0.954927904132, 1.00000086678, 1.00000049601, 1.09408831073, 6.34186167294, 0.971729403315, 1.00000017773, 91.4374792102, 0.857079056749, 4.69404056302, 0.988046245524, 3.29000084476, 1.00000004234, 2358.62468818, 56.3187608498
4.62264772889, 1.01079028527, 1.56856938623, 0.884244319335, 2.83000096966, 1.12375368133, 1.09439227995, 1.26000088199, 1.14000092168, 3.66322878021, 1.87606817076, 1.09334176741, 3.04000055146, 1.03922397861, 0.791332595824, 1.00000036579, 1.00000097872, 1.09607428801, 8.7465288835, 0.94283336132, 1.0000003365, 77.1339485166, 0.934928136999, 4.51941181671, 0.994424252175, 3.29000083495, 1.00000075182, 2806.66217424, 39.9801169535
4.38593023193, 1.04113201947, 1.63599960045, 0.996159327641, 2.83000076141, 1.09136444636, 2.81019199534, 1.26000058482, 1.14000088504, 3.38009078131, 2.97841683095, 1.09795821419, 3.04000057587, 1.05074151332, 1.00830196082, 1.00000035548, 1.0000002516, 1.09779310828, 5.79782355554, 0.990451137201, 1.00000099264, 113.403693795, 0.901948091295, 4.75168554492, 1.03281355574, 3.2900003434, 1.00000007493, 2551.82001419, 52.5245688895
4.62312463365, 1.02939396919, 1.44907501755, 0.965645956361, 2.83000015591, 1.12021706194, 5.51691793728, 1.26000048227, 1.14000057289, 2.87000116147, 3.0800400921, 1.09602416804, 3.04000074096, 1.06260810113, 1.06052875791, 1.00000008326, 1.00000077883, 1.08942186992, 8.83341950276, 0.956817432434, 1.0000008472, 84.8662519071, 0.892624708771, 4.6935288989, 1.02739490786, 3.29000031598, 1.00000079931, 2735.94629733, 39.9123222758
5.35341452098, 1.08105710882, 1.46169664061, 0.967773725616, 2.83000048305, 0.975298110206, 2.04055291775, 1.26000035001, 1.14000078261, 2.58965811597, 2.71963614125, 1.08595459415, 3.04000040064, 1.1095045156, 0.968355952827, 1.00000013152, 1.00000091101, 1.05181670779, 6.74079709196, 0.970467057315, 1.00000032324, 105.187295851, 0.957976117067, 5.9399895344, 1.0336965993, 3.29000072087, 1.00000092792, 5983.97205119, 42.6556633914
4.7164390743, 1.01330396861, 1.70767900852, 0.896207877441, 2.83000086731, 1.17641737815, 3.99073434709, 1.26000041845, 1.14000099429, 3.28995187773, 2.88528500882, 0.897830711752, 3.04000087551, 1.04356956578, 1.07001106187, 1.00000060298, 1.00000093284, 1.09812022614, 6.4738190675, 0.996621993568, 1.00000059849, 81.6745175606, 0.884121507898, 2.10815348779, 0.985495407827, 3.29000066299, 1.00000057114, 400.187275314, 19.2339015045
5.83719390207, 1.13400864275, 1.72782748665, 0.901745418845, 2.83000042992, 1.07369358907, 2.90219971953, 1.26000026377, 1.140000116, 2.91469710289, 2.42072183418, 1.04345981226, 3.04000048149, 1.03052554722, 0.817883762561, 1.00000062853, 1.00000021664, 1.10621767664, 6.61919496465, 0.977016647138, 1.00000086801, 89.0832915468, 0.932995264882, 4.91956832942, 1.05290788968, 3.29000097074, 1.00000095784, 641.908488242, 36.9634080841
4.41578883143, 1.1080728179, 1.43934402215, 0.998214639651, 2.83000028016, 1.11871357709, 3.12869428812, 1.2600007799, 1.14000094281, 3.00633585833, 3.08898301315, 1.00646830498, 3.04000045951, 1.0016168114, 0.925624774139, 1.00000052464, 1.00000003831, 1.10035634625, 8.43245340138, 0.980977850969, 1.00000012084, 83.0605546274, 0.855750337524, 3.91988049414, 1.04263679218, 3.29000070226, 1.00000088369, 273.027298462, 13.9686617715
3.36019378546, 1.12009838443, 1.52444409729, 0.890180304433, 2.83000031874, 1.15292980376, 4.31554073968, 1.2600004118, 1.14000016619, 3.02185013284, 2.00346619294, 1.06987137906, 3.04000043172, 1.10456039049, 0.822826901612, 1.00000041423, 1.00000099869, 1.09856437738, 3.9783311149, 0.947011555845, 1.00000040601, 119.820762921, 0.915840261247, 5.41690853729, 0.99082485787, 3.29000055831, 1.00000083672, 1109.72081865, 22.3042725679
5.79620776125, 1.10810570991, 1.52196533068, 0.987581390672, 2.83000037583, 1.17371012066, 3.2964533151, 1.26000008287, 1.14000078731, 3.46406108404, 2.74024738228, 1.09546978366, 3.04000009926, 1.04818945394, 0.937899541052, 1.0000003797, 1.00000010414, 1.03501827169, 9.72919830781, 0.994568708153, 1.00000078452, 97.4079533981, 0.911245034018, 4.673229737, 1.03889999433, 3.29000007247, 1.00000018777, 2118.14996131, 31.00889045
4.89628235496, 1.12937033962, 1.61989853702, 0.967095649596, 2.83000051256, 1.18348325736, 5.43561645568, 1.26000091882, 1.14000011574, 3.26589407699, 2.6129811298, 0.915090770076, 3.0400001321, 1.04315700699, 0.977220524389, 1.00000075863, 1.00000085834, 1.08385939283, 3.25260454818, 0.982426351516, 1.00000011303, 101.47700808, 0.876967320477, 3.22983246555, 1.00290859607, 3.29000035099, 1.00000091992, 1064.44375516, 30.3945633617
5.67536775771, 1.06092546165, 1.65672584058, 0.811510214325, 2.83000071859, 1.14263768782, 2.33991052262, 1.26000082244, 1.14000009191, 3.26466782516, 3.00669456281, 1.08547604194, 3.04000082479, 1.05875706552, 1.05830018817, 1.00000043085, 1.00000025389, 1.08273050204, 6.14962999202, 0.942547496877, 1.0000007712, 98.2881962324, 0.876823778263, 4.83695392185, 1.02518943452, 3.29000010458, 1.00000041612, 1925.46218665, 35.5214330954
5.91179117866, 1.1159099248, 1.69372216851, 0.865828853736, 2.83000083923, 1.17566154398, 3.53595328479, 1.26000032844, 1.1400005896, 3.65297000476, 2.2873270168, 1.06442209193, 3.04000058474, 1.08749644878, 0.978733765887, 1.0000009658, 1.00000061771, 1.0839261076, 6.88179236076, 0.993434986747, 1.00000092807, 95.4460582864, 0.855417675587, 1.91519480636, 1.03722993669, 3.29000053357, 1.00000059798, 17899.528194, 54.3722783825
5.82873055259, 1.09362627758, 1.67141853093, 0.936538478905, 2.83000092982, 1.18072233969, 4.80627005134, 1.26000026343, 1.14000013911, 2.63635858661, 2.76122461088, 0.979190403534, 3.04000071007, 1.09084245731, 0.867502748827, 1.0000001592, 1.00000013384, 1.01358865891, 6.59692420695, 0.93923495912, 1.00000090592, 108.508150127, 0.879179579621, 5.80929158468, 1.01612072707, 3.29000009838, 1.00000053114, 1094.74730293, 30.1615992591
5.72308839313, 1.13894252788, 1.60105837492, 0.964182007108, 2.83000065944, 1.1162072974, 4.11680194333, 1.2600002796, 1.14000031017, 3.19027521621, 2.68624327307, 1.0919571823, 3.04000020439, 1.04711395011, 0.919152562804, 1.00000074337, 1.00000088313, 1.03937302393, 6.50070129104, 0.962007417258, 1.00000030666, 103.037250528, 1.02203519924, 5.39420611492, 0.999236023512, 3.29000031622, 1.0000003082, 219.558312666, 25.8571625436
4.21412285855, 1.13678515589, 1.61883417211, 0.999010562875, 2.83000087853, 1.02806940638, 2.09360702692, 1.26000077397, 1.14000025189, 3.38539524107, 3.05654806433, 1.03615604891, 3.04000087061, 1.07097597673, 0.88536588178, 1.00000014278, 1.00000016445, 1.0960985058, 9.69847056087, 0.994859528771, 1.00000074226, 122.881529034, 0.980986410771, 5.68186713052, 0.953011168104, 3.29000012476, 1.00000055016, 3243.23332904, 54.7541582172
5.8780167534, 1.13275559839, 1.43770361389, 0.939177029045, 2.83000053547, 1.18877096159, 2.73373936555, 1.26000040252, 1.14000027866, 3.71098645446, 2.63553486861, 0.99445257042, 3.04000091287, 1.06405491543, 0.863606858928, 1.00000029387, 1.00000032533, 1.01524005019, 7.42417356794, 0.979847655134, 1.00000047144, 89.1080063738, 0.919239982281, 4.54951658461, 1.04066904408, 3.29000084959, 1.00000094264, 182.377857204, 24.5222146299
3.7219558095, 1.13888518172, 1.42928663787, 0.966744531735, 2.83000015187, 1.13972140978, 4.66927506514, 1.26000055915, 1.14000014087, 3.11636224814, 2.7667526994, 0.971553842495, 3.04000094273, 1.04305741577, 0.821000972974, 1.00000097119, 1.00000014795, 1.04822593074, 8.27399649163, 0.936682440181, 1.0000006016, 103.405332987, 0.853332284949, 3.74913400631, 1.02666895923, 3.29000015322, 1.00000029478, 50.099974851, 8.80341523542
4.90958539821, 1.10678050349, 1.38964447828, 0.985098521766, 2.83000014198, 1.09124379052, 1.03065247905, 1.26000076214, 1.14000099676, 3.19855532264, 2.86225964556, 0.984565368357, 3.04000097826, 1.11257517538, 0.814565371217, 1.00000048535, 1.00000085516, 1.10223006882, 8.38594801419, 0.925486842662, 1.00000062751, 94.6524397009, 0.844056380066, 5.22063448716, 0.95597108615, 3.29000046201, 1.00000050402, 1872.16760867, 29.9905706523
5.57720588537, 1.11543036231, 1.46222298435, 0.947887285241, 2.83000026135, 1.169480417, 4.97948843755, 1.26000055389, 1.1400007933, 2.73216653115, 2.7890695306, 0.966999971215, 3.04000037127, 1.06429050142, 1.04431199824, 1.00000046259, 1.00000038233, 1.06287285732, 8.92716853195, 0.97220125976, 1.00000054817, 96.0660586019, 0.878605312685, 5.71866261902, 1.03248622526, 3.29000007301, 1.00000098413, 5455.06384646, 51.2653164003
5.74203731874, 1.09633729967, 1.73237894899, 0.907512459721, 2.83000038082, 1.05039688225, 5.8451581297, 1.26000079107, 1.14000020729, 3.36625900949, 3.02773665572, 0.927876490109, 3.04000085001, 1.06268794697, 0.851999423117, 1.00000063526, 1.00000096999, 1.0438497733, 5.89953030403, 0.959570169768, 1.00000012614, 111.081217986, 0.895069117511, 5.13473782186, 1.06066583275, 3.29000046535, 1.00000097941, 7742.47141704, 40.2184407338
4.6998581902, 1.12679833322, 1.73735093096, 0.998805095481, 2.83000017202, 1.15027068909, 4.38551912933, 1.26000006812, 1.14000090846, 2.69060568385, 1.89463109919, 1.05943164124, 3.04000073945, 1.10755751861, 0.977473675516, 1.00000009261, 1.00000009789, 1.09786235462, 9.48416177626, 0.926016830033, 1.0000008291, 89.6947040193, 0.856949534252, 4.40465468596, 0.965270716697, 3.29000098429, 1.00000035749, 3068.91203317, 41.2304240455
4.49067507066, 1.12050168092, 1.52858386529, 0.971720374765, 2.83000076365, 1.08279792827, 3.26660513402, 1.26000089812, 1.14000083949, 2.8635817978, 3.04707978403, 1.01462548405, 3.04000049676, 1.0781164942, 0.876658379925, 1.00000050733, 1.00000034836, 1.05428947716, 3.13869069046, 0.940966095166, 1.00000004798, 106.3696565, 0.889140571255, 5.72673156765, 1.04879992321, 3.29000046532, 1.00000043539, 1863.22664732, 25.7778571705
3.58801579875, 1.10657004033, 1.46790067416, 0.966218712423, 2.83000012716, 1.07540729585, 5.2922474976, 1.2600005038, 1.14000007853, 2.98899307064, 2.83800050792, 0.993624238978, 3.04000068914, 1.03574235649, 0.823987029446, 1.00000003909, 1.00000050602, 1.09198974683, 9.94301966223, 0.97444742899, 1.00000087671, 75.1857021055, 0.995870807102, 5.23794012557, 1.03409376556, 3.29000024982, 1.00000051302, 1194.81692209, 44.591520343
5.49256486743, 1.09865847804, 1.39001871948, 0.973768484006, 2.83000048773, 1.0808674696, 1.57493684431, 1.26000081288, 1.14000094192, 3.11956217801, 2.98162682, 1.07579202329, 3.04000047791, 1.11017012189, 1.08187787888, 1.000000224, 1.00000067535, 1.02955024459, 7.78487880435, 0.978820521685, 1.0000009496, 101.031130987, 0.858340097706, 5.19745731009, 1.06266121899, 3.29000045887, 1.00000079215, 6283.69172378, 36.9229977651
5.02402272445, 1.02936081579, 1.73857947878, 0.972926032309, 2.83000081083, 1.15742436566, 5.46662115479, 1.26000078888, 1.14000010678, 3.47398970332, 2.51684948876, 0.941373028011, 3.04000068368, 1.00773225236, 0.847306450081, 1.00000013747, 1.00000040061, 1.07004414438, 4.69453330304, 0.913389549164, 1.00000090874, 111.768459626, 0.917382956078, 4.19556854027, 1.00730264669, 3.2900009075, 1.00000081831, 5304.98385162, 42.4419901856
3.7183499786, 1.12525669115, 1.58061653231, 0.933686438061, 2.83000060908, 1.11851636084, 5.61192718394, 1.26000017732, 1.14000017445, 3.70363427339, 2.69284465898, 0.9514878095, 3.04000085405, 1.08381319606, 0.9071099334, 1.00000086107, 1.00000075406, 1.09828320071, 4.97899082788, 0.976196400343, 1.00000069603, 80.8629465182, 1.04117568666, 4.42782970033, 0.977710415628, 3.29000080713, 1.00000018437, 75.0926017456, 11.7638688046
4.46848021616, 1.09422383553, 1.69769563646, 0.985594686292, 2.83000086663, 1.17745931442, 1.53441010927, 1.26000026445, 1.1400000866, 3.13408846425, 1.9514744512, 1.07240104699, 3.04000018164, 1.07425288275, 0.974618432773, 1.00000066661, 1.00000034946, 1.10032574896, 5.58438005392, 0.94244448643, 1.00000084892, 85.4340859229, 0.869830313013, 1.10530846512, 0.983609085498, 3.29000038473, 1.00000011655, 4638.41882609, 40.9132866629
4.56281881653, 1.13527018989, 1.49981122594, 0.953636128226, 2.83000040931, 1.17544423639, 5.7495568625, 1.26000092125, 1.14000048356, 2.04540100075, 3.02461917808, 1.03302828827, 3.0400005606, 1.06097309639, 0.901395750424, 1.00000013212, 1.00000031158, 1.07924801866, 7.38415670891, 0.964215105423, 1.00000081925, 80.728440403, 0.909928030346, 5.41825297731, 1.06076182012, 3.29000074707, 1.00000091458, 47.764752982, 8.71439576824
5.11455532444, 1.13081468727, 1.54568905707, 0.936773916354, 2.83000054077, 1.16307065697, 5.10483646399, 1.26000038905, 1.14000000871, 2.06451082586, 2.23925003425, 1.0664025715, 3.04000041414, 1.05349963582, 0.83992201328, 1.00000077165, 1.00000006365, 1.08674696347, 7.10232407627, 0.915261805727, 1.00000006259, 101.438226411, 0.988922917167, 5.88014377719, 1.00804920775, 3.29000079826, 1.00000039952, 391.466650416, 23.41705835
5.07809758976, 1.1164954251, 1.59551085383, 0.987626084357, 2.83000003502, 1.16836422783, 2.68027623602, 1.26000089997, 1.14000072059, 3.66730025547, 1.64596531857, 1.0322139265, 3.0400002087, 1.06860589579, 0.824570232894, 1.00000057108, 1.0000000331, 1.10474261925, 8.30457034936, 0.953150456049, 1.00000077088, 118.697965365, 0.859623009525, 4.38603268814, 1.02695351767, 3.29000024447, 1.00000064273, 1977.34756315, 30.5950418918
5.87761382198, 1.09630601854, 1.62507813604, 0.981235120694, 2.83000048938, 1.12562462025, 3.63279124654, 1.26000072304, 1.14000038801, 1.7999875881, 2.44963546014, 0.92759425036, 3.04000092449, 1.11525277271, 0.965634331266, 1.00000029226, 1.00000075299, 1.0663125753, 5.0214060201, 0.949699514625, 1.00000050396, 115.174705836, 0.93179195657, 2.63692463296, 0.985711212805, 3.29000065985, 1.00000019628, 2096.3229929, 28.1321467944
5.81696619499, 1.02160722593, 1.59471235753, 0.993331064188, 2.8300008701, 1.11367587572, 4.1196477118, 1.26000087128, 1.14000009737, 2.17892822735, 2.38350728723, 1.051541383, 3.0400002164, 1.0054517803, 1.08457724291, 1.00000018391, 1.00000006246, 1.0828864589, 8.75384539393, 0.96605829092, 1.00000029541, 112.975054445, 0.980309075036, 4.62280226367, 1.05562608241, 3.29000092831, 1.00000079577, 869.746657359, 40.2803348981
4.05065049203, 1.11600961905, 1.59162016515, 0.913817808353, 2.83000073302, 0.963928311429, 4.96621061454, 1.26000046054, 1.14000001564, 2.67407362707, 2.82412961745, 1.096923598, 3.0400006838, 1.0400653802, 0.946119044033, 1.00000090747, 1.00000094566, 1.09287243993, 7.59127010508, 0.94359448517, 1.00000019659, 115.237985984, 0.964637454314, 4.70839766882, 1.06421765016, 3.29000076481, 1.00000028697, 1294.60539992, 23.7164864176
5.29448868626, 1.04768940845, 1.56433273358, 0.971505062133, 2.83000095293, 1.11317049221, 3.79732637298, 1.2600004191, 1.14000099694, 3.58932384101, 3.02985173136, 1.04678994438, 3.04000096445, 1.09479317033, 0.872176921745, 1.00000099184, 1.00000055846, 1.10917745799, 8.97754358978, 0.965961943595, 1.00000022346, 75.0354284195, 0.945066986388, 3.6480699924, 1.0180033339, 3.29000015928, 1.0000005295, 2542.40065096, 53.4675944935
5.70054178961, 1.0829362369, 1.68118302128, 0.963024890152, 2.83000020161, 1.16710988741, 5.48332102473, 1.26000009742, 1.14000017866, 2.62849101816, 2.80095137626, 1.0512421939, 3.04000027412, 1.05188809404, 0.814027412383, 1.00000059574, 1.00000039535, 1.07606582468, 8.83194466543, 0.971240132304, 1.00000039873, 121.964325144, 0.997212021236, 4.10492656075, 1.01111993187, 3.29000052982, 1.00000035641, 6649.37823542, 48.4464728867
5.40899757314, 1.13210142633, 1.37049489635, 0.990170446437, 2.83000099212, 1.16288618285, 5.82932944003, 1.26000002556, 1.14000075595, 2.76709961075, 2.7291332409, 0.941687065639, 3.04000031643, 1.08835414874, 0.799640179539, 1.00000056056, 1.00000044346, 1.09159080528, 6.29901012252, 0.951603238343, 1.00000033857, 102.222699844, 0.99900528388, 4.35590164792, 0.983554280298, 3.29000020093, 1.00000072936, 837.411461238, 27.5993651103
3.53251024182, 1.12746834152, 1.68595369115, 0.883874960654, 2.83000045984, 1.10805907701, 4.88033633379, 1.26000007877, 1.14000009947, 2.96107525264, 2.47058425442, 1.08472759922, 3.04000008397, 1.04356998928, 1.03132619747, 1.00000025379, 1.00000019315, 1.09098807633, 7.63016114352, 0.98255886503, 1.00000009402, 116.782197073, 0.972753517628, 5.91106320006, 1.05002088701, 3.29000060991, 1.00000039449, 1621.847317, 47.6136143714
5.58231736566, 1.06915074611, 1.72295863561, 0.950994800672, 2.83000024317, 1.18872605278, 2.07580941274, 1.26000067197, 1.14000063833, 3.54714993251, 2.30927657576, 1.05265804067, 3.04000012024, 1.05398833884, 0.839852900687, 1.00000005979, 1.00000070774, 1.0917447979, 5.91298787554, 0.945525070693, 1.00000047178, 116.923224044, 0.900516372039, 5.27427310061, 1.0211178514, 3.29000030312, 1.0000003202, 841.242902412, 37.5759488337
4.47705769843, 1.09410082897, 1.68516489472, 0.998804633931, 2.83000028442, 1.18736470083, 2.54005758158, 1.26000003803, 1.14000045746, 1.86881586863, 2.43009680365, 1.00415063781, 3.04000040127, 1.08663030418, 0.836812193719, 1.00000075097, 1.00000045502, 1.02210566568, 7.18479668751, 0.970422635513, 1.00000026585, 104.544182201, 0.940783942156, 5.85876767421, 1.04899144828, 3.2900002673, 1.00000015731, 320.645913144, 30.2442824633
3.81166516071, 1.11445064062, 1.48213206286, 0.954641396139, 2.83000009127, 1.03674586792, 3.97471186293, 1.26000006495, 1.14000011795, 2.78013346868, 2.75641316169, 0.969254276751, 3.04000058191, 1.10699541751, 0.950471254567, 1.00000059018, 1.00000042673, 1.08172829538, 4.83143911934, 0.939245416489, 1.00000000632, 123.469499219, 0.884249815173, 3.22780038871, 1.0322511246, 3.29000086066, 1.00000008914, 90.0680855659, 14.4576461817
4.20984300067, 1.11501441145, 1.44726333974, 0.969389651316, 2.83000021283, 1.1169936752, 1.60989362969, 1.26000087722, 1.14000063934, 2.4969623684, 2.4123157037, 1.0617449326, 3.04000094147, 1.00878861658, 0.851374502667, 1.00000002808, 1.00000021359, 1.0858432211, 9.14088196087, 0.934518567003, 1.00000024845, 122.310721555, 0.885283665224, 3.17130989346, 1.04951589033, 3.29000080733, 1.00000000015, 1542.82659579, 35.4869390069
4.94764154191, 1.11557077655, 1.7300586544, 0.854116230566, 2.83000095098, 1.14114625304, 1.51882765468, 1.26000053325, 1.14000087357, 3.2784746755, 2.71488657835, 1.06622875407, 3.04000050979, 1.09555984321, 1.07143873246, 1.0000005678, 1.00000007273, 1.08475272307, 3.16846864331, 0.933021242743, 1.00000041022, 112.800990996, 0.842716579739, 5.8598910995, 1.04984579918, 3.29000019772, 1.00000088287, 868.876533895, 19.4792325554
5.19571955722, 1.05336308725, 1.49818390988, 0.918084848892, 2.83000078485, 1.15923301877, 1.51737967287, 1.26000059911, 1.14000050753, 3.46634563074, 2.95894466902, 0.949319687264, 3.04000062647, 1.06044560931, 0.78545973964, 1.0000002038, 1.00000077474, 1.09664154221, 7.29730728413, 0.910719938391, 1.00000042626, 106.589720991, 0.861358782417, 4.8105001322, 0.979245075938, 3.2900006444, 1.00000037391, 1285.91127006, 25.6216406696
1.32856035768, 1.09209161374, 1.42140936896, 0.978999016149, 2.83000088086, 1.14879682854, 4.65970376928, 1.26000023001, 1.14000078092, 3.15195290802, 3.05705581592, 1.06222711788, 3.04000089501, 1.06443475903, 1.01822836537, 1.00000082742, 1.00000012002, 1.03811314548, 6.17320050622, 0.944398200279, 1.00000059076, 101.162397533, 0.912081564086, 5.68916640178, 1.06660691066, 3.29000047682, 1.00000019175, 4720.61032759, 33.7702796442
5.46492712542, 1.08420383935, 1.66423834915, 0.973876799618, 2.83000097593, 1.18345873546, 1.25050368466, 1.2600009744, 1.14000058299, 3.16913438022, 2.11924653367, 1.02295597467, 3.04000020548, 1.11287557387, 0.889172149335, 1.00000010269, 1.00000051618, 1.0663607791, 6.16319450082, 0.927157005536, 1.00000035044, 101.849982652, 0.876650465409, 3.90826785673, 0.980455642541, 3.29000063371, 1.00000005388, 680.164173355, 21.7607039406
5.38673982931, 1.0631559626, 1.71617353783, 0.856639935932, 2.83000028559, 1.15533760765, 3.43850480939, 1.26000066816, 1.14000072172, 2.85845357941, 2.99671941576, 0.94936528173, 3.04000023473, 1.07280448919, 0.884631941452, 1.00000067396, 1.00000085145, 1.09456944713, 5.16767389951, 0.945009097141, 1.00000002098, 79.4924497649, 1.01202142055, 5.97036018583, 1.00272644241, 3.29000099678, 1.00000056117, 7956.83697425, 81.9916145594
5.5730910958, 1.10822449786, 1.59666251903, 0.978820446693, 2.83000003041, 1.17128573752, 3.04776492564, 1.26000031669, 1.14000058839, 2.80457853932, 2.9777849874, 0.948038341318, 3.04000010135, 1.01615632235, 1.01563827047, 1.00000096705, 1.00000058664, 1.06759680341, 8.22644092094, 0.995648920073, 1.00000022091, 86.3526919183, 0.975694095445, 5.61361497629, 1.06352348066, 3.29000046929, 1.00000023538, 1819.60947276, 36.5437324724
5.79811034967, 1.07175914153, 1.5998497777, 0.917338990178, 2.83000072042, 1.16996995427, 4.62833067606, 1.26000019411, 1.14000089482, 3.70913699769, 2.57211500246, 1.08012240657, 3.04000038515, 1.11212130772, 0.989787439401, 1.00000031771, 1.00000088236, 1.08641217405, 8.55484246051, 0.984723054482, 1.00000009746, 123.121209619, 0.930245519427, 2.88144781288, 1.02129402323, 3.29000057131, 1.00000077314, 2961.89164969, 54.5535076661
5.60190650369, 1.09294711647, 1.71033153229, 0.840297955454, 2.8300000965, 1.16151940402, 3.38841324503, 1.26000049468, 1.14000095945, 3.35448358513, 3.04158399007, 1.06477435674, 3.04000057616, 1.01080107268, 1.08079256527, 1.00000072804, 1.00000098445, 1.10714143596, 7.69417218136, 0.944337035508, 1.00000021518, 115.280236283, 0.920023771429, 5.48784693083, 1.04199532473, 3.29000010484, 1.00000083964, 1254.25773899, 43.2849511244
4.82420744101, 1.08644418186, 1.65018296471, 0.984112017564, 2.83000027284, 1.09609644476, 1.7847780124, 1.26000013762, 1.14000049535, 2.52488737434, 2.56542455272, 1.04420954727, 3.04000059747, 1.05474275989, 0.812597645629, 1.00000008865, 1.00000002618, 1.06698647975, 6.37053183224, 0.94883358543, 1.00000006595, 103.400847163, 1.02001558319, 5.65463933594, 1.06480090213, 3.2900006142, 1.00000030597, 1135.25288286, 31.4496839901
2.08584948397, 1.08893149473, 1.68305935679, 0.987198251399, 2.83000082438, 1.12531628644, 5.5105381382, 1.2600007042, 1.14000029272, 2.51058507721, 3.11021845612, 1.01751207462, 3.04000031347, 1.06248397355, 1.07268859205, 1.00000065889, 1.00000024817, 1.07231371428, 6.05502897332, 0.952076400391, 1.00000067442, 94.547437401, 0.876144051991, 4.58937067476, 1.05388396825, 3.29000051041, 1.00000003706, 1101.85247652, 24.8382584074
5.50470734729, 1.11935155021, 1.50007059366, 0.933259041391, 2.83000020154, 1.17646448849, 2.57025738668, 1.26000056756, 1.14000065234, 3.43741460683, 3.0653708494, 0.948597950845, 3.04000040787, 1.07764609142, 0.816220886689, 1.000000946, 1.0000009689, 1.10880241772, 6.5919673164, 0.931388916284, 1.00000090053, 83.4561238874, 0.920314346685, 4.42214831399, 0.994309662234, 3.29000013928, 1.00000050809, 325.941146367, 15.3215691406
4.7782475429, 1.11402774769, 1.45063744727, 0.981827461936, 2.83000050574, 1.1457913576, 4.27752563579, 1.26000040161, 1.14000021624, 2.99286305029, 2.6698551675, 0.981748071786, 3.04000038061, 1.03557051804, 0.980689516222, 1.00000095868, 1.00000041235, 1.06416048178, 8.84295587684, 0.957484313566, 1.00000086272, 88.5533845766, 1.04443033841, 5.72561233909, 1.0383994046, 3.29000001007, 1.00000059969, 837.377934525, 20.0320473949
5.52332016204, 1.12201372023, 1.52665866278, 0.952950295391, 2.83000032984, 1.1493494668, 1.40777186429, 1.26000059898, 1.14000013731, 2.56023341113, 3.11800738671, 0.921310959595, 3.04000054263, 1.0830934966, 1.00045921212, 1.0000000573, 1.0000004221, 1.10001575494, 6.57492034608, 0.976310719685, 1.00000082956, 110.938485898, 0.868334449782, 4.31834611313, 1.03456958643, 3.29000045703, 1.00000010996, 2934.26935914, 35.0523700418
5.13849409423, 1.10368607127, 1.70861770892, 0.916589539617, 2.83000078951, 1.01265766923, 4.95669687865, 1.26000036886, 1.1400003458, 3.65375432749, 2.13870418909, 1.09338196223, 3.04000047352, 1.08382404386, 0.984219728098, 1.00000063083, 1.0000008851, 1.09359685826, 9.60189040088, 0.92140107463, 1.00000008875, 105.028917258, 1.01235178338, 1.36957001225, 0.994223538798, 3.29000028897, 1.00000026009, 8468.08227725, 54.1727731367
4.9530684673, 1.11216053641, 1.47074728055, 0.980747227619, 2.83000046857, 1.1525324828, 4.85816983972, 1.2600004127, 1.14000005908, 2.05840255806, 1.85291679321, 0.980683364722, 3.04000056561, 1.03612520308, 0.978710908309, 1.00000093728, 1.00000048747, 1.10339970873, 9.45460427929, 0.953325734822, 1.00000037839, 120.666662549, 0.993590483552, 4.57300329668, 1.05617059022, 3.29000036036, 1.00000076854, 4214.11294275, 54.1675561866
5.98364034689, 1.08008498491, 1.71104456946, 0.975675743129, 2.83000047976, 1.14426870078, 2.24932417707, 1.26000082625, 1.14000020875, 2.45062020308, 3.09835530144, 0.915675994239, 3.04000043507, 1.03716181932, 0.894907869541, 1.00000010807, 1.00000047792, 1.10771685199, 3.60648650332, 0.934839592127, 1.00000078371, 110.385317503, 1.02486699449, 4.54079440456, 0.998799486424, 3.29000030072, 1.00000060021, 1011.2472269, 25.4805514699
5.89843637514, 1.06418501754, 1.46540465123, 0.97331105748, 2.83000093334, 1.17982128944, 4.61100845123, 1.26000061366, 1.14000034563, 3.34311382827, 2.21686035137, 0.978987466543, 3.0400001388, 1.09104590091, 0.946934184547, 1.00000066748, 1.00000098056, 1.05914043637, 8.32522730584, 0.974406595345, 1.00000025097, 98.848756043, 1.08871061008, 5.47474030611, 1.02066543536, 3.29000019824, 1.00000072126, 4362.78818627, 65.9206449656
5.3907546829, 1.08506115911, 1.73898893572, 0.998894397325, 2.83000074276, 1.09604550895, 5.68165306016, 1.26000095736, 1.14000053595, 2.95461013521, 2.64747701526, 0.98769763859, 3.04000083727, 1.04011881598, 0.86591821807, 1.00000032631, 1.00000065119, 1.08737423639, 7.87207547128, 0.946917749286, 1.00000083356, 82.3988669269, 1.08411358121, 4.75695732889, 1.04865526582, 3.2900007441, 1.00000036915, 279.016011566, 17.8316854564
4.96430170992, 1.07834172731, 1.58425995193, 0.97900580764, 2.83000006926, 1.12796365019, 1.3234300132, 1.2600005357, 1.14000036781, 3.42685110946, 2.36973821283, 0.89010442779, 3.04000060868, 1.10397879828, 0.95214010934, 1.00000020289, 1.00000025249, 1.10652963434, 9.76015790701, 0.95915748734, 1.00000006605, 94.0922848976, 0.881278244646, 1.1530329732, 1.00367693935, 3.29000017016, 1.00000080318, 3270.03515972, 28.9136320285
4.16980148009, 1.0598158823, 1.69273598272, 0.992525468617, 2.83000042707, 1.11975573953, 1.17762015844, 1.26000030282, 1.14000090245, 2.59975111355, 2.46635306925, 0.97687159932, 3.04000027785, 1.08387694769, 0.830814617359, 1.00000073727, 1.00000034287, 1.09406333705, 7.74650183591, 0.957341551097, 1.00000022789, 78.6638350454, 1.06196611194, 3.79625094044, 1.00589349924, 3.29000092144, 1.00000053749, 3242.46645771, 57.805064699
5.61732779171, 1.13419979348, 1.71164545223, 0.900921068649, 2.83000039946, 1.13508629656, 4.89033332802, 1.26000069938, 1.14000065698, 2.87961595919, 2.74713951081, 0.94272532278, 3.04000055089, 1.05876701734, 0.795443318345, 1.00000047814, 1.00000023239, 1.1097172311, 5.82625451875, 0.92789286186, 1.0000004404, 101.608071349, 0.987609659189, 5.69152570683, 1.06782193631, 3.29000035124, 1.00000071403, 368.287848205, 30.987688212
4.61989260318, 1.11509756226, 1.71818421801, 0.902810162779, 2.83000038918, 1.1660844843, 3.64560724496, 1.26000044983, 1.14000025943, 3.47157117407, 2.619294429, 1.07528808605, 3.04000074731, 1.11312232452, 0.940717949071, 1.00000060298, 1.00000036257, 1.10881920567, 7.75043695394, 0.927407519105, 1.00000032647, 82.9456319982, 1.01057772233, 2.42874798941, 0.994360351666, 3.29000009976, 1.00000000502, 1033.2734992, 42.9999230857
3.94170228418, 1.11613831854, 1.46391104157, 0.991381324462, 2.83000015555, 1.13959933661, 2.81656043795, 1.26000046372, 1.14000034725, 3.61800836342, 2.33627006142, 0.927899117254, 3.0400003727, 1.06754106083, 0.93324540225, 1.00000005638, 1.00000099256, 1.07628437846, 9.61674423419, 0.985972478878, 1.00000070752, 123.848698716, 0.911041282951, 2.89227323046, 1.06643853569, 3.2900006974, 1.00000030056, 195.681254796, 18.0636080356
4.06481929156, 1.10031118572, 1.49389844016, 0.953277332047, 2.83000010255, 1.18390375323, 2.68529681467, 1.26000080618, 1.14000035801, 3.00196667338, 2.824743704, 0.925094903139, 3.04000016742, 1.05447258789, 1.03810606403, 1.00000097517, 1.00000048843, 1.09459166084, 8.718319769, 0.944400630487, 1.00000032661, 120.559613257, 0.846867015212, 4.34971798826, 1.04528425493, 3.29000059904, 1.00000048583, 2507.69299887, 31.2560192692
2.76897016227, 1.09212702888, 1.50133649128, 0.986045242757, 2.83000079148, 1.11538668336, 1.64730193522, 1.2600002642, 1.1400000208, 3.52191605814, 2.56567701818, 1.01776736313, 3.04000032993, 1.10437516857, 0.814028422011, 1.00000057038, 1.0000000917, 1.10108348696, 9.95645535158, 0.924568504653, 1.00000055388, 77.6504372483, 0.9872478211, 4.90232901152, 1.01189764237, 3.29000062323, 1.000000403, 2118.95201844, 37.5475184695
2.97388038962, 1.04535325653, 1.71058043463, 0.962629903975, 2.83000013314, 1.10276871913, 1.53373318451, 1.26000068195, 1.14000051943, 3.42472560472, 2.85424528177, 1.0749120598, 3.04000022114, 1.11823705802, 0.848156813852, 1.00000060935, 1.00000048779, 1.07234879426, 9.25538985645, 0.929790084135, 1.00000058185, 93.2000661167, 1.01136422287, 5.14855937441, 1.01212453227, 3.29000089141, 1.0000006477, 1661.00148304, 27.5492137556
4.25745139622, 1.12258617099, 1.68162048171, 0.986900743597, 2.83000083847, 1.18187973184, 3.73822301016, 1.26000092855, 1.14000076184, 2.97629387542, 3.06019566972, 0.935633372223, 3.04000051459, 1.08641676487, 1.0526094119, 1.00000081125, 1.00000060333, 1.10976894879, 8.68432098535, 0.952963257928, 1.0000003912, 98.4663212078, 0.903957165405, 2.62894840501, 1.01962750999, 3.29000004342, 1.00000061715, 2521.56163162, 34.0223322101
4.23096721097, 1.12767474174, 1.60041923813, 0.959997059283, 2.8300004616, 1.14626321586, 3.77302452392, 1.26000093937, 1.14000082771, 3.40198986835, 3.06395192547, 0.983901195373, 3.04000021044, 1.11703906965, 0.982389055773, 1.00000051281, 1.00000069058, 1.1007555336, 9.73402560938, 0.925737968121, 1.00000046576, 118.003576932, 1.07879552415, 4.48456836797, 1.05764309397, 3.29000073855, 1.00000070261, 2220.72405566, 31.5478099842
