2.20717632088, 1.09254320206, 1.44684446903, 0.985783272635, 2.83000049239, 1.06288679185, 1.30600195234, 1.2600009783, 1.14000017056, 2.40535125786, 2.56392170762, 0.966264814468, 3.04000043094, 1.11818347495, 1.00869009137, 1.00000001442, 1.00000085339, 1.00535837646, 7.26024867611, 0.986042380751, 1.00000028499, 100.89880647, 1.07394994095, 1.41742998331, 0.977567535816, 3.2900005832, 1.00000028616, 988.989758948, 4.28954423592
1.71340072579, 1.10962311458, 1.39732569432, 0.963772932948, 2.83000026186, 0.969331671015, 2.65914359142, 1.26000046499, 1.14000046612, 1.35761374207, 2.92762311395, 0.93068870131, 3.0400005954, 1.11408864875, 0.822551634232, 1.00000002533, 1.00000024449, 1.02234189271, 8.61697815243, 0.963407315168, 1.00000049563, 98.1226150851, 1.08906282345, 1.65112265554, 1.03405506943, 3.29000058596, 1.00000025141, 2825.85953673, 3.21715817694
3.60420265868, 1.05212329009, 1.34571373545, 0.921213028011, 2.83000074705, 0.996153502999, 3.3953348165, 1.26000074783, 1.14000031804, 2.6011160393, 2.80930924013, 0.952306765699, 3.04000083724, 1.09050086051, 0.928663048909, 1.00000048845, 1.00000080313, 1.00732508043, 6.82179288124, 0.937198054593, 1.00000095236, 90.9421286575, 1.08600270009, 1.08811734661, 1.00085487575, 3.29000084491, 1.00000065559, 58977.1726328, 5.09383378016
2.6280750883, 1.11912838416, 1.55733132734, 0.930114945214, 2.83000073758, 1.13051739293, 4.33149269357, 1.26000023069, 1.14000058427, 2.62962176297, 2.35444429887, 1.04462100083, 3.04000053216, 1.03419570608, 0.815807500289, 1.00000067688, 1.0000000881, 1.00675434753, 9.10864094145, 0.986647122127, 1.00000080057, 111.65761694, 1.08607507764, 1.89325447537, 0.988133077056, 3.29000098273, 1.00000031325, 14152.9324619, 4.55764075067
3.73857308018, 1.07628629238, 1.57318343582, 0.905065353005, 2.83000081507, 0.987549082844, 2.30658980027, 1.26000071477, 1.1400005492, 2.36337837754, 2.64755472769, 0.941995238538, 3.04000046652, 1.02186109205, 0.95038297009, 1.00000003576, 1.00000066668, 1.0126487283, 6.75850319713, 0.962521762966, 1.00000032703, 101.500460068, 1.05610282245, 3.09717258983, 0.966609217128, 3.29000085111, 1.00000029169, 5899.49747902, 1.87667560322
4.12236849534, 1.04959951092, 1.39127086715, 0.909453178239, 2.83000021672, 0.889478326777, 1.24992815349, 1.26000059142, 1.14000039428, 2.04264918286, 2.64837900883, 0.93778404771, 3.04000075578, 1.05941307956, 0.801534621477, 1.00000056046, 1.00000049301, 1.01196956315, 6.89147479712, 0.975017837296, 1.00000029186, 118.838214335, 1.01353256052, 1.23996851296, 0.957024071956, 3.2900007372, 1.00000020619, 8807.23057457, 4.02144772118
4.65241974772, 1.13775806541, 1.4276111683, 0.991989728683, 2.83000018636, 1.06456462906, 1.05046562387, 1.26000091013, 1.14000098378, 2.98731688816, 2.7205753886, 1.07327998602, 3.04000031654, 1.08586629285, 0.88628473449, 1.00000066338, 1.00000084452, 1.06375259567, 7.69442159593, 0.962178102525, 1.00000079514, 101.679404739, 1.06726497384, 2.06686348082, 0.973521013432, 3.29000010234, 1.00000040463, 5346.48005158, 3.48525469169
1.79378166362, 1.06521158666, 1.59674111526, 0.991952622416, 2.83000048903, 1.03673828343, 1.23578413664, 1.26000027834, 1.14000069417, 2.7533133927, 2.00665121036, 1.03650554216, 3.04000037559, 1.02528685584, 0.839542134023, 1.00000027354, 1.00000075886, 1.03318652397, 9.2285121231, 0.986835785585, 1.00000033041, 121.679282467, 1.03136349946, 1.98180901942, 1.06934761378, 3.29000016987, 1.00000049196, 11491.2814569, 0.0
5.35628359717, 1.13802300405, 1.55518424835, 0.944504392773, 2.8300009959, 1.02812750285, 1.54337394802, 1.26000083777, 1.14000082384, 2.47803351714, 2.60588192043, 0.936678835198, 3.0400005178, 1.04000174832, 0.93512583522, 1.00000068794, 1.00000007695, 1.04233366275, 7.91485332191, 0.961178569105, 1.000000537, 109.685047101, 1.00307918294, 1.79776822358, 0.975971168023, 3.29000045824, 1.00000090631, 3915.49936956, 6.70241286863
5.90848848697, 1.07384822554, 1.53636004413, 0.9989351452, 2.83000092316, 1.05168852433, 1.73462257019, 1.26000028025, 1.14000050838, 3.22793781456, 2.8513214391, 0.929203400781, 3.04000078766, 1.07606976666, 0.828990738569, 1.00000088873, 1.00000079706, 1.00912239945, 9.47528879194, 0.990530041549, 1.00000007381, 75.5120179867, 1.01643762741, 4.41684902957, 0.957877225842, 3.29000030958, 1.00000089022, 12076.4187138, 1.60857908847
1.58110809966, 1.02808639282, 1.37411959913, 0.982131017714, 2.83000020337, 0.973823111103, 1.17471435777, 1.26000086655, 1.1400008952, 3.49209365022, 3.07606364191, 1.0315614481, 3.04000078295, 1.0708423046, 0.866764732323, 1.00000043549, 1.00000031734, 1.05844868615, 8.75425584468, 0.972449831923, 1.0000003752, 107.635378261, 0.963634587247, 1.14672284789, 0.986233309584, 3.29000038842, 1.00000057266, 35700.2713774, 4.55764075067
3.37272999079, 1.05117063964, 1.36088725506, 0.884659810853, 2.83000075977, 1.1462428282, 3.31927690882, 1.26000047599, 1.14000062805, 2.81005348517, 2.6599045895, 1.04373036361, 3.04000089882, 1.09972871468, 0.814810230036, 1.00000014679, 1.00000043867, 1.04538349944, 8.5752186957, 0.997455185599, 1.00000090177, 84.9743940707, 1.06272014316, 1.39477548033, 1.05349802236, 3.29000016972, 1.00000013597, 37097.0386896, 5.36193029491
3.08681607446, 1.05430366464, 1.62229100621, 0.950466120448, 2.83000087957, 0.938151941981, 4.60201402421, 1.26000068564, 1.14000041096, 3.61177706792, 2.74397165133, 0.896295932717, 3.04000099978, 1.03477680697, 0.875603961059, 1.00000050347, 1.00000075081, 1.00700337768, 8.29250281, 0.920683967033, 1.00000015694, 100.568337954, 1.07748771103, 3.16322376357, 0.953706607794, 3.29000048561, 1.00000028799, 1953.36820931, 1.60857908847
1.74987088308, 1.00989586419, 1.46912242135, 0.921840685315, 2.83000010825, 1.09064033592, 1.20913040039, 1.26000022628, 1.14000076121, 3.33376684943, 2.68993530886, 0.91965559104, 3.04000071728, 1.08359730152, 0.90761215003, 1.00000030977, 1.00000077626, 1.0013857608, 7.30631958127, 0.969125133173, 1.00000069655, 120.040248855, 1.03219444899, 5.92771417758, 0.972799861847, 3.29000073247, 1.00000056673, 16326.5101007, 4.55764075067
3.99101792867, 1.13281420494, 1.71465129266, 0.989500303438, 2.83000086051, 0.944135116244, 1.44784805637, 1.26000057871, 1.1400002602, 2.93824105948, 1.95886033912, 1.03233143472, 3.04000096755, 1.00669527877, 0.903061196692, 1.00000070207, 1.00000002981, 1.01893042631, 6.11636822195, 0.94114615237, 1.00000009755, 115.831718199, 1.06972254399, 2.97930545373, 1.00225873207, 3.29000057445, 1.00000060626, 20051.3204361, 4.55764075067
4.93359027579, 1.12141006635, 1.58180833592, 0.93850636137, 2.83000066521, 0.864157464122, 2.87900461818, 1.26000050034, 1.14000088934, 2.50538801467, 2.54901543656, 1.03066787647, 3.04000039928, 1.11160919643, 0.865286533805, 1.00000097079, 1.00000051263, 1.03333588216, 9.3416279415, 0.922302175109, 1.0000006227, 110.027610732, 1.04856694233, 1.76103248679, 0.983802444914, 3.29000035281, 1.00000081584, 9673.57474189, 4.28954423592
2.86131945469, 1.09713021076, 1.47083664283, 0.87389544244, 2.8300003601, 0.860773412264, 3.0028963324, 1.26000036337, 1.14000050408, 3.33365813384, 3.11511083393, 0.894084513014, 3.04000023872, 1.01375959234, 0.895783152396, 1.00000023075, 1.00000037624, 1.03341796343, 7.09886135621, 0.963877533771, 1.00000086381, 119.158366345, 1.06206866999, 2.33752588528, 0.98194553272, 3.29000025393, 1.00000060637, 42907.7236219, 5.63002680965
5.12025662034, 1.02483711573, 1.56757113515, 0.945033546625, 2.83000066965, 1.1496308763, 2.1398852411, 1.26000027354, 1.14000089596, 2.74144306367, 2.41360316156, 1.04224826774, 3.04000038693, 1.05629378707, 0.86580646353, 1.00000027079, 1.00000060999, 1.02323500037, 8.47344710421, 0.993192355915, 1.00000011863, 90.4728709124, 1.07938102153, 4.27540642554, 0.966023059037, 3.29000057844, 1.00000049563, 42913.804137, 11.2600536193
2.76052214223, 1.06134811611, 1.35108936944, 0.944567705508, 2.83000038767, 0.993919763222, 3.10074022528, 1.26000091988, 1.1400008625, 3.58711907522, 1.91633674827, 1.05306441624, 3.04000060046, 1.08877326869, 0.78322180419, 1.00000054673, 1.00000075993, 1.03568522885, 4.93858102772, 0.972321477386, 1.00000093309, 118.737937285, 1.02417792075, 2.70581838038, 1.00214162364, 3.29000028802, 1.00000082608, 3940.7591934, 6.43431635389
4.34778954509, 1.00252004049, 1.34925468729, 0.978012158776, 2.83000043699, 1.01899237903, 1.30026897852, 1.26000075703, 1.14000023556, 3.54393010357, 2.65796489896, 1.0376147295, 3.0400009225, 1.09524764792, 0.958472065523, 1.00000054238, 1.00000008702, 1.03955240277, 9.04913476783, 0.962876417669, 1.00000034061, 94.5228808026, 1.02778512392, 3.01894807662, 1.03811000114, 3.29000006175, 1.0000001067, 86640.2111354, 2.9490616622
4.67920125042, 1.0748535885, 1.64672835096, 0.968272473898, 2.83000047587, 0.92120564529, 4.32658486841, 1.26000051069, 1.14000094963, 3.66696540258, 2.86730988355, 0.936570123486, 3.0400006599, 1.00586729177, 1.00281186923, 1.00000049386, 1.00000003947, 1.03092759767, 9.30010110859, 0.939882384629, 1.00000058924, 90.7947763274, 1.06277254443, 1.12080668127, 1.04486635682, 3.29000071455, 1.00000011407, 1390.89179968, 0.536193029491
4.65471748387, 1.03139057842, 1.60125639026, 0.968705609946, 2.83000080453, 0.965650628896, 2.77525097417, 1.26000040671, 1.14000058392, 3.18548662587, 1.92116056429, 0.962701238977, 3.0400000767, 1.04948247802, 0.87094667805, 1.00000021993, 1.0000004695, 1.03714042517, 6.60656533486, 0.949648382918, 1.00000099821, 124.56435595, 0.952488283171, 1.2949392885, 0.970553658655, 3.2900002123, 1.00000058829, 1264.45167694, 1.60857908847
5.97686472411, 1.03821587057, 1.62276189078, 0.993010248494, 2.83000057593, 1.13909637631, 1.06015665945, 1.26000034139, 1.14000080294, 2.47079315211, 1.89619493746, 1.07183487072, 3.04000066726, 1.08608059307, 0.895047011867, 1.00000069456, 1.00000006824, 1.0595444564, 8.84724915366, 0.96106397236, 1.00000052011, 85.1699812865, 1.08244420972, 2.03332243814, 1.02571587843, 3.29000043202, 1.00000019003, 463.782516567, 4.82573726542
5.03859617086, 1.09037490292, 1.58412210955, 0.990490330142, 2.83000056787, 0.890907421425, 1.45315364271, 1.26000009902, 1.14000085939, 2.81973632057, 2.64082838738, 0.971695865409, 3.04000035858, 1.11973043272, 0.879728723819, 1.00000089907, 1.00000095356, 1.04379603264, 7.78155776122, 0.921024271913, 1.00000049918, 114.351897629, 0.995016510911, 2.58808631488, 0.97402836215, 3.29000022772, 1.00000017603, 26590.4412428, 0.268096514745
5.63489938684, 1.10701045504, 1.62123058394, 0.970450101266, 2.8300008579, 0.907512524952, 5.52218698835, 1.26000067161, 1.14000025075, 3.67025001214, 2.98839884417, 1.02103809656, 3.0400005741, 1.08777546572, 0.99943290848, 1.00000028842, 1.00000005907, 1.08301260443, 8.78604323391, 0.915636916719, 1.00000079699, 102.394686723, 1.05893010299, 1.51537615559, 0.962812164122, 3.29000097785, 1.00000053011, 9749.45182769, 0.0
4.76137810228, 1.00037577255, 1.42511940859, 0.891923786949, 2.83000056277, 1.08799872233, 4.34262589934, 1.26000078893, 1.14000036024, 2.74802628107, 2.59302006383, 1.03924659655, 3.04000071573, 1.03784140181, 0.846395686557, 1.00000042672, 1.00000005402, 1.05757330554, 5.85745136834, 0.997879093322, 1.00000010951, 95.4028514177, 1.08481835566, 1.20616347761, 1.01427342443, 3.29000041693, 1.00000072749, 30678.4174261, 0.804289544236
5.55417420203, 1.04884236245, 1.39774031124, 0.983928677305, 2.83000083752, 0.920439068201, 2.71905233587, 1.26000083089, 1.14000097523, 2.25959345007, 2.60327325588, 0.997599291118, 3.04000090633, 1.11411119906, 0.814111894505, 1.00000095146, 1.00000009031, 1.055393344, 6.40110236558, 0.925815920872, 1.00000022206, 99.7902826025, 1.01221599535, 1.2181472282, 0.97838726393, 3.29000074518, 1.00000070922, 44251.2620803, 10.1876675603
1.7869231263, 1.02573436582, 1.51608886549, 0.939544726116, 2.83000096039, 1.00722031918, 2.53491804981, 1.26000035204, 1.14000022638, 2.35777141979, 3.06854763622, 1.00019304345, 3.0400004665, 1.02356293022, 0.831499536983, 1.00000044614, 1.00000040828, 1.02160182706, 7.84047142067, 0.996660884267, 1.00000053511, 122.850595115, 1.0742421246, 5.69270828664, 1.02647695801, 3.29000076494, 1.00000026777, 1523.71635015, 0.536193029491
1.15795811705, 1.07690372676, 1.38124449891, 0.844471257759, 2.83000074741, 0.904167094603, 4.25569967083, 1.2600009999, 1.1400006667, 3.18628131609, 3.04673244482, 1.00983279472, 3.04000061957, 1.01445695178, 0.825985942475, 1.00000002911, 1.00000031009, 1.04440903074, 6.68228171997, 0.953358559395, 1.00000046906, 121.249595639, 0.969891901595, 1.39632069619, 0.993723530015, 3.29000027253, 1.00000064536, 6959.72424855, 1.34048257373
4.84474913639, 1.11492763869, 1.51430980709, 0.998018411978, 2.8300008516, 1.15725542222, 1.3011379822, 1.26000098787, 1.1400007041, 3.16800962489, 2.99746908087, 1.09934167268, 3.04000053314, 1.03260372805, 0.820617995521, 1.00000001382, 1.00000060705, 1.06815363179, 9.31134411807, 0.925110328945, 1.0000003804, 124.059498545, 1.05757028124, 1.33921539309, 0.990229174152, 3.29000050991, 1.00000004981, 7218.01373302, 2.14477211796
1.32924592969, 1.12480128819, 1.46137786247, 0.85352622698, 2.83000002766, 0.893290446951, 4.21717257055, 1.26000093582, 1.14000068263, 3.10460176351, 2.97306093437, 1.04805355185, 3.04000066211, 1.03327959524, 0.782342809712, 1.0000005041, 1.00000094389, 1.05829017642, 8.8217496454, 0.976640936642, 1.00000005954, 105.643536672, 1.01758139909, 3.09161545264, 1.00303375307, 3.29000077643, 1.00000003985, 8358.89728742, 6.70241286863
4.76201959222, 1.04866284311, 1.49945444498, 0.979286203762, 2.83000011562, 0.979797247556, 1.1145733603, 1.26000096681, 1.14000018703, 3.26438871801, 2.99892972925, 0.921818406835, 3.0400007946, 1.02950837138, 0.859627860069, 1.00000018313, 1.00000004713, 1.08900460312, 9.51940876628, 0.961407462751, 1.00000037727, 117.670903055, 1.06427451383, 1.61954248282, 0.985222252763, 3.29000046838, 1.00000022321, 1403.14230397, 0.804289544236
5.59672806838, 1.03552006407, 1.50873192427, 0.894320583896, 2.83000054484, 1.01304841296, 2.82767402895, 1.2600007532, 1.1400006897, 3.26514458195, 2.81098874859, 0.899153948356, 3.04000069966, 1.00494792554, 0.870742378738, 1.000000438, 1.00000035113, 1.01731195814, 8.47801387231, 0.998744697497, 1.00000025264, 104.023355595, 1.02710813299, 4.4807811599, 0.961865611476, 3.29000080163, 1.00000015452, 11470.7167469, 1.60857908847
5.05908280176, 1.05881312742, 1.43540459333, 0.907377305418, 2.83000052293, 1.1004658234, 5.13552703948, 1.26000056354, 1.14000099884, 3.44476486795, 2.5774720822, 1.09476808265, 3.04000052799, 1.11139904181, 0.836776938023, 1.00000005885, 1.00000072596, 1.06068048268, 5.40712713732, 0.999949871116, 1.00000091548, 106.490834454, 1.06533818511, 3.10678353981, 0.969450759065, 3.29000067556, 1.00000025939, 2476.6948177, 0.804289544236
3.33377881354, 1.10025308844, 1.58299624797, 0.989696515794, 2.8300005986, 0.853773939602, 3.26880292063, 1.26000058347, 1.14000022868, 2.51698215726, 2.99861601392, 1.04796774814, 3.04000074966, 1.04956280382, 0.835916894562, 1.00000050023, 1.00000002125, 1.08489001494, 9.31902004629, 0.978298206042, 1.00000038708, 115.483229535, 1.00241122502, 2.34795220666, 1.00610800357, 3.29000020808, 1.00000081187, 70841.5571323, 4.28954423592
3.69281760122, 1.10363141742, 1.60782090461, 0.949840190214, 2.83000078617, 0.901174705657, 4.90382526289, 1.26000074671, 1.14000034228, 3.4583709329, 2.83152307739, 0.912647602011, 3.0400000878, 1.02319350247, 0.82108957336, 1.00000065379, 1.0000007571, 1.06342554005, 6.04076869713, 0.966238877154, 1.00000056206, 121.475589027, 0.969218100907, 1.31181461611, 0.990118528889, 3.29000055116, 1.0000000897, 9833.5456374, 2.68096514745
3.37066091207, 1.12665460128, 1.63990157837, 0.924246999477, 2.83000076185, 0.967488086186, 2.03499778689, 1.26000026811, 1.14000047879, 3.66414667129, 2.37122368471, 0.884206075443, 3.04000032831, 1.06082884865, 0.873211710668, 1.00000025867, 1.00000015491, 1.04414823353, 8.49570760362, 0.912564268912, 1.00000032401, 101.340898679, 1.05974925898, 3.37157494773, 1.00894549062, 3.29000031384, 1.00000091061, 1827.21000372, 2.41286863271
4.61862307877, 1.10220601129, 1.56141898241, 0.969329080043, 2.83000049511, 0.997076913187, 2.15187019312, 1.26000023118, 1.14000088812, 2.48859882887, 2.55332901183, 1.09526565547, 3.04000019751, 1.02312951178, 0.794889292008, 1.00000027652, 1.0000002305, 1.01455829235, 9.43329404855, 0.929565303874, 1.00000097815, 90.7950403267, 1.04978135799, 2.68372632758, 1.03649849036, 3.29000057388, 1.00000068459, 13407.9664975, 6.43431635389
5.40847966773, 1.02146324405, 1.44827017954, 0.99764295212, 2.83000097923, 0.903288751259, 3.21514627703, 1.26000068347, 1.14000070536, 3.26309846851, 2.39802152965, 0.961913039959, 3.04000082997, 1.01989268258, 0.803458323046, 1.00000037654, 1.00000073487, 1.01578164588, 8.10036345058, 0.966358152249, 1.00000092267, 97.9858917253, 1.04651288878, 5.40654446661, 0.975833265357, 3.29000076272, 1.00000084706, 12761.1073957, 0.804289544236
4.06652549932, 1.04062934237, 1.54780808237, 0.971884716773, 2.83000024478, 0.971995581291, 1.80323599801, 1.26000098646, 1.14000017689, 3.18312055669, 2.68308761468, 0.998578122901, 3.04000056569, 1.06088570582, 0.797003324446, 1.00000017519, 1.00000058623, 1.05187257446, 6.57140828815, 0.973329892539, 1.00000087842, 118.898173848, 1.02961644342, 2.70009105957, 1.01348989433, 3.29000087448, 1.00000079207, 548.544871892, 3.48525469169
4.69277970288, 1.00852280754, 1.46121831261, 0.998231932657, 2.8300005175, 0.882454744958, 4.59689813246, 1.26000004971, 1.14000049419, 2.69641345415, 2.44024708314, 1.06595277877, 3.04000011451, 1.04662567986, 0.841664554015, 1.00000048395, 1.00000054015, 1.05926146777, 7.96331062368, 0.976444692358, 1.00000091014, 122.304150699, 1.0618034423, 3.95545210516, 0.995385436137, 3.29000068971, 1.00000013967, 4463.79417577, 2.14477211796
5.21447305425, 1.05113431113, 1.418489599, 0.801455813878, 2.83000035558, 1.05297254161, 1.53177301117, 1.2600009428, 1.14000014412, 3.5578689883, 2.48852556886, 0.992228726964, 3.04000006044, 1.02634291833, 0.801605995043, 1.00000048529, 1.00000092899, 1.0173236511, 5.86167885591, 0.983268614131, 1.00000024558, 104.215444077, 1.02614099331, 2.7178673984, 0.98919393272, 3.29000023367, 1.00000019415, 4069.77872218, 2.41286863271
4.35752042194, 1.0529797309, 1.4115915983, 0.919318647635, 2.83000039511, 1.02509958123, 2.58146558541, 1.26000066156, 1.14000043687, 3.18506496658, 2.31335601353, 1.09262163379, 3.04000018676, 1.10149888531, 0.802644141011, 1.00000073365, 1.00000047319, 1.05953436427, 3.42527226778, 0.96456838608, 1.00000016918, 124.463874107, 0.940282893993, 1.46484447826, 1.00018558254, 3.29000044592, 1.00000083355, 18066.3438714, 2.68096514745
3.18997216364, 1.07729431156, 1.72711126859, 0.957550754945, 2.83000080135, 0.909585468976, 2.69556378063, 1.2600002474, 1.1400008426, 3.43042916602, 2.69279222422, 0.971473133084, 3.04000038418, 1.07610854916, 0.883063948257, 1.0000008992, 1.00000071386, 1.06936902183, 9.01756786312, 0.941711887015, 1.00000007621, 123.201085684, 1.01199644465, 1.91369608665, 1.05029729537, 3.29000068709, 1.00000077761, 6332.63669964, 1.34048257373
5.4734595418, 1.02126102957, 1.70509438487, 0.90009028787, 2.83000076288, 0.896916962146, 3.41754777479, 1.26000045446, 1.14000011058, 2.71728995075, 2.7599316651, 1.07975876531, 3.0400008354, 1.00914910322, 0.855820328349, 1.00000080312, 1.00000044588, 1.03788237444, 9.99257831683, 0.986368463943, 1.00000033257, 93.9895838856, 1.06944431587, 2.57063131736, 0.999250111074, 3.2900004346, 1.00000011589, 21305.5466241, 1.34048257373
3.65002576058, 1.03593554214, 1.38271189397, 0.910136550158, 2.83000063717, 0.871031423728, 1.15770492356, 1.26000070706, 1.14000046031, 3.60385865458, 2.97841843235, 1.07560849677, 3.04000061146, 1.02615867415, 0.876016416385, 1.00000039806, 1.00000029526, 1.05482171644, 5.11041183554, 0.985675753754, 1.00000089668, 123.313788604, 1.07971623128, 4.92950337369, 0.953524363214, 3.29000093383, 1.00000092266, 62.9331570918, 3.21715817694
4.94037840523, 1.05131406821, 1.39131314011, 0.816630088048, 2.83000035978, 1.00859541824, 1.83721379987, 1.26000016359, 1.14000057398, 2.6893415003, 2.0315671276, 1.02457164701, 3.04000058847, 1.05978594112, 0.791877721224, 1.00000042664, 1.00000092121, 1.03395253288, 3.71183338573, 0.911403505667, 1.00000011649, 114.373099644, 1.08662618127, 2.06497236055, 0.998615726476, 3.29000086666, 1.00000039678, 11092.6596736, 0.804289544236
2.01278343263, 1.04907914608, 1.45172781579, 0.929647689718, 2.83000037318, 0.923633659755, 1.09947139933, 1.26000062988, 1.14000089858, 3.57697086394, 3.11888382137, 0.952026093876, 3.04000074822, 1.06292021497, 0.785490246505, 1.00000079697, 1.00000063452, 1.07973376987, 8.09814884577, 0.970473642411, 1.00000058875, 90.9221796682, 1.05644486995, 3.23186297744, 1.01990063953, 3.29000012497, 1.00000039042, 17110.5593741, 0.536193029491
4.23211829362, 1.13271590318, 1.62981566082, 0.960590960297, 2.83000047812, 0.880745226263, 3.05315399721, 1.26000029422, 1.14000061832, 2.85848499704, 2.98230044155, 0.950132331665, 3.04000044909, 1.1171742681, 0.835757283703, 1.00000028983, 1.00000080938, 1.09172169604, 4.66225580115, 0.914170404472, 1.00000034046, 109.17483491, 1.07586122002, 2.59675719033, 1.01202025, 3.29000073542, 1.00000009934, 2789.96059153, 1.34048257373
3.09602682378, 1.06898434766, 1.54986570415, 0.860223489273, 2.83000009426, 0.944526227241, 3.18056691012, 1.26000049434, 1.14000059769, 2.98406970532, 2.95170226571, 0.967479275518, 3.04000079078, 1.00538913617, 0.785946512138, 1.00000047509, 1.00000053921, 1.01812557073, 6.3080240101, 0.912304600661, 1.0000004063, 122.416960033, 1.03508557142, 1.07228939856, 1.04748979028, 3.29000045745, 1.00000095978, 10762.0672251, 2.41286863271
3.21789424739, 1.00425311868, 1.35528916539, 0.822489674918, 2.83000006802, 1.0676418483, 3.09663325373, 1.26000062425, 1.140000919, 3.66536815574, 2.89798576719, 0.98167108344, 3.04000026142, 1.05454157652, 0.816854080603, 1.00000030547, 1.00000037169, 1.03992451634, 9.89129025124, 0.952064144935, 1.00000036005, 94.2534827282, 0.992615316126, 2.92170088759, 1.02300129035, 3.29000084792, 1.00000009974, 69799.8587248, 2.41286863271
2.4733621946, 1.1099785427, 1.65347121154, 0.849193116228, 2.83000073437, 0.960383422429, 1.47540511558, 1.2600004616, 1.14000005629, 2.72646328426, 3.11339041212, 0.979256455814, 3.04000085477, 1.00130235842, 0.805678921748, 1.00000022242, 1.00000009644, 1.07578180027, 6.42225271422, 0.973665524033, 1.00000016531, 105.210284948, 1.00702977028, 2.95925026714, 0.973973121903, 3.29000033343, 1.00000014767, 8622.52791752, 1.07238605898
3.56538993758, 1.06191167165, 1.69141427028, 0.994242585193, 2.83000033065, 0.968377266243, 5.35407583073, 1.26000001649, 1.1400005573, 3.56693385733, 3.0576164598, 0.939205427706, 3.04000086229, 1.10312981255, 0.78147995066, 1.00000083148, 1.00000053428, 1.06869767189, 6.13170548145, 0.940558063561, 1.00000045286, 122.830712652, 1.04176266379, 4.15378442714, 0.951200666637, 3.29000094994, 1.0000000321, 54535.1237413, 3.48525469169
4.33639731679, 1.01030612808, 1.44557866406, 0.927905783048, 2.83000015801, 1.00408915195, 1.4843980535, 1.26000034392, 1.14000000223, 2.7144113476, 2.92332048704, 0.967597409285, 3.04000096762, 1.05739105862, 0.849882080864, 1.00000031582, 1.00000029214, 1.07008070858, 9.38192180271, 0.969294368294, 1.0000002099, 111.99551052, 0.978944335207, 4.69010921048, 1.04539652721, 3.29000001886, 1.00000040526, 11473.3378431, 0.804289544236
4.52558172073, 1.10006700838, 1.65485384329, 0.910376040566, 2.83000042278, 1.03678132956, 1.07944612615, 1.26000059195, 1.14000073916, 3.53071667512, 2.85625543679, 1.00467380301, 3.04000047593, 1.05229670702, 0.813593689176, 1.0000000866, 1.00000063397, 1.08850324309, 4.55288669131, 0.992367844346, 1.00000054687, 108.995609993, 0.967249722656, 2.33068381328, 1.00673192093, 3.29000001713, 1.0000003144, 950.74168028, 0.268096514745
4.06562653752, 1.01613966715, 1.42302647968, 0.915426705784, 2.83000081633, 1.04027181525, 2.03491268135, 1.2600004102, 1.14000054356, 3.55853749273, 3.07337224309, 1.09830705133, 3.04000004788, 1.04128222816, 0.790780860777, 1.00000024776, 1.00000070899, 1.0981775655, 7.17544625901, 0.995472123306, 1.00000037485, 102.601247362, 0.992721804654, 1.7889399986, 1.03380890273, 3.29000076398, 1.00000037036, 30417.5709368, 8.04289544236
5.08942519467, 1.04998425366, 1.73145660238, 0.940065189074, 2.83000077121, 0.919807508511, 3.48109329129, 1.26000098028, 1.14000037516, 3.1197310878, 1.99735162833, 0.942163895391, 3.04000011248, 1.05043244203, 0.80572694904, 1.00000068241, 1.00000020049, 1.0911766088, 8.76484762355, 0.910530459905, 1.00000088667, 119.896899316, 1.04762534653, 1.39363454731, 1.06299129262, 3.29000075598, 1.00000063187, 29979.6014783, 1.07238605898
5.46048805465, 1.0184185714, 1.65823495484, 0.841734424624, 2.83000046052, 1.02063460341, 1.06858491472, 1.26000044278, 1.14000079253, 3.62750527693, 3.02609510244, 1.03217735161, 3.0400006673, 1.08470187582, 0.832649906332, 1.00000042897, 1.00000008096, 1.09557011374, 4.62398264509, 0.928706502072, 1.00000050257, 103.269901064, 1.02578928839, 5.62851206311, 1.03988632638, 3.29000047045, 1.00000012331, 2657.80806083, 1.60857908847
1.51032208876, 1.0297456055, 1.36327323309, 0.837321035068, 2.83000098039, 0.851333858122, 2.01095793348, 1.26000078683, 1.14000019212, 2.76032495011, 2.70277652881, 0.919948793533, 3.04000076406, 1.05286181983, 0.826977259326, 1.00000081664, 1.00000052965, 1.07810504362, 6.47313586288, 0.996426288718, 1.00000072105, 120.727284446, 0.859745472635, 1.69591298974, 0.956351750117, 3.29000047656, 1.00000031886, 23726.6101623, 1.34048257373
2.98109751424, 1.00714061611, 1.51280404575, 0.903596728751, 2.83000081228, 0.853449310098, 2.23027025783, 1.26000081326, 1.14000038014, 2.07129882129, 2.89169649673, 0.880393409193, 3.04000060374, 1.0224207489, 0.941817115107, 1.00000045675, 1.00000038104, 1.03434905788, 4.32760134864, 0.989643870049, 1.00000041265, 122.672632668, 1.02080404925, 2.95330683172, 0.989860870558, 3.2900000443, 1.00000056927, 1858.10462658, 0.0
4.70715593137, 1.06015536537, 1.62903859808, 0.880760759231, 2.83000036122, 0.898741002014, 2.2697730634, 1.26000085663, 1.1400007471, 2.40608084184, 2.85964518618, 0.897193914831, 3.04000049283, 1.08718714024, 0.831652421252, 1.00000098875, 1.00000056593, 1.0486004716, 3.98136549553, 0.995383817333, 1.00000080483, 94.2660003192, 0.918935085757, 1.28478784889, 1.01073640232, 3.29000059455, 1.00000089257, 192.976588414, 0.268096514745
3.31565807722, 1.0869970147, 1.73926227547, 0.851127477292, 2.83000097325, 0.866965820072, 2.5310205934, 1.26000092307, 1.14000087937, 2.86978094365, 3.05139505619, 0.94523844222, 3.04000097528, 1.00481098843, 0.783824825294, 1.0000004134, 1.00000045807, 1.09348861363, 4.10403133991, 0.983457966233, 1.00000089848, 122.752732289, 1.00902636919, 2.19038451188, 0.99586642532, 3.29000052154, 1.0000007564, 35668.1466192, 4.28954423592
3.41547650484, 1.02342380082, 1.59141335238, 0.880613612, 2.83000076662, 0.93185557664, 1.00704900506, 1.26000013366, 1.14000090259, 2.36553877542, 3.10695709793, 0.885753241102, 3.04000099655, 1.07469828899, 0.810080436068, 1.00000057599, 1.00000098134, 1.03309492366, 5.81599477207, 0.991503895701, 1.00000088805, 121.34312708, 1.08213384777, 3.01798736498, 1.03588806017, 3.29000032482, 1.00000038096, 29261.3461574, 3.75335120643
2.98977184976, 1.11789782826, 1.71829848438, 0.809031320092, 2.83000077263, 0.932462375607, 2.01424772885, 1.26000077619, 1.14000060935, 3.621058485, 2.58908965223, 0.941904044008, 3.04000097882, 1.05006326271, 0.853605183313, 1.00000091366, 1.00000081123, 1.01767833288, 6.5586509927, 0.9858323028, 1.00000032246, 112.594261018, 0.981064433421, 1.52864146984, 0.973228931565, 3.2900005886, 1.00000015577, 4633.22996842, 7.23860589812
3.20201859874, 1.00469070418, 1.45730388278, 0.994641057007, 2.83000089908, 0.873333391982, 3.94939253869, 1.26000080285, 1.14000029249, 2.50651480019, 2.3991602297, 0.981831941251, 3.040000349, 1.07681637099, 0.800341476012, 1.00000036973, 1.00000085366, 1.01868155233, 7.9834361443, 0.991209119611, 1.00000005984, 115.383986245, 0.912179641548, 2.30117270939, 1.01206039754, 3.29000011799, 1.00000039567, 1925.43080484, 0.268096514745
3.14667587475, 1.10161051911, 1.46236034901, 0.947223080901, 2.83000005034, 0.908405371855, 1.9792537029, 1.26000035218, 1.14000080675, 3.62817975731, 2.76374182303, 0.881324777169, 3.04000075129, 1.09908129562, 0.813355889364, 1.00000016843, 1.00000053296, 1.06815763707, 4.51306544679, 0.981525986648, 1.00000098404, 118.240123185, 1.07127303288, 3.0703073258, 1.02466043849, 3.29000052351, 1.00000028604, 67082.2271443, 2.9490616622
1.47669920872, 1.04601219001, 1.59283637305, 0.875289349563, 2.83000092416, 0.980898093679, 3.13665553196, 1.26000020264, 1.14000071362, 3.22064002062, 2.22322499849, 0.890332686995, 3.04000027591, 1.03245992737, 0.902823705453, 1.00000016694, 1.00000094118, 1.00161246348, 6.93083269798, 0.958100872842, 1.00000016014, 120.380495775, 0.934903490259, 2.09368668352, 1.00129741528, 3.29000099957, 1.00000053265, 23661.9668386, 0.0
2.75769031687, 1.05532928898, 1.56920680614, 0.934699488342, 2.83000099251, 0.870065273071, 3.90098091744, 1.26000023129, 1.14000096926, 2.80624156359, 2.82420331994, 1.03953498984, 3.04000000685, 1.0711528565, 0.841835185095, 1.00000090844, 1.00000000072, 1.03760383069, 9.90241210198, 0.99372727119, 1.00000058521, 116.647690052, 0.945215328861, 2.43055973504, 0.975143958804, 3.29000092354, 1.00000028198, 17085.6846077, 1.07238605898
1.36389905213, 1.05644889017, 1.51829621901, 0.933834091303, 2.83000067896, 1.01040361087, 1.78863717482, 1.26000079079, 1.14000001506, 3.47305698114, 2.62591063988, 0.910556145752, 3.04000085636, 1.09268226002, 0.879565038879, 1.00000039805, 1.00000062894, 1.02213331626, 6.98833281319, 0.993500601102, 1.00000060494, 103.254879943, 1.0486192027, 4.04908891478, 1.01417933573, 3.290000046, 1.00000003189, 18782.8276983, 0.536193029491
2.80268254157, 1.02538475695, 1.64490913386, 0.951901197797, 2.83000098544, 1.01704358579, 1.46716988933, 1.26000043666, 1.14000035829, 2.42605120497, 2.37132811558, 0.961252435275, 3.04000004126, 1.06823186896, 0.780515169782, 1.00000016138, 1.00000073206, 1.01404975104, 5.18326787269, 0.986246269639, 1.00000012199, 122.770591913, 1.04229953737, 3.74731554871, 0.959424942408, 3.290000659, 1.00000020892, 9302.06629633, 3.21715817694
5.06900043261, 1.11835432614, 1.63665892869, 0.871409144667, 2.83000036139, 0.981606068886, 2.81208438029, 1.26000044577, 1.14000032866, 3.15735349227, 3.09052794781, 0.915937559241, 3.04000003724, 1.11735438981, 0.785084786412, 1.00000070053, 1.00000064617, 1.07239445899, 5.78151255966, 0.984348916804, 1.00000090169, 91.3705469189, 0.904796912864, 2.50728952297, 1.02768570572, 3.29000073009, 1.00000063266, 48743.8234371, 10.9919571046
4.02167211413, 1.10813044492, 1.55337830287, 0.950311994894, 2.83000067069, 0.892221116084, 1.77219509902, 1.26000069602, 1.14000037441, 2.23360908225, 1.81702477886, 0.950033117686, 3.04000056332, 1.05267792173, 0.818653148551, 1.00000075062, 1.00000001861, 1.10544918755, 7.69657305852, 0.990702248373, 1.00000047662, 120.450257547, 0.993009231363, 2.12153209348, 1.0167943456, 3.29000001539, 1.00000011677, 6711.23536897, 0.268096514745
1.10229916027, 1.02636919899, 1.42193964443, 0.847618913019, 2.83000036781, 0.856933579978, 5.14115085957, 1.26000067309, 1.14000046118, 2.76184341305, 2.89411107477, 1.09627058057, 3.04000063262, 1.01031436488, 0.824753776168, 1.00000065944, 1.00000048819, 1.01716530055, 4.73125113435, 0.975439953392, 1.00000062949, 112.277691243, 1.06891464388, 1.0273319006, 1.02826257929, 3.29000097793, 1.00000074122, 161883.549651, 4.28954423592
5.49624145279, 1.01661534578, 1.69032810892, 0.981173224272, 2.83000046816, 0.895971977262, 4.55660286519, 1.26000014948, 1.14000027988, 1.69731426093, 3.0964920915, 0.887399429358, 3.0400000997, 1.1197365508, 0.80976528873, 1.00000017931, 1.00000014454, 1.03138683412, 3.95246036155, 0.978918516428, 1.00000003229, 124.193451098, 1.02821848407, 4.12462165046, 0.981354347094, 3.29000059422, 1.00000074962, 66082.0856071, 5.36193029491
1.59578268169, 1.0538921396, 1.5776904361, 0.90818916963, 2.83000041451, 0.996854290557, 2.9319374059, 1.26000000691, 1.14000092058, 3.56399986442, 2.90340066994, 0.918662911113, 3.04000070143, 1.08761244041, 0.926858643593, 1.00000027561, 1.00000094302, 1.03061227661, 8.02803517819, 0.977026300972, 1.00000046334, 124.137854553, 1.03911725257, 2.77902604059, 1.03645337427, 3.29000076693, 1.00000055573, 25922.5119809, 2.14477211796
5.53786928712, 1.00798036805, 1.43231035861, 0.836624473571, 2.83000075522, 0.875387439515, 2.27113499237, 1.2600006455, 1.14000069133, 2.00745091656, 2.65012636622, 1.03905950107, 3.04000061523, 1.04369557186, 0.812380398269, 1.00000043889, 1.00000028878, 1.05327397523, 4.19730202397, 0.984620379127, 1.00000050886, 100.231347484, 1.03845875141, 2.29005557308, 1.01108431121, 3.29000099827, 1.00000050983, 18391.2201199, 0.268096514745
4.20962408124, 1.10931530291, 1.56009619664, 0.920284118253, 2.83000040317, 0.899181569061, 1.72470365987, 1.26000054406, 1.14000081315, 3.09900144403, 2.90601558372, 0.88563589204, 3.04000073171, 1.11850917524, 0.800658032429, 1.00000055621, 1.00000028948, 1.04014254191, 3.64470921477, 0.947683043238, 1.00000074368, 109.890763761, 1.02215610648, 5.07191992603, 1.02848609484, 3.29000064964, 1.00000067168, 5787.93706491, 2.9490616622
3.47243129299, 1.10405764173, 1.46457863469, 0.946778029276, 2.83000089907, 0.854199410796, 2.83196755435, 1.2600005561, 1.14000062423, 1.75351680473, 2.93521188165, 1.01952784827, 3.04000076252, 1.11130203226, 0.797270205184, 1.00000052118, 1.00000048653, 1.05761748046, 5.92228990116, 0.938384816679, 1.00000011851, 93.8770778043, 1.05549223156, 1.7356752911, 1.06586641536, 3.29000088843, 1.00000018008, 9914.86283413, 1.34048257373
4.70909412908, 1.10511779799, 1.71239077746, 0.937010092272, 2.83000077741, 0.985920675025, 2.59528803046, 1.26000017153, 1.14000055288, 2.14910481001, 2.03002897457, 0.885052187927, 3.04000059697, 1.0282043344, 0.832955911234, 1.00000036807, 1.00000052429, 1.04080152271, 7.92997079179, 0.979350693554, 1.00000024895, 124.691539077, 0.989819156988, 3.47423802992, 0.950317728646, 3.2900006291, 1.00000025504, 33018.1109918, 2.14477211796
2.7008695542, 1.08095232443, 1.55737859785, 0.879975388907, 2.83000080726, 0.856861440918, 2.35371578741, 1.26000088185, 1.14000099026, 2.42649056436, 2.60651399171, 0.969197191826, 3.04000095405, 1.05750751217, 0.810388673003, 1.00000022635, 1.00000068529, 1.07195034402, 7.46089093912, 0.994516096918, 1.00000029562, 120.414814643, 1.08773730341, 4.63777796291, 1.05498757946, 3.29000029764, 1.00000080825, 19517.8473141, 2.14477211796
5.00463978501, 1.12172510824, 1.6627695564, 0.925775970442, 2.83000099057, 0.91275281958, 1.47910764941, 1.26000050849, 1.14000079666, 1.67666625457, 2.80612447727, 0.908852307444, 3.04000038909, 1.07654036976, 0.905519428609, 1.00000053452, 1.00000087088, 1.01140770523, 3.70504913513, 0.949042006039, 1.00000011695, 106.992943163, 1.03520433621, 2.21420835857, 1.00738148589, 3.29000082929, 1.00000066664, 23198.1925008, 4.02144772118
4.45686103718, 1.05545932233, 1.57918917441, 0.829556581707, 2.83000091198, 0.921840046912, 1.38314405009, 1.26000055203, 1.14000037976, 3.42415397438, 2.6699180228, 0.899801327147, 3.04000019084, 1.05462819029, 0.918988655249, 1.00000005747, 1.0000001834, 1.04242049452, 6.75849257178, 0.997742731737, 1.00000090876, 84.520467972, 1.00049141094, 2.6788472809, 0.990368005238, 3.29000061055, 1.00000068417, 65097.2243903, 1.60857908847
3.7869202216, 1.08538939465, 1.57527259266, 0.902507267999, 2.83000019756, 0.877319500713, 2.99108678342, 1.26000038059, 1.14000044311, 3.42370642739, 2.66992852128, 1.03001505767, 3.04000065919, 1.08430330893, 0.840460531509, 1.00000005844, 1.00000062523, 1.01281069447, 4.0547936376, 0.999232120045, 1.00000064018, 105.187731597, 1.01097038822, 2.55691293301, 0.963741033046, 3.29000000973, 1.00000082162, 13655.8945219, 2.68096514745
4.60810643661, 1.02666433206, 1.46800866096, 0.951620824239, 2.83000000033, 0.887914655027, 2.89084851503, 1.2600001356, 1.14000076942, 3.41388289618, 1.94764651667, 1.05951954177, 3.04000070098, 1.09011011178, 0.787476511119, 1.0000005782, 1.00000021288, 1.02122958063, 6.55621882184, 0.959606689438, 1.00000060171, 111.840412047, 0.862540174527, 3.97047236121, 0.950293082941, 3.29000021953, 1.00000051512, 38083.4423808, 2.14477211796
4.37463958627, 1.03201753326, 1.57814366955, 0.857356229155, 2.83000063208, 0.865615103305, 2.6486206135, 1.26000012635, 1.14000006979, 2.58879103234, 2.73470843167, 0.928407754815, 3.04000052132, 1.04033561863, 0.881060697538, 1.00000049066, 1.00000018528, 1.05719774259, 6.39474958837, 0.955052475371, 1.00000044295, 105.719264758, 1.06879107892, 1.52801691082, 1.01389029837, 3.29000075299, 1.00000057922, 10900.1156347, 0.536193029491
4.08695619034, 1.12708441856, 1.7078195914, 0.866500533923, 2.83000069638, 1.00809949766, 2.182646477, 1.26000027803, 1.14000082827, 3.70161937749, 2.9129974213, 0.900460124849, 3.0400005752, 1.1144295348, 0.796829103784, 1.00000029122, 1.00000017582, 1.06636828043, 5.03013688891, 0.944379905607, 1.00000020039, 110.617260473, 1.0443039354, 2.36975718381, 1.03619860476, 3.29000049381, 1.00000058786, 75136.8034867, 9.91957104558
5.26453918573, 1.06656924871, 1.45650392682, 0.907154837207, 2.83000056688, 0.857397600882, 2.27643275604, 1.26000082411, 1.14000072583, 3.59103248748, 3.1026772765, 1.05902936336, 3.04000045714, 1.08417271711, 0.798421227221, 1.00000035857, 1.00000041262, 1.08640293207, 6.81817807541, 0.990392936027, 1.00000016692, 85.2196349717, 0.885868003242, 4.74623384116, 1.02088685144, 3.29000063086, 1.00000095061, 7914.03425306, 2.9490616622
3.05500877502, 1.07305326471, 1.54117797438, 0.95851006722, 2.83000030669, 0.851377745019, 2.40480289846, 1.26000079209, 1.14000060668, 3.01992814552, 2.94066450775, 1.07245807592, 3.04000035912, 1.1168137076, 0.918586453479, 1.00000076382, 1.00000043024, 1.02187754486, 4.06029315685, 0.994958372843, 1.00000019294, 98.3910016021, 0.994285888677, 5.78361564007, 0.959982319527, 3.29000095809, 1.00000094353, 34014.5898771, 3.75335120643
2.05822018485, 1.09355937563, 1.72709509356, 0.889556771344, 2.83000023434, 0.932735884285, 2.90630057874, 1.2600007902, 1.14000082603, 2.62648140703, 2.20634277358, 1.09147608563, 3.04000033075, 1.04855845413, 0.825701565936, 1.00000076747, 1.00000003854, 1.02625263465, 5.32153625001, 0.997023128958, 1.00000055471, 116.632666472, 0.963298382948, 2.19296031603, 0.979763613438, 3.29000071988, 1.00000084327, 63801.9593672, 4.28954423592
2.23952384462, 1.00909106543, 1.6707338839, 0.827516254331, 2.83000040631, 0.873875427069, 4.94443602854, 1.26000054523, 1.1400007957, 3.00423158568, 2.40447526871, 0.998080492337, 3.04000093498, 1.00990009686, 0.809530624895, 1.00000082016, 1.00000044552, 1.06207467048, 3.71299768921, 0.975464471156, 1.00000043879, 107.273504439, 1.07994645015, 1.17436781485, 1.01807702112, 3.29000025914, 1.00000017077, 5172.78999272, 0.0
4.07343411225, 1.03357041609, 1.71953107193, 0.941006111987, 2.83000077356, 0.92090849911, 5.00864351347, 1.26000044055, 1.14000022995, 3.13273049844, 2.82972190726, 0.922136778478, 3.04000049698, 1.03341852054, 0.784096103741, 1.000000637, 1.00000068766, 1.09246415747, 7.51236292846, 0.973613083874, 1.00000064426, 120.850273757, 0.956184372215, 1.93040678292, 1.04359194657, 3.29000044251, 1.00000041169, 7041.80386903, 0.0
5.27416800782, 1.03458581705, 1.53078350776, 0.817200177472, 2.83000046014, 0.967813675394, 3.02009044214, 1.26000071997, 1.14000007932, 2.41154761295, 3.03770356479, 0.953424872809, 3.04000018847, 1.04212997122, 0.831256324027, 1.00000004601, 1.00000081599, 1.04283043912, 4.31503920214, 0.93520334936, 1.0000001534, 99.7805974255, 1.07771661364, 2.83550559253, 1.00434109931, 3.29000056319, 1.00000014383, 4862.18754203, 3.21715817694
2.06549065026, 1.1038554883, 1.71026899633, 0.819087112019, 2.83000049694, 0.907056299805, 2.97069549159, 1.26000030424, 1.14000073619, 3.42944873516, 2.70965733624, 0.921194649484, 3.04000024003, 1.08244141079, 0.964054316487, 1.00000093465, 1.00000011336, 1.08565039623, 6.49905926301, 0.998682531643, 1.00000006376, 114.82840534, 1.06065348969, 4.26413506596, 1.03712331714, 3.29000071801, 1.00000097615, 44029.1052817, 6.43431635389
1.76647092437, 1.10426667747, 1.61657870582, 0.884817999176, 2.83000065827, 0.899197306099, 2.78464311659, 1.26000098862, 1.14000083943, 3.56900432235, 2.99647420718, 0.997283310286, 3.04000053686, 1.11188410234, 1.03943872884, 1.00000055184, 1.00000074586, 1.04173880431, 3.76596086212, 0.946471511646, 1.00000082875, 120.720723763, 1.08528733133, 1.23721490795, 1.05944452569, 3.29000023456, 1.00000055675, 16956.1945738, 1.60857908847
4.35090350954, 1.02875748681, 1.58139361478, 0.910971263898, 2.83000056165, 0.927908188916, 2.05989305493, 1.26000019042, 1.14000037639, 2.81241920639, 2.14309898227, 0.960746291781, 3.04000099172, 1.0814061197, 0.83357646684, 1.00000071723, 1.00000089373, 1.04641997166, 4.21314281864, 0.979583029761, 1.00000045389, 97.0459047807, 0.984322191366, 1.94038060982, 1.02021379625, 3.29000026529, 1.00000096336, 4608.91313296, 1.07238605898
3.09074346863, 1.09065067434, 1.62334470507, 0.830414093459, 2.83000080625, 0.905288808714, 3.07836025101, 1.26000095735, 1.14000028593, 3.62558337083, 2.21341195775, 0.91386283602, 3.04000002699, 1.06807840975, 0.952539708564, 1.00000035466, 1.00000008391, 1.05734305529, 6.60601488131, 0.967998159559, 1.00000010644, 105.277976539, 0.989528398773, 3.79421810916, 1.0029170705, 3.29000072062, 1.00000076497, 18017.8061346, 6.43431635389
4.32503913936, 1.02992319796, 1.43709590237, 0.933426662766, 2.83000082577, 0.853636204082, 3.22219956895, 1.26000081794, 1.14000050312, 2.59075815748, 2.2748584443, 0.885965721352, 3.04000098824, 1.06369730984, 0.825994456415, 1.00000011391, 1.00000095089, 1.08412616183, 8.42926543872, 0.971981984363, 1.00000091245, 95.925763685, 1.03837055675, 3.13540912362, 1.0686073706, 3.29000057371, 1.00000041186, 13245.7291436, 8.04289544236
1.29542273833, 1.01437527669, 1.57782362516, 0.902474110362, 2.83000056525, 1.04710658314, 2.59393509535, 1.26000002595, 1.14000074264, 3.18144609285, 3.00814204816, 1.08738249868, 3.04000012608, 1.09332283023, 0.85533673967, 1.0000004356, 1.00000038606, 1.02836759413, 5.48299581911, 0.99315400886, 1.00000053956, 110.012923385, 1.00957185402, 3.04845707923, 1.04650860939, 3.2900006019, 1.00000077747, 128159.413404, 2.9490616622
3.35949192657, 1.07912662443, 1.55926815716, 0.964896137883, 2.83000082381, 0.922262653598, 2.34703149876, 1.26000046196, 1.14000017713, 3.19285332212, 2.50547184821, 1.00170545738, 3.04000043487, 1.09086671989, 0.862580517228, 1.00000099994, 1.00000039426, 1.08587441991, 7.82460064723, 0.976171179892, 1.00000040557, 116.640558081, 0.964307323883, 4.93761239589, 1.04152579343, 3.29000069895, 1.00000010371, 12737.1087036, 4.55764075067
4.72902702927, 1.0431776244, 1.5790688397, 0.853182016059, 2.83000080588, 0.891446029691, 3.69648939207, 1.26000044008, 1.14000028155, 2.6129850137, 2.78416952096, 0.990542415838, 3.04000077664, 1.09766063202, 0.817951333169, 1.00000001378, 1.00000053864, 1.06030861316, 6.89362205842, 0.949795371929, 1.00000099614, 96.3290994205, 1.00497085249, 2.43041446719, 1.04269348183, 3.29000006046, 1.00000009364, 34824.7813692, 4.55764075067
5.76702023654, 1.11522462937, 1.61514084619, 0.819002983516, 2.83000053119, 0.863359286014, 2.3392851506, 1.26000025687, 1.14000085411, 3.44387219517, 1.67329237858, 1.00366162301, 3.04000073709, 1.09296891209, 0.794782765605, 1.00000055195, 1.00000088914, 1.10548218412, 5.30324518954, 0.98156683909, 1.00000042739, 99.5968295717, 0.937079715157, 4.31850654377, 0.981343616182, 3.29000075711, 1.00000010689, 8053.80266127, 6.97050938338
2.36356422945, 1.1071708899, 1.70390408344, 0.905567928726, 2.83000026263, 0.991139596987, 2.02362190251, 1.260000557, 1.1400002844, 2.62891989556, 2.53864143472, 0.931675418016, 3.04000093002, 1.05835520779, 0.888996202131, 1.00000072411, 1.00000004333, 1.00993027621, 3.23109712648, 0.951059536588, 1.0000008792, 105.716533013, 1.07306877666, 1.44937336932, 1.03551352567, 3.29000095437, 1.00000050687, 68728.6737093, 6.16621983914
4.72875373152, 1.10752237796, 1.6938586399, 0.843211647807, 2.83000095835, 1.00832663251, 4.26304975769, 1.26000078685, 1.14000051266, 3.3099846725, 2.89344772559, 0.944822411278, 3.04000046873, 1.01489627793, 0.788402144714, 1.00000023398, 1.00000035708, 1.08430991332, 5.45119317889, 0.996470144761, 1.00000053256, 102.429101534, 1.07244417183, 3.10098233816, 0.986595918427, 3.29000015168, 1.00000059154, 36870.1984837, 3.48525469169
5.75752290361, 1.00658903467, 1.46288111438, 0.82475840952, 2.83000024245, 1.00277323849, 3.95665136792, 1.2600002432, 1.14000051662, 3.53396192001, 2.90885679545, 0.908991847315, 3.04000079974, 1.04101089113, 0.785879739129, 1.0000003869, 1.00000095459, 1.03700765955, 5.30191091477, 0.943855633626, 1.00000072231, 92.4639542438, 1.00834140876, 3.10224346558, 1.02517199015, 3.29000087014, 1.0000008296, 3584.84761059, 1.60857908847
1.87601027954, 1.08910306333, 1.63472097924, 0.95685851576, 2.83000081372, 0.888666508023, 2.38140612376, 1.26000066532, 1.14000051161, 3.11094373565, 2.54720369188, 0.923039641935, 3.04000001516, 1.06684120844, 0.820537661462, 1.00000098941, 1.00000027899, 1.06136514292, 7.84103398168, 0.99078693799, 1.00000073753, 85.3657658957, 1.07913922964, 1.21532569158, 1.05377492861, 3.29000087044, 1.00000041617, 11759.6685673, 1.87667560322
4.82107875293, 1.10299496827, 1.73617391546, 0.954277173446, 2.83000036571, 0.918182041151, 2.25316048799, 1.26000053508, 1.14000093458, 3.51917155827, 1.62519863438, 0.90500514209, 3.04000089436, 1.0758954371, 0.784152513371, 1.00000055763, 1.00000003214, 1.08533845288, 7.22700355333, 0.997834993333, 1.00000030135, 113.549168105, 0.936380627354, 5.13070350843, 0.985445016303, 3.29000065099, 1.00000006576, 20472.9251782, 0.804289544236
3.72194447444, 1.0747447448, 1.60708164935, 0.928134396154, 2.83000009087, 0.895212302389, 2.53252911232, 1.26000040908, 1.14000084581, 3.68413941094, 2.48446020171, 0.951945688491, 3.04000002919, 1.0801697366, 0.935191129289, 1.00000064209, 1.00000000925, 1.05428311201, 8.28233727288, 0.971286615522, 1.00000075372, 97.0860274268, 0.942839538907, 3.15234077315, 0.987886992014, 3.29000016898, 1.00000046217, 12153.6699386, 1.60857908847
3.17500070223, 1.08477457197, 1.62550854215, 0.899428470258, 2.83000067291, 0.887807355516, 2.50374462747, 1.26000084568, 1.14000029749, 3.51174148096, 2.75171463053, 1.07461902369, 3.04000090365, 1.07819398469, 1.01022914997, 1.00000032661, 1.00000014321, 1.02524480053, 3.59202165618, 0.968475089809, 1.00000017034, 116.654072141, 1.00303746484, 5.75774417273, 0.967607388529, 3.2900006404, 1.00000050285, 18799.9589245, 3.21715817694
3.03283863613, 1.07790015514, 1.5699105743, 0.844548136163, 2.83000044713, 0.881821091796, 3.50861685759, 1.26000087619, 1.14000036028, 2.45299862899, 2.76025741105, 1.01532836871, 3.04000082913, 1.00825567595, 0.912548240679, 1.00000049306, 1.00000009052, 1.02661671238, 7.65584618941, 0.989676470527, 1.00000083388, 107.200095665, 1.07587435773, 3.57953087987, 1.0231748075, 3.29000084114, 1.00000063855, 13195.0085961, 0.536193029491
4.96919274879, 1.07649474063, 1.57463854161, 0.888515665979, 2.83000011557, 0.856944568272, 2.40098854695, 1.26000085805, 1.14000054429, 1.95678082802, 2.66019192078, 1.04242813733, 3.0400007935, 1.0907881505, 0.837854192138, 1.00000010189, 1.00000044563, 1.09891936125, 5.71130769561, 0.982202939408, 1.00000010523, 95.2891510544, 1.08167744029, 1.33925616622, 1.05782281698, 3.29000005298, 1.00000037899, 806.94451308, 2.68096514745
5.3167884025, 1.08062879533, 1.64843735023, 0.97262748069, 2.83000008825, 0.893028046514, 1.88972232584, 1.26000076018, 1.14000051329, 2.47977272275, 3.01963129773, 0.958632708596, 3.04000049804, 1.10853866873, 1.04630930763, 1.00000087019, 1.00000081193, 1.03424708722, 3.6849959664, 0.978043113716, 1.00000094776, 105.529747096, 1.06068364543, 1.95408019753, 1.01066487078, 3.29000066303, 1.00000009873, 30237.0215692, 3.21715817694
1.49839838005, 1.0415812095, 1.43278906551, 0.897981258299, 2.83000088232, 0.882015554548, 5.62842331385, 1.2600004971, 1.14000087902, 3.44365391224, 1.84688744578, 0.984958704445, 3.0400009042, 1.02234098245, 0.894802742854, 1.00000011119, 1.00000015197, 1.06381719148, 9.78014277517, 0.996510041872, 1.00000072086, 113.2422275, 1.08866980959, 2.51996828684, 1.04099588986, 3.29000069213, 1.00000051305, 1272.9705522, 0.536193029491
2.59437443942, 1.10088243077, 1.60933420288, 0.947445221155, 2.83000038219, 0.890053425208, 4.90608684396, 1.26000043571, 1.14000068746, 3.54275624686, 3.03176305907, 1.05979193457, 3.04000029013, 1.0790015087, 0.857671001806, 1.00000077505, 1.0000001486, 1.03347933177, 3.27825639086, 0.94393811641, 1.00000045002, 114.167054975, 1.05273787019, 2.35860897169, 1.01002634417, 3.29000093667, 1.00000049905, 15088.8816627, 5.63002680965
2.92920370258, 1.06231836415, 1.71837584299, 0.924457599971, 2.83000038567, 0.912536156378, 1.96652948408, 1.26000095372, 1.14000046477, 3.62263071799, 2.31340817328, 1.02414684148, 3.04000081939, 1.09051458715, 0.869486676851, 1.00000029168, 1.0000001955, 1.07113678197, 8.69147101182, 0.96957430798, 1.00000070646, 107.782600269, 1.04182563462, 3.97895509337, 0.964508761641, 3.29000079368, 1.00000008589, 41232.5728657, 6.43431635389
5.48818591917, 1.00502710314, 1.57024872803, 0.928794309375, 2.83000037571, 1.02274001206, 2.80491805641, 1.260000426, 1.14000001828, 3.10324171942, 2.82679237839, 0.967197950068, 3.04000026661, 1.03284092748, 0.878533621177, 1.00000036422, 1.00000056223, 1.02095533444, 5.36343214534, 0.986724735487, 1.00000046797, 118.059729081, 0.979133079774, 4.82708658046, 0.990607047939, 3.29000067209, 1.0000006498, 4869.67024642, 1.34048257373
4.46425561697, 1.08948275911, 1.70045247488, 0.895378519985, 2.8300009759, 0.893003531815, 4.21173217285, 1.26000042302, 1.14000007333, 3.51326365086, 2.47177418243, 1.09449703917, 3.0400007814, 1.00826249551, 0.862576685149, 1.00000028024, 1.00000066131, 1.02235264562, 6.07746654329, 0.98968426282, 1.00000088461, 118.373091643, 0.9423839059, 2.47405675126, 0.971246999703, 3.29000010282, 1.00000004071, 13206.2769935, 2.41286863271
4.35877937477, 1.05739570766, 1.47199076706, 0.869444468028, 2.83000072127, 0.978728687969, 2.18206988274, 1.26000029947, 1.14000015992, 3.56792292822, 2.29284646574, 1.03027198048, 3.04000051529, 1.07623786589, 0.842889409781, 1.00000050055, 1.00000027891, 1.09742015168, 4.35237866715, 0.977905546249, 1.00000058511, 118.778609033, 1.07031018472, 4.96092437909, 1.04582918437, 3.29000071192, 1.00000081841, 28774.9641137, 4.02144772118
5.39104418598, 1.02268285594, 1.58499344819, 0.951184584718, 2.83000052495, 1.11416944087, 1.04069755353, 1.26000046365, 1.14000059582, 2.85351776396, 2.02324037314, 0.89298255151, 3.04000055929, 1.11379720744, 0.809310823032, 1.00000075758, 1.00000001699, 1.02542524646, 3.61350728921, 0.943522929208, 1.00000051967, 101.29262978, 1.07568316554, 2.85350800434, 1.0230752198, 3.29000025097, 1.00000051411, 33365.5432679, 1.34048257373
5.05052191194, 1.00042749166, 1.5797474386, 0.849284749384, 2.83000058006, 1.01465243681, 4.63672703424, 1.26000013559, 1.14000053871, 3.32171114975, 2.78121635532, 0.934944528243, 3.04000099845, 1.09511243901, 0.828535052947, 1.00000052126, 1.00000022693, 1.06775442028, 9.02259157014, 0.919799763721, 1.00000007871, 106.087464943, 1.05264319551, 5.74876152626, 1.0007782052, 3.29000005876, 1.00000079981, 37834.8021571, 3.21715817694
5.16183271141, 1.01700601323, 1.54647431724, 0.975906974723, 2.83000018656, 0.915671226034, 1.17593161569, 1.26000003979, 1.14000005007, 3.55216154346, 3.07428794155, 0.934614438575, 3.04000018496, 1.09017599284, 0.989721089884, 1.00000064096, 1.00000028279, 1.06021269846, 4.50397165185, 0.993448492418, 1.00000020139, 101.636451324, 1.0098478648, 4.2696317219, 1.05741489233, 3.2900003147, 1.0000000871, 18043.3655435, 1.60857908847
5.4023635671, 1.09269356129, 1.71866231542, 0.967802880167, 2.83000074818, 1.12039455916, 1.10259022931, 1.26000049589, 1.1400003348, 2.92360580799, 3.05835280689, 0.956208249031, 3.04000075465, 1.1028843543, 0.934095325268, 1.00000075569, 1.00000064296, 1.0097898586, 4.32354591261, 0.987804860041, 1.00000001202, 92.9666759485, 1.06975247249, 4.90417813331, 0.96379694026, 3.29000022969, 1.00000030876, 14970.4518329, 3.21715817694
4.04167845682, 1.11942424636, 1.73811860586, 0.845316132188, 2.8300005405, 1.04268646601, 4.50737832347, 1.26000059977, 1.14000022472, 3.22287213326, 3.06948076969, 0.896115399408, 3.04000094886, 1.04610559276, 0.892571653413, 1.00000026368, 1.00000010166, 1.02600073022, 5.96348723074, 0.997332505398, 1.00000043349, 84.8176379759, 1.0232133224, 2.89292303591, 1.05435436787, 3.29000057534, 1.000000728, 11485.9709234, 2.14477211796
5.23333201291, 1.01846350127, 1.67720975615, 0.884288065886, 2.83000037701, 0.86444959837, 4.87645780129, 1.26000055366, 1.14000037036, 2.85875442427, 2.51397944458, 1.01180562842, 3.0400003706, 1.00779563244, 0.803914060087, 1.00000009746, 1.00000084572, 1.00500025176, 3.51082073169, 0.99689341909, 1.00000021887, 116.090473842, 1.03260380101, 5.33738924607, 0.96085415278, 3.29000079608, 1.00000002679, 6324.27812673, 2.68096514745
4.27502024299, 1.07834573034, 1.64146469993, 0.87726725045, 2.83000083295, 1.07574851187, 2.17087280127, 1.26000026351, 1.14000074535, 3.47579182459, 2.12339204057, 0.930502115927, 3.04000068618, 1.0092481361, 0.887694085532, 1.00000063068, 1.000000462, 1.02018788546, 7.16779596399, 0.993002796425, 1.00000041897, 120.201855599, 1.06707044459, 1.924026127, 1.03290308014, 3.29000062124, 1.00000027584, 2022.75712884, 1.07238605898
5.32818842478, 1.11242010725, 1.68689498338, 0.850254358735, 2.83000099884, 0.858150121192, 1.80873348396, 1.26000077469, 1.14000016233, 3.64419220146, 2.25266747658, 0.942861814895, 3.04000047055, 1.10376535985, 0.792525332958, 1.00000010578, 1.00000065571, 1.00002113793, 9.77437500747, 0.969212617849, 1.00000021287, 118.402544405, 1.08099718701, 2.31173631101, 1.03456688014, 3.29000096918, 1.00000044218, 9287.09036623, 0.804289544236
5.70712428404, 1.00278654152, 1.56799184425, 0.873053126149, 2.83000081722, 1.14781211406, 1.21309625671, 1.2600005305, 1.14000054136, 3.05571886761, 2.34228088859, 0.91930211101, 3.04000064236, 1.07003816042, 0.891221129588, 1.00000082569, 1.00000066846, 1.0423397511, 3.48147423449, 0.983374510542, 1.00000015609, 122.654295089, 1.08298089545, 5.12905777043, 1.06495121129, 3.29000078829, 1.00000024114, 2668.80760698, 2.41286863271
5.52398535104, 1.10148263466, 1.58163330423, 0.90650079857, 2.83000088628, 0.883159646335, 1.13027969868, 1.26000066404, 1.14000097504, 3.60050848688, 1.8603749048, 0.96411783409, 3.04000042156, 1.09766477226, 0.934202546612, 1.00000080997, 1.00000053484, 1.09726125647, 4.65671480589, 0.975214880049, 1.00000054513, 119.665356586, 1.07391021889, 3.85021983152, 1.04022411803, 3.29000097262, 1.0000002938, 7029.9413837, 0.0
3.25841586416, 1.04819629434, 1.53375223952, 0.849018492783, 2.83000084248, 0.923482828942, 4.27478337637, 1.26000065364, 1.14000038553, 2.83551335535, 1.71297494988, 1.05563275069, 3.04000044007, 1.03444235653, 0.797792925048, 1.00000089691, 1.00000075477, 1.04079742076, 9.87827906432, 0.987214517867, 1.00000019836, 108.867922915, 1.00141931088, 4.42074149988, 1.03415781766, 3.29000086717, 1.00000081581, 758.426806046, 0.804289544236
3.50695834801, 1.11446430737, 1.72383707032, 0.940371161318, 2.83000029566, 0.956601936724, 3.96879343791, 1.26000034811, 1.14000078088, 3.61859230346, 3.0489715635, 1.00751463152, 3.04000006977, 1.07096688082, 0.784452006281, 1.00000087223, 1.00000013721, 1.07220892786, 8.68267179695, 0.970190682607, 1.00000099714, 98.0762621228, 1.00594716602, 3.56344776513, 1.01710640383, 3.29000011509, 1.00000048805, 36770.9449283, 2.68096514745
4.13359270015, 1.1251481496, 1.54066391489, 0.975459656887, 2.83000050362, 0.866697916145, 4.11494783694, 1.26000021838, 1.14000058224, 3.49680297867, 2.87798777686, 0.959597063617, 3.04000090375, 1.06321426462, 0.805491592218, 1.00000097909, 1.00000041711, 1.00832331778, 5.48863703764, 0.98494478311, 1.00000021736, 82.6679604824, 1.06807068296, 4.15908938152, 1.03527751495, 3.29000029577, 1.00000024439, 5066.14761407, 0.0
5.17412977884, 1.00966968065, 1.71783851603, 0.915489441197, 2.83000088213, 0.872572233652, 1.78686715033, 1.26000021857, 1.14000066052, 3.70860574185, 2.72176706483, 1.00505807298, 3.04000086597, 1.00814455443, 0.81989842816, 1.00000002449, 1.00000004761, 1.07533642399, 5.22772878861, 0.957008154929, 1.00000006661, 116.047605118, 0.939705879668, 5.31974798485, 1.0452685627, 3.29000079521, 1.00000021667, 7134.43762753, 1.07238605898
5.99469887969, 1.04647853772, 1.57956584986, 0.8709033188, 2.83000022161, 1.01486836956, 1.36802663107, 1.26000087578, 1.14000089704, 3.57582817636, 2.22780855941, 0.985499060094, 3.04000047257, 1.10827316178, 0.838723849482, 1.00000032691, 1.00000052231, 1.03522091845, 7.27147265967, 0.981447580324, 1.00000017007, 104.55923145, 1.04497410672, 5.37385931708, 0.992889766632, 3.29000015297, 1.00000092082, 1057.85119954, 0.0
5.01212996137, 1.00662000939, 1.49809270137, 0.893346277992, 2.83000008198, 0.861567842483, 2.60047959689, 1.26000086014, 1.14000015622, 2.80859646808, 1.86660440375, 0.898335564078, 3.04000064084, 1.01636890095, 0.978189536843, 1.00000085499, 1.00000045565, 1.0022638873, 4.68639813065, 0.986013402599, 1.00000086078, 103.589518329, 1.07885064665, 2.55099810101, 1.05679474134, 3.29000092826, 1.00000019683, 18401.1994469, 2.68096514745
5.47912012745, 1.05381892924, 1.65861308748, 0.885695462426, 2.83000019615, 0.957245512652, 2.37529431861, 1.26000094872, 1.14000007466, 3.68059401854, 2.73230836101, 0.979549756538, 3.04000023467, 1.08339497649, 0.859122384794, 1.00000006825, 1.00000030447, 1.10767107328, 4.75540252452, 0.970605576669, 1.00000068562, 96.2066144733, 1.02594301667, 5.26009315324, 1.02158537143, 3.29000098575, 1.00000061745, 8132.72240834, 2.14477211796
4.04955228649, 1.01014870852, 1.69546912367, 0.848107409295, 2.8300004693, 0.99297107431, 3.42395181758, 1.26000079525, 1.14000029131, 3.67836246959, 2.80581174176, 1.08386022663, 3.04000009342, 1.08882299882, 0.990010777316, 1.00000064147, 1.00000051478, 1.02782538931, 3.06313837778, 0.954639766756, 1.0000002497, 80.2279867761, 1.00397131808, 2.05065938219, 0.987668331216, 3.29000077493, 1.00000029234, 6220.28359503, 3.48525469169
5.16366405004, 1.05483932375, 1.73798747147, 0.962289743752, 2.8300006748, 1.00023609485, 2.7375261181, 1.26000063803, 1.14000091363, 3.61615914353, 3.08921601051, 0.926671335161, 3.04000089738, 1.11500756535, 0.97833420915, 1.00000058994, 1.00000002327, 1.10309970957, 6.95194455427, 0.952742156735, 1.00000062511, 92.1200460077, 1.08556086825, 2.48959225365, 1.03359616525, 3.29000000914, 1.00000083617, 11052.8880171, 1.87667560322
4.76174715705, 1.01959201625, 1.72545341073, 0.978499756346, 2.83000006442, 1.05722738735, 2.47667719681, 1.26000077263, 1.14000082884, 2.99158738457, 1.70547722331, 0.928553707916, 3.04000035096, 1.05622295194, 0.819533410463, 1.00000055436, 1.00000083024, 1.04870390906, 5.34984303546, 0.992945237906, 1.00000001405, 113.886694717, 1.02991577727, 2.25704124718, 1.04510111079, 3.29000047982, 1.00000015625, 1427.94298296, 0.804289544236
3.81324490531, 1.10950632529, 1.68640485305, 0.830785104494, 2.83000076924, 0.910137157329, 1.60716929809, 1.26000033925, 1.14000044359, 3.47070530339, 2.6451079151, 0.991389888966, 3.04000015799, 1.03801512228, 1.07455216888, 1.00000033506, 1.00000098781, 1.04269860804, 5.43090508804, 0.971984472016, 1.00000030951, 91.0899826043, 1.06103339485, 2.44314595955, 1.0223068513, 3.29000073719, 1.00000093328, 804.519951182, 1.87667560322
4.35877102656, 1.05020450083, 1.57514083309, 0.851895833377, 2.83000044137, 0.907513986694, 1.87747318337, 1.26000052345, 1.14000096008, 3.54431527913, 2.95975470651, 1.05524059908, 3.04000031118, 1.04134804696, 0.870517910513, 1.00000023244, 1.00000040475, 1.03183210534, 7.44573425811, 0.959401979184, 1.00000058512, 96.7541842681, 1.03935536981, 4.07830899416, 1.04553285926, 3.29000076216, 1.00000075861, 52704.2451272, 8.04289544236
4.91871800588, 1.07992876691, 1.68484515364, 0.934925257896, 2.83000027803, 0.892758260735, 5.03965240838, 1.26000010035, 1.14000083786, 3.4531903984, 2.11692939489, 1.05985292377, 3.04000075885, 1.10769470896, 0.942229385933, 1.00000004004, 1.00000076223, 1.09575558484, 3.10226462135, 0.947969664414, 1.00000030392, 108.047533543, 1.05766477743, 1.79930306933, 1.03641561454, 3.29000084045, 1.00000024599, 20924.86627, 3.48525469169
5.12039880517, 1.00956139087, 1.71566037363, 0.810373695207, 2.83000023258, 0.889476979876, 3.745002488, 1.26000022611, 1.14000091371, 3.42654902655, 3.03157131462, 1.03403075731, 3.04000091701, 1.009492603, 0.836209822167, 1.00000039838, 1.00000033811, 1.07980486177, 7.11026671556, 0.933970248678, 1.00000038603, 93.9751882057, 1.059838762, 3.81667647545, 1.05020554968, 3.29000005428, 1.00000044567, 18638.4423052, 0.268096514745
5.23075458576, 1.04245309926, 1.70490218251, 0.876985444834, 2.83000081344, 0.956151325127, 4.67547928528, 1.26000008322, 1.14000031611, 3.30436874736, 2.57827059491, 1.05562115524, 3.04000051068, 1.10621211434, 0.94671533583, 1.00000098261, 1.00000044774, 1.02126346674, 7.34877266926, 0.95755410899, 1.00000028721, 91.6939637953, 1.02464347265, 2.12499199881, 1.0314545818, 3.29000056352, 1.0000009655, 1736.12446282, 4.55764075067
5.82856183029, 1.06210113551, 1.67669051908, 0.947654852088, 2.83000013427, 1.01391187247, 1.72870899752, 1.26000021637, 1.14000004677, 3.68272642488, 1.7356862204, 1.02226416595, 3.04000017713, 1.04167710401, 0.873262690216, 1.00000038991, 1.00000085468, 1.0403346765, 7.01504360694, 0.999251561498, 1.00000035178, 116.591891985, 1.05000221693, 1.2924561007, 1.00875732294, 3.29000042945, 1.0000005607, 7325.47367948, 1.34048257373
3.80857516783, 1.01617661367, 1.71703900831, 0.929278425112, 2.83000088455, 0.895113073106, 4.16523888368, 1.26000072251, 1.1400003976, 2.86428347501, 1.64431445281, 1.03467036353, 3.04000042032, 1.09679216371, 1.01695689624, 1.00000071402, 1.00000076128, 1.00902095323, 4.29902707515, 0.985430222591, 1.00000013046, 105.550699653, 1.05265522241, 4.46068076697, 1.04218442188, 3.29000086701, 1.00000027192, 5793.65429996, 1.07238605898
5.23472467068, 1.00091659284, 1.64018414818, 0.990880293507, 2.83000071725, 0.947949188503, 1.70698506949, 1.26000050355, 1.14000085869, 3.0947590434, 1.81113664017, 1.08816642197, 3.04000069204, 1.1142084237, 0.949949992717, 1.00000089018, 1.00000035665, 1.06873413166, 5.95004470414, 0.975862599269, 1.00000059547, 117.169118251, 1.05318038459, 4.605047633, 1.0533443023, 3.29000005676, 1.00000021496, 22860.097209, 1.34048257373
5.97728907848, 1.02814387804, 1.69513838103, 0.92915338637, 2.83000035595, 0.898412315359, 3.38479875783, 1.26000034662, 1.14000009281, 3.70312946185, 1.57563921361, 1.09324463703, 3.04000004598, 1.00703345932, 0.963238983825, 1.00000052824, 1.0000005744, 1.04740178134, 8.07977657125, 0.971030833153, 1.00000090379, 95.6746088302, 1.04731361522, 4.16269248314, 1.05273346363, 3.2900003915, 1.00000085543, 4917.53347954, 9.38337801609
1.25750820377, 1.12692496589, 1.4760021415, 0.814997586891, 2.83000060302, 0.888937981393, 3.72682353045, 1.26000004894, 1.14000065799, 2.51271213103, 2.39033638284, 0.936594967461, 3.04000030788, 1.1035620782, 0.82332520647, 1.00000088045, 1.0000002128, 1.08525075997, 9.65767711032, 0.923502776877, 1.00000078157, 114.727161898, 1.08773196178, 2.71971747418, 1.06418292179, 3.29000070783, 1.00000087407, 6079.55187162, 1.60857908847
4.43329082874, 1.04325035943, 1.41750313187, 0.840390397322, 2.83000016592, 0.880118898572, 4.88336787388, 1.26000002406, 1.1400003188, 3.70054285465, 1.70414109459, 0.933159455318, 3.0400004589, 1.101791347, 0.959092821264, 1.0000005396, 1.00000004251, 1.09273506659, 9.39728221924, 0.93007065747, 1.00000077283, 116.139884961, 0.988229824999, 2.95581442314, 1.03529168197, 3.29000002209, 1.00000076767, 4468.63802566, 2.68096514745
5.40974175108, 1.1145042342, 1.57046792315, 0.845374856601, 2.8300008702, 0.906099617388, 4.6676599791, 1.26000014955, 1.14000060736, 3.19660173008, 2.05387850474, 0.985365305688, 3.04000053383, 1.10284877026, 0.865663929894, 1.00000023267, 1.0000001042, 1.06884624373, 8.59136088287, 0.918484926237, 1.000000788, 106.796789368, 1.06342243745, 3.47306055555, 1.06778055484, 3.29000062873, 1.00000034966, 27834.6569815, 6.97050938338
4.91456217693, 1.04503124155, 1.47511207926, 0.852905399001, 2.83000097692, 0.963471323596, 4.43869847572, 1.26000003179, 1.14000016376, 2.01887931418, 3.05226109643, 0.982938351096, 3.04000098754, 1.1108408742, 0.818411108927, 1.00000043932, 1.00000074822, 1.08723804544, 9.5650246791, 0.954519818371, 1.00000023403, 119.174012762, 0.91036301441, 3.80109985301, 1.02980359364, 3.29000063209, 1.00000067929, 51990.3105424, 1.87667560322
5.3555263367, 1.0802156287, 1.48249382098, 0.84693615546, 2.83000095842, 0.984845921462, 4.14990070613, 1.26000043871, 1.14000003866, 2.00372977316, 1.96192202681, 0.911438210234, 3.04000019484, 1.11499281105, 0.883791441602, 1.00000041666, 1.00000024478, 1.09374005079, 9.56433340364, 0.957964908424, 1.00000099947, 121.76076423, 0.959404544477, 1.19179972728, 0.953096343434, 3.29000046195, 1.0000007128, 1067.46311736, 0.0
5.50849328695, 1.06312540221, 1.4782273799, 0.944017909106, 2.83000001696, 0.981368701713, 4.55903820008, 1.26000010771, 1.14000034497, 3.07656811511, 3.01016677589, 0.981392044051, 3.04000099387, 1.09433686535, 0.804458904456, 1.00000009062, 1.0000008266, 1.09402365064, 7.77211069225, 0.931859892402, 1.00000073841, 122.653419445, 1.06885992828, 2.6054321881, 1.05779155039, 3.29000089415, 1.00000098358, 7705.80978536, 1.34048257373
2.65420010534, 1.09351312303, 1.41105868649, 0.816663422037, 2.83000025476, 1.04083119014, 2.78222694281, 1.26000010923, 1.14000027929, 3.38825356674, 3.04953316393, 0.964972054995, 3.04000098783, 1.11888874355, 0.926574709238, 1.00000030971, 1.00000066262, 1.06037794251, 9.89601237766, 0.958954246807, 1.00000083732, 113.082415203, 0.914582002309, 2.9788265407, 1.03665987481, 3.29000071621, 1.00000050811, 27929.9573308, 2.14477211796
5.50664619644, 1.04820150799, 1.42727012985, 0.819912879274, 2.8300002929, 0.914664208043, 3.59486206737, 1.26000017171, 1.14000085852, 3.21341235002, 2.56651652958, 1.04644537294, 3.04000017394, 1.07916536109, 0.886102741727, 1.00000090625, 1.00000053787, 1.06589345271, 9.25792268477, 0.936991484513, 1.00000030213, 115.508694386, 1.07382988401, 3.46998380609, 1.04203749535, 3.29000019763, 1.0000008111, 723.03494981, 5.09383378016
4.79978990038, 1.01587125362, 1.52303025872, 0.917556931255, 2.83000017718, 0.872653745547, 5.68099330784, 1.26000056028, 1.14000071502, 2.14764894626, 2.7051716107, 0.943769689074, 3.04000015049, 1.06013178891, 0.800002120199, 1.00000092771, 1.00000032083, 1.03379241161, 7.94604689109, 0.928252928522, 1.00000090829, 120.69180774, 0.979283942179, 1.69922811296, 1.00644356135, 3.29000038822, 1.0000003904, 69939.8101888, 2.41286863271
5.40823923466, 1.09140467494, 1.50152401497, 0.879668730881, 2.83000088269, 0.928672735713, 3.217207772, 1.26000053663, 1.14000068417, 3.66199134472, 2.08074474922, 1.02485367646, 3.04000084917, 1.11352519984, 0.955146727956, 1.00000084319, 1.00000025426, 1.10211063401, 8.64783916819, 0.911429742697, 1.00000002913, 122.756194771, 0.915190598134, 2.31172431731, 1.04707721101, 3.29000004461, 1.00000095969, 18252.0734468, 2.41286863271
5.27839203115, 1.08836744823, 1.62351578256, 0.803459593981, 2.83000022961, 0.863689593666, 4.76087620365, 1.26000080994, 1.14000095487, 3.68901712192, 3.09286260843, 0.916335825215, 3.04000043838, 1.11046681116, 0.874335895905, 1.00000074917, 1.00000079547, 1.09559261738, 9.93703466374, 0.916886436716, 1.00000094924, 96.3018715247, 0.991834084609, 4.97560108901, 1.01563699514, 3.29000020161, 1.00000081413, 3779.26198442, 2.14477211796
5.5178543889, 1.08720042035, 1.36046859925, 0.999546647708, 2.83000054237, 0.942218123824, 2.53710873839, 1.26000060289, 1.14000016374, 2.96901968555, 3.00550021626, 0.881262594857, 3.04000033592, 1.11220820727, 0.847882306803, 1.00000065235, 1.00000008753, 1.03367591072, 7.91201029196, 0.913085679566, 1.00000046893, 121.722868851, 1.03065201999, 1.49957271391, 0.969972156086, 3.29000083158, 1.00000031716, 1471.76240719, 0.268096514745
5.42583525611, 1.05683095819, 1.48194942591, 0.821879431354, 2.83000031207, 0.8981059212, 4.55193417975, 1.26000057729, 1.14000056817, 2.84584913877, 2.96925035731, 0.972801998991, 3.04000086224, 1.05216544219, 0.799255066167, 1.00000076159, 1.00000037866, 1.05865155453, 9.11303840307, 0.955764939086, 1.00000083567, 91.2657109353, 0.991813304888, 4.57207958028, 1.02302252482, 3.29000016332, 1.00000087632, 92894.4865366, 3.21715817694
5.03502276834, 1.08059294076, 1.57761088799, 0.875299904416, 2.8300006515, 0.896247950539, 1.78613667229, 1.26000038806, 1.14000083458, 2.72911019637, 2.75491094889, 0.946985182282, 3.04000075266, 1.0314929662, 0.85717884376, 1.00000013812, 1.00000052598, 1.05803687074, 8.54507260064, 0.923263193242, 1.00000013123, 118.495954109, 0.944462713372, 1.25758994534, 1.02286161104, 3.29000052551, 1.00000021191, 5710.89871055, 0.0
5.88496035639, 1.04352633166, 1.50568826063, 0.894535044508, 2.83000041426, 0.874901855282, 4.08568838125, 1.26000074413, 1.1400008297, 2.70740108823, 2.78616813017, 1.04692231856, 3.04000010661, 1.09152346581, 0.794955697275, 1.00000072014, 1.00000079675, 1.10737552502, 9.27111814496, 0.941757362469, 1.00000088844, 115.00071655, 0.948598026099, 5.95677658581, 1.02023625398, 3.29000076108, 1.00000048571, 7802.02892469, 0.0
5.54786736804, 1.12845343495, 1.62941197862, 0.848404528625, 2.83000023718, 0.977351675129, 2.2756020344, 1.26000035202, 1.1400003133, 3.05739863157, 2.36956068576, 0.989579142417, 3.04000084347, 1.11481643741, 1.06770161783, 1.00000067409, 1.00000056446, 1.03418229335, 8.55659215127, 0.92318327892, 1.00000023295, 117.355533135, 0.96780109179, 1.53508845516, 1.05551278592, 3.29000009208, 1.00000085632, 14113.4072817, 5.09383378016
5.38040242278, 1.05689150557, 1.35759126614, 0.852922786413, 2.83000069164, 0.949768193245, 4.19212278058, 1.26000050242, 1.14000008627, 2.68117537266, 2.43695153402, 0.911101908297, 3.04000019593, 1.11142343434, 0.854337388126, 1.00000070695, 1.00000096972, 1.02405138617, 9.06307143827, 0.97141539596, 1.0000003609, 121.664969874, 0.868863688469, 5.07790920638, 0.993478567507, 3.29000076442, 1.00000052044, 699.627818775, 4.02144772118
3.75502426678, 1.12379047511, 1.43661627207, 0.854475833101, 2.83000091569, 0.889865658077, 4.91028148516, 1.26000042762, 1.14000082654, 3.60339824272, 3.08493795718, 0.994376345667, 3.04000087957, 1.05023673937, 0.857337448025, 1.00000076023, 1.000000012, 1.02176994445, 7.1470874084, 0.947547454645, 1.00000024882, 113.762865436, 0.913093971491, 2.01355859415, 1.01295648251, 3.29000018259, 1.00000064107, 21855.5142964, 3.48525469169
4.62898674271, 1.080544438, 1.50762159033, 0.836338726408, 2.83000046311, 0.994623940638, 4.48350100887, 1.26000033242, 1.14000034613, 3.3449690965, 2.57044832487, 0.992200025944, 3.04000092482, 1.11232407703, 0.889217900537, 1.00000040321, 1.00000070096, 1.07828122705, 8.49121454704, 0.954939720782, 1.00000039882, 87.4225711572, 1.04482130698, 5.16880194988, 1.00269310933, 3.29000054762, 1.0000002179, 26589.1234123, 2.14477211796
5.06866476201, 1.08734151925, 1.60752773796, 0.90879286711, 2.83000034486, 0.973076695607, 4.29161073064, 1.26000082569, 1.14000082131, 3.52429695847, 2.3032267571, 0.993298607644, 3.04000074739, 1.10827383502, 0.929182403979, 1.00000059858, 1.00000021483, 1.07611729428, 9.79794890929, 0.984928679603, 1.00000019322, 100.760105002, 0.88967064212, 4.16818170134, 1.04812039837, 3.29000072424, 1.00000012178, 4430.10077003, 2.68096514745
4.7094340433, 1.1087539752, 1.55480492539, 0.80750869206, 2.830000912, 0.949998546734, 1.68396994912, 1.26000084871, 1.1400008247, 3.50195666948, 2.87031325824, 1.01394621212, 3.04000079087, 1.09793020061, 0.959592983743, 1.00000042469, 1.00000014118, 1.02362431038, 8.86729039468, 0.963462549972, 1.00000077909, 95.7719015825, 0.899662244936, 2.28085272811, 1.06098041889, 3.29000064451, 1.00000091305, 35018.7819605, 3.21715817694
4.46167183088, 1.09289766987, 1.55141884552, 0.857288501476, 2.83000094009, 0.890964289736, 1.87305151283, 1.2600004026, 1.14000055565, 3.49247909564, 2.48302788241, 0.999986882503, 3.04000073016, 1.04833585382, 0.91150217541, 1.00000081616, 1.00000022391, 1.02812216512, 9.73043227184, 0.947168821711, 1.00000085622, 112.539073862, 0.923197625999, 2.45844016545, 1.0002899118, 3.29000002164, 1.00000062356, 3109.86252738, 2.9490616622
3.65042574256, 1.04807814599, 1.50169545658, 0.821088685245, 2.83000023873, 0.853237823677, 5.64096682278, 1.26000087304, 1.14000042345, 2.89438591108, 2.26481893561, 0.968361079136, 3.04000083192, 1.11002614049, 0.891735080946, 1.00000015327, 1.00000043164, 1.02867759416, 7.85217525719, 0.986447638823, 1.00000097105, 103.035759277, 0.853136978375, 3.26123610592, 0.989870237389, 3.29000082924, 1.00000015035, 6621.83123276, 7.23860589812
3.62397128309, 1.12742896223, 1.45942028172, 0.872940739436, 2.83000096305, 0.948303495444, 1.0064815681, 1.26000025102, 1.14000029299, 3.31823158936, 2.68596303381, 0.94854520408, 3.04000033287, 1.0806779912, 0.789646988373, 1.00000054333, 1.00000017646, 1.05167773653, 6.85153507087, 0.933270241252, 1.00000068084, 99.8739044107, 0.985854321311, 5.61925648909, 0.995728855202, 3.29000064044, 1.00000004373, 1784.99284909, 0.268096514745
5.51938159756, 1.00249179815, 1.50809417085, 0.806168039073, 2.83000082808, 0.965949773024, 4.16923289643, 1.26000083085, 1.14000035701, 2.71035209049, 2.92639032941, 0.950991973085, 3.0400000398, 1.09134356311, 1.01857486592, 1.00000000726, 1.00000066485, 1.03842943584, 7.46030463299, 0.924252396009, 1.00000089131, 121.826279348, 0.937686406555, 2.53653274147, 1.04665651905, 3.29000030479, 1.0000007867, 9733.59997106, 3.21715817694
5.83755223699, 1.11836777644, 1.62926634222, 0.861445180312, 2.83000080088, 0.947103838034, 3.623631239, 1.26000096091, 1.14000064913, 3.3369142502, 2.82604859075, 1.00863013417, 3.04000065417, 1.11418251303, 0.841015800453, 1.00000024347, 1.00000073381, 1.06595951083, 9.17331926408, 0.938854013856, 1.00000056907, 86.6695614411, 0.873259620953, 2.0600354291, 1.01176836371, 3.29000039803, 1.00000098653, 4094.32252456, 0.536193029491
4.37938767708, 1.0567539535, 1.63192614581, 0.818553097564, 2.83000055561, 0.928102556606, 5.46799747389, 1.26000023966, 1.14000036027, 3.36767445871, 2.47602305858, 0.919201738589, 3.04000096499, 1.05214235512, 0.816469281482, 1.00000083139, 1.00000027923, 1.02669468095, 6.87025182198, 0.955807785599, 1.00000007896, 110.631360506, 1.02069272215, 5.60227313297, 1.05524264848, 3.29000049038, 1.00000020384, 52045.4003995, 1.34048257373
5.89058387237, 1.040320954, 1.63279613137, 0.841432200545, 2.8300007431, 1.05672674957, 1.84229794986, 1.26000048559, 1.14000069767, 3.36071593603, 3.09644053483, 0.937804769244, 3.0400000701, 1.10582623686, 0.95314509803, 1.00000063931, 1.00000001135, 1.08263989183, 8.41212004432, 0.956943588301, 1.00000053337, 106.04924052, 0.904561010411, 1.18542822165, 1.03505269922, 3.29000010438, 1.00000065979, 373.951075034, 0.536193029491
2.97012161904, 1.07076619438, 1.46949895001, 0.823487837425, 2.83000001555, 0.943337667145, 3.7814013535, 1.26000093022, 1.14000050389, 3.50504474381, 2.62433335557, 1.02696700152, 3.04000085051, 1.07125965895, 0.834916292641, 1.00000061242, 1.00000059442, 1.01909603731, 7.0408816237, 0.929245825609, 1.00000000369, 105.366974599, 1.02167372027, 4.06025201994, 1.01571599757, 3.2900005125, 1.0000004825, 19087.6898449, 3.48525469169
4.75539812759, 1.07185013789, 1.50398346043, 0.956837278664, 2.8300004206, 0.905521293871, 5.66796700802, 1.26000047081, 1.14000037353, 3.58542735794, 2.4469469909, 1.06992512628, 3.04000052737, 1.07723742794, 0.806490168876, 1.00000025455, 1.00000009685, 1.038622916, 9.67182473578, 0.945189303879, 1.00000098776, 118.158327054, 0.933836944282, 1.31993299588, 0.954162009193, 3.29000043626, 1.00000065083, 3355.37910052, 1.07238605898
5.44334303247, 1.09804960166, 1.61716059701, 0.873408338203, 2.83000007134, 0.856001907445, 5.51967041809, 1.26000088209, 1.1400004524, 3.31407199653, 2.76719832415, 1.01799449211, 3.0400004636, 1.07108855447, 0.822914316444, 1.00000002979, 1.00000024033, 1.04978187345, 9.10873019535, 0.998694713144, 1.00000066246, 122.364278271, 0.858921512927, 1.46469529682, 1.01486640673, 3.29000058224, 1.00000005389, 5169.04437011, 0.268096514745
5.59973341924, 1.05010066739, 1.38739277705, 0.832699046977, 2.83000065199, 0.924583074304, 4.21624410991, 1.26000057999, 1.14000095058, 3.23181213867, 1.92747663315, 0.910346780259, 3.04000072309, 1.10315631554, 0.941963817996, 1.00000000509, 1.00000071278, 1.05983763796, 5.65301271466, 0.937429938024, 1.00000084224, 98.3135725508, 1.03808005169, 2.90304829736, 0.968651921711, 3.29000057536, 1.00000023122, 1584.27277092, 1.07238605898
4.22031167571, 1.05339388493, 1.68029390539, 0.850494055022, 2.83000091272, 1.14075702315, 2.35141206554, 1.26000080596, 1.14000093316, 2.54319507837, 2.99761765684, 1.01278564006, 3.04000055234, 1.04720139253, 0.895446537465, 1.00000077459, 1.00000035645, 1.06449287695, 9.80958276074, 0.928428708063, 1.00000082086, 121.541601935, 0.925086407432, 1.46827074253, 1.01738383561, 3.29000034628, 1.0000004658, 19723.1140862, 5.63002680965
5.41098394691, 1.11224806923, 1.64724463, 0.812264877072, 2.83000068674, 0.977908214355, 4.17788396206, 1.26000022715, 1.1400003095, 2.11476261511, 2.30548524318, 1.09789616231, 3.0400002963, 1.11811876967, 0.873413045162, 1.00000059758, 1.0000008088, 1.06208539164, 8.40791929909, 0.923212253166, 1.00000029769, 116.650458017, 1.08165887349, 5.01672104715, 0.960240231132, 3.29000072503, 1.00000085039, 4618.33951112, 1.60857908847
4.81540186454, 1.06983991195, 1.60461717065, 0.829454743318, 2.83000077095, 0.986977850906, 4.63015033822, 1.2600005413, 1.14000038553, 3.19188161546, 2.88099255558, 0.985331082731, 3.04000081774, 1.09280763245, 0.888031865508, 1.00000013912, 1.00000015618, 1.06646267196, 9.57962208846, 0.983670766311, 1.00000011286, 120.366406145, 0.920544680693, 1.95174081446, 0.969059814921, 3.29000062578, 1.00000072484, 8093.13777629, 0.536193029491
5.69419524575, 1.0204074746, 1.34576591035, 0.808900382211, 2.83000096013, 0.99785896358, 3.11555736945, 1.2600002135, 1.14000034012, 2.63543481519, 3.11639960717, 1.04622651183, 3.04000077517, 1.11506475639, 0.784638066678, 1.00000081748, 1.00000026787, 1.10014484162, 7.4128063472, 0.956567955185, 1.00000076099, 102.63036315, 0.950866052537, 4.68875873525, 0.970072729538, 3.29000068396, 1.00000026396, 53215.5337509, 0.536193029491
5.20366703448, 1.11600597803, 1.64294929439, 0.813939844013, 2.83000025609, 0.949210958273, 1.39372243869, 1.26000038878, 1.1400009804, 3.16307616228, 2.78827522179, 0.90067253542, 3.0400003246, 1.05631722704, 1.01616161597, 1.00000051581, 1.00000082464, 1.05658739322, 4.86760157283, 0.937652972167, 1.00000004131, 96.4659921588, 1.0172086725, 2.24055406698, 1.03850754614, 3.29000014632, 1.00000076504, 56600.723636, 4.82573726542
5.52175737138, 1.04918586287, 1.62396116018, 0.826563534801, 2.83000025056, 0.963234469445, 4.99587967797, 1.26000077437, 1.14000005711, 3.24196787442, 2.07040451209, 0.998723285612, 3.04000064409, 1.09908674749, 0.85738525575, 1.00000094433, 1.00000045929, 1.04553358731, 9.4120488041, 0.913986184826, 1.00000075674, 111.702543873, 1.03616288229, 3.50196072362, 0.961657383008, 3.29000040317, 1.00000069296, 69447.8184851, 7.50670241287
5.95393499529, 1.10029118039, 1.52383742653, 0.819575795938, 2.83000005953, 1.05846035391, 1.88470597979, 1.26000050186, 1.14000012515, 2.997664819, 2.57209612556, 1.00198405396, 3.04000056303, 1.11301230169, 1.06345545528, 1.00000060462, 1.00000004916, 1.07672350164, 9.82853724674, 0.975907019116, 1.00000008526, 90.1542862477, 0.880563527436, 2.64852422228, 1.00178629474, 3.29000066169, 1.00000051001, 1044.6674431, 1.07238605898
3.8867791731, 1.1398079449, 1.61104258616, 0.902623788045, 2.83000007239, 0.912906877706, 3.89419980575, 1.26000081229, 1.14000086573, 3.71833336601, 3.06244760104, 1.07692594038, 3.0400009888, 1.05623457987, 0.83021249294, 1.00000095697, 1.00000091067, 1.02603406094, 8.11869009419, 0.910526109976, 1.00000003228, 122.498125519, 0.893888782664, 4.70551258318, 1.05970178899, 3.29000089416, 1.00000035271, 15637.0104073, 4.28954423592
5.86760950355, 1.00515886768, 1.56124950387, 0.853963750187, 2.8300008198, 1.00182727683, 4.10842455294, 1.26000031542, 1.14000088431, 3.28844069679, 2.27967173519, 0.981060106654, 3.04000099761, 1.11178456083, 1.00220436233, 1.0000000214, 1.00000037424, 1.08082659271, 6.52823791954, 0.928814685152, 1.00000038774, 104.590601589, 1.01692051516, 1.97539348291, 1.00300501401, 3.29000057759, 1.00000060638, 24308.7906674, 2.14477211796
5.99846694064, 1.01172297762, 1.36181314804, 0.880393418946, 2.83000060775, 0.926008955849, 4.22622546172, 1.26000038364, 1.1400005395, 3.21543058276, 2.59287977044, 0.919739851522, 3.04000090508, 1.08310615446, 0.994374599271, 1.00000016815, 1.00000074597, 1.01709443834, 7.53826659873, 0.938731161045, 1.00000081064, 119.986533727, 0.965796896197, 3.21601000532, 0.988150111162, 3.29000088091, 1.00000040528, 8843.57363034, 1.60857908847
5.72966640229, 1.12534038742, 1.46788212506, 0.888697469785, 2.83000061643, 0.919226120434, 4.05370966442, 1.26000089797, 1.14000067415, 2.90501868133, 2.99583069254, 1.03125041707, 3.0400000356, 1.07789299397, 0.905889150516, 1.00000095443, 1.00000048231, 1.00402884698, 7.44051911843, 0.934004007869, 1.00000053227, 113.219261588, 0.90746953802, 5.28599437966, 1.04932242807, 3.29000003168, 1.00000037089, 5177.12798577, 1.07238605898
5.60473141804, 1.08351186167, 1.64979822906, 0.805591478528, 2.83000090599, 0.881636425812, 3.95870865522, 1.26000085008, 1.14000043734, 3.06156959543, 2.23406470277, 1.01525634785, 3.04000081502, 1.03816643036, 1.08676858695, 1.00000080227, 1.00000089327, 1.04499347987, 9.7084264778, 0.98011383043, 1.0000009713, 121.801876196, 0.921470428398, 5.51793006274, 1.05284549865, 3.290000598, 1.0000003954, 10323.6424717, 4.02144772118
5.96321368164, 1.13592079104, 1.57980719723, 0.827067092955, 2.83000090026, 0.931107451455, 4.07697633797, 1.26000090335, 1.1400005515, 3.14053701432, 3.06692966799, 0.915493033284, 3.04000069394, 1.00281303728, 0.88212240509, 1.00000092156, 1.00000014001, 1.02119381263, 8.19129196336, 0.973158915456, 1.00000083784, 93.7031887469, 0.848101963044, 2.96928132052, 1.03804929798, 3.29000058843, 1.00000058651, 13600.9202112, 6.70241286863
4.14716728539, 1.12908707401, 1.48118370749, 0.817899509809, 2.83000055562, 1.01095471152, 1.46334967041, 1.26000030101, 1.14000069949, 3.57515210068, 2.87548971879, 0.915377613924, 3.04000080857, 1.1008514542, 1.06734737251, 1.00000015597, 1.00000075772, 1.03136823445, 8.82345148567, 0.96083226768, 1.00000057176, 103.745117137, 0.891296178991, 5.28954423422, 0.992506459301, 3.29000033816, 1.00000067136, 14273.254398, 2.68096514745
5.73160152594, 1.12538576808, 1.55855194926, 0.892312966029, 2.83000082412, 0.867903059051, 2.62811633308, 1.26000045301, 1.14000013943, 3.08618371021, 2.78382370659, 1.05343053383, 3.04000026169, 1.07221192242, 0.916591490049, 1.00000061691, 1.00000014295, 1.05325602251, 9.25407961801, 0.939471725978, 1.00000029699, 89.0863289865, 0.890697429516, 3.38228104663, 0.950164417875, 3.2900004917, 1.00000059418, 24402.6585975, 6.43431635389
5.98775591964, 1.08065086115, 1.37351768173, 0.806951193812, 2.83000097148, 0.982226669255, 1.51249835486, 1.26000079462, 1.14000078429, 3.66338982899, 2.87857654456, 1.04219974716, 3.04000036183, 1.06142286801, 0.785349065636, 1.00000007991, 1.00000019862, 1.08054100157, 7.19957471597, 0.930584031703, 1.00000045263, 100.814243636, 0.974136283814, 2.66567949295, 0.982569353077, 3.29000065281, 1.00000050868, 6217.41901914, 3.75335120643
5.91812548711, 1.01851346507, 1.39051312188, 0.801458269856, 2.8300000834, 0.920306900769, 3.15154505762, 1.26000051833, 1.14000058505, 3.5600913055, 2.28667342203, 1.09368446929, 3.0400009563, 1.1069587098, 0.780799579937, 1.00000076571, 1.00000018421, 1.10703526858, 7.57809734729, 0.912565833983, 1.00000089942, 111.512277963, 0.883202891885, 4.80327315689, 0.965545472954, 3.29000029669, 1.00000016902, 9999.80106513, 5.09383378016
5.91188099544, 1.13041431846, 1.64103346387, 0.867872893221, 2.83000062412, 1.1598504053, 1.7537401557, 1.26000019616, 1.14000057054, 2.95892437867, 2.96833697125, 1.042244618, 3.04000092289, 1.06034741618, 0.966270170851, 1.00000007112, 1.00000052691, 1.03379761878, 8.74382104487, 0.916645856263, 1.00000012526, 102.793807338, 0.924973233985, 1.11790063588, 1.01872554411, 3.29000062575, 1.00000035659, 29549.3861977, 2.68096514745
4.16374993749, 1.04250361299, 1.54337034908, 0.813801238728, 2.83000089443, 1.12569560023, 1.98705136433, 1.26000064225, 1.14000064281, 3.60267050003, 2.82534062241, 1.02874014467, 3.04000068835, 1.08770208391, 0.867296882117, 1.00000016066, 1.00000025375, 1.05209297949, 7.90451757033, 0.928589460681, 1.00000052493, 103.884774991, 0.884302428157, 3.82051133181, 1.01387640341, 3.29000017273, 1.00000043089, 34848.1439331, 4.82573726542
4.88599112998, 1.09741673028, 1.60416339165, 0.813429303622, 2.83000035627, 1.04659212008, 4.17306455582, 1.26000079442, 1.14000017138, 3.38111378963, 2.84979237605, 1.05245074772, 3.0400003041, 1.06917977205, 0.998099312191, 1.00000035557, 1.00000090048, 1.08365702205, 7.85976951792, 0.957575554872, 1.00000024576, 122.850512086, 1.04367717011, 3.00680449737, 0.956828229861, 3.2900004765, 1.00000028516, 6961.03942139, 1.60857908847
5.52039640909, 1.01715211253, 1.66811189132, 0.832034097169, 2.83000025011, 0.858714187586, 2.74196471648, 1.26000097037, 1.1400009346, 3.12307501026, 1.99992785774, 0.906885045774, 3.0400002114, 1.07576138256, 1.08292381562, 1.0000009905, 1.00000009256, 1.0468793547, 6.18661757367, 0.941608565899, 1.00000005629, 114.324539331, 0.981063595033, 5.05856773354, 0.962947588375, 3.29000078218, 1.00000005814, 19560.0065354, 3.75335120643
4.36706356176, 1.03078855287, 1.53805306585, 0.802576422108, 2.83000007348, 1.12135492272, 1.20816653095, 1.26000067329, 1.14000035427, 3.66466325642, 1.59218393955, 0.993088276034, 3.04000021865, 1.10628088839, 1.05684979672, 1.00000023411, 1.00000000215, 1.02238597942, 9.25091838473, 0.934022513544, 1.00000028397, 112.272111412, 0.962684771675, 3.50197986414, 0.96803576465, 3.29000087688, 1.00000003564, 3719.62098278, 4.02144772118
5.59350023315, 1.108186627, 1.57643586092, 0.808654866972, 2.83000083574, 1.02165852503, 3.26681645844, 1.26000029549, 1.14000089983, 3.44417468917, 2.89303190233, 1.05522149283, 3.040000607, 1.09832319371, 1.0398811444, 1.0000004879, 1.00000057671, 1.02064930999, 6.47191248077, 0.945017587899, 1.00000058178, 93.0884461389, 0.890046014028, 2.96257530781, 1.02789814663, 3.29000016594, 1.00000038715, 38145.9135722, 7.50670241287
5.99351742361, 1.0373804723, 1.51651296521, 0.822291433033, 2.83000037876, 0.937888244942, 2.4121807485, 1.26000042578, 1.14000086145, 3.67686271406, 2.74645754283, 0.936789121809, 3.04000069139, 1.10022791417, 0.929504753238, 1.00000025058, 1.00000006995, 1.02245609869, 5.78355036832, 0.96977226138, 1.00000044385, 102.581241128, 0.989904973881, 5.88915803903, 0.966006096219, 3.2900009616, 1.00000029671, 9247.78205757, 3.75335120643
5.85600217263, 1.10585186765, 1.52646358315, 0.860760499718, 2.83000001398, 1.07704425233, 2.39082352965, 1.26000091923, 1.14000006057, 3.604806277, 2.63239720757, 0.966855086646, 3.04000063667, 1.02626023278, 1.04937320154, 1.00000005746, 1.00000044168, 1.05268683871, 7.46730510933, 0.955728733173, 1.00000035531, 123.506170849, 1.04910263813, 5.37545307973, 0.968813978607, 3.29000084618, 1.00000004954, 18065.9802368, 0.0
5.39099687498, 1.09407712898, 1.73887979697, 0.800304821716, 2.83000053457, 1.12194015969, 3.04606159714, 1.26000068387, 1.14000043878, 3.56408280374, 2.58648659317, 1.07065556302, 3.04000039123, 1.05605336946, 0.915077452658, 1.00000056864, 1.00000038469, 1.02378237859, 5.34306324843, 0.935377166104, 1.00000079254, 114.985644704, 0.968507042544, 5.21606598909, 0.958439600678, 3.2900007498, 1.00000030609, 434.189993499, 5.63002680965
