5.82497992069, 1.10051493391, 1.73370180638, 0.808974684064, 2.83000067855, 0.939390108159, 2.4227698853, 1.26000013801, 1.1400000039, 3.04890579527, 3.0604301102, 1.02861776155, 3.0400005176, 1.03046045572, 1.01053497529, 1.00000055966, 1.00000095662, 1.10205412464, 8.82905379635, 0.926586858479, 1.00000095611, 100.087567204, 0.923956843883, 2.11423920997, 1.00730660151, 3.2900009067, 1.00000020551, 33.0139050478, 2029.49680933
5.88647635188, 1.06089308367, 1.67775284654, 0.828768620196, 2.83000079786, 0.939793626101, 1.84347266699, 1.26000082552, 1.1400000735, 1.76939384341, 3.05630099009, 0.989950672936, 3.04000016628, 1.02656781233, 0.990178976048, 1.00000095926, 1.00000015696, 1.08216059956, 7.74689419281, 0.920703021126, 1.00000050474, 108.032278635, 1.03892176108, 2.78642507434, 0.972026307001, 3.29000070467, 1.00000012769, 33.2606365116, 3077.03516138
5.84582943779, 1.05373294031, 1.73653700294, 0.804367667337, 2.83000064623, 0.909743401172, 4.16651065618, 1.26000079194, 1.14000085333, 2.88207423676, 2.9647193159, 0.888786267293, 3.04000011808, 1.00653713228, 0.99905956649, 1.00000069973, 1.00000091442, 1.09204415885, 8.76410545739, 0.92767666308, 1.00000001543, 95.8514594841, 0.913583394273, 2.05411933799, 1.03564445224, 3.29000082323, 1.00000018748, 23.1279388169, 4915.06283514
4.60040437816, 1.04379071699, 1.66301492364, 0.819151539373, 2.83000086012, 1.08556036583, 2.40855008389, 1.26000028822, 1.14000059343, 1.30908179763, 3.03945189221, 1.03476632674, 3.04000014637, 1.04288898125, 1.05698521426, 1.00000076266, 1.0000006815, 1.09240878199, 7.06938187983, 0.943893987726, 1.00000037335, 119.914647435, 1.00003772419, 5.43446682913, 0.978557487903, 3.29000087873, 1.00000095819, 41.3802335614, 4958.55634678
2.2367309042, 1.0139031306, 1.6872411641, 0.837270174707, 2.83000043992, 1.14070712531, 2.66688363773, 1.26000011902, 1.14000011414, 2.04262845714, 2.94825529421, 1.05059618658, 3.04000020408, 1.01366985352, 1.01196546465, 1.00000081202, 1.00000068505, 1.10284290198, 6.71832501691, 0.961235011208, 1.00000037082, 93.3991394871, 0.899283284295, 3.05742858737, 0.957141467771, 3.29000066463, 1.00000017969, 29.8541417471, 4619.73483924
5.9684870677, 1.03387389005, 1.63821099679, 0.821427651571, 2.83000021106, 1.16671103135, 1.2980661754, 1.26000051622, 1.1400001799, 1.30727884951, 2.97057293791, 0.982818180785, 3.0400004612, 1.11276002899, 0.870062070877, 1.0000004873, 1.00000009589, 1.10617643597, 4.65546626417, 0.932959809973, 1.0000009445, 120.586449931, 0.900810365173, 2.01092593941, 0.97241986726, 3.29000085672, 1.00000015729, 44.0877207115, 13244.5081417
3.61212753289, 1.02726853598, 1.50850758614, 0.812626948296, 2.83000056429, 0.972267933779, 5.6553153308, 1.26000092905, 1.14000094436, 2.02862919549, 3.07487400697, 1.04135100836, 3.0400002543, 1.07300436216, 0.94722840878, 1.00000096629, 1.00000057994, 1.08917665647, 5.78075578353, 0.920361654176, 1.00000003277, 114.009293471, 0.904626844645, 1.89480212095, 0.987910495279, 3.29000091843, 1.00000095046, 25.3398554392, 11006.4458093
3.21808922836, 1.03198515385, 1.59769298333, 0.803096947359, 2.8300001355, 0.901432147905, 2.37316563108, 1.26000065003, 1.14000034637, 1.66314130062, 2.78062197476, 1.00768233931, 3.04000056862, 1.04468973204, 0.926975403246, 1.00000069821, 1.00000031052, 1.08182977626, 8.79617800357, 0.956529207139, 1.00000044853, 123.012174476, 1.0117528043, 2.41698174532, 1.04860155547, 3.29000033786, 1.00000053309, 29.1986176616, 19718.6094432
5.88301574438, 1.02733608076, 1.45529504541, 0.806847992323, 2.83000012504, 0.963701277297, 5.99842339126, 1.26000067213, 1.14000018556, 1.63004638269, 2.96327461967, 1.06516327719, 3.04000007141, 1.08424923433, 0.85028089033, 1.00000003665, 1.00000027122, 1.090710733, 4.05405166847, 0.942220625692, 1.00000019257, 98.9181687339, 0.866836626369, 1.39675622303, 1.05443577103, 3.2900004374, 1.00000060307, 46.3611613179, 16873.0390547
5.16829467714, 1.10398956146, 1.71060835402, 0.853271269751, 2.83000016213, 1.00717676343, 1.24365721199, 1.26000037509, 1.14000061115, 1.64680580575, 3.0546550648, 1.0452215182, 3.04000037456, 1.07551853994, 0.891216166892, 1.00000020289, 1.00000006995, 1.05131605225, 7.65543290479, 0.958368006704, 1.00000007273, 122.779963828, 0.973381333201, 3.03172423458, 1.05786888374, 3.2900006702, 1.0000000891, 34.2352505763, 10989.3520301
5.57911824518, 1.10354579663, 1.61770034202, 0.938120282913, 2.8300004375, 0.948211756312, 4.866869865, 1.26000023457, 1.14000059343, 2.8297120129, 3.10120281214, 0.92158317836, 3.04000051127, 1.02188382674, 0.879780203921, 1.00000092439, 1.00000088152, 1.10297311083, 6.5814289033, 0.914304445381, 1.00000052187, 86.5022957012, 1.01851372852, 4.64377584677, 0.982096932184, 3.2900004154, 1.00000030775, 26.1887122593, 3922.57841143
3.75368836573, 1.13785394459, 1.66005167373, 0.826784090286, 2.8300004883, 0.900142159809, 1.07642369682, 1.26000073112, 1.14000008994, 1.76792104556, 3.05770118334, 0.930480189943, 3.04000061508, 1.10090229419, 0.82902907828, 1.00000078495, 1.00000076262, 1.07108767826, 9.61393675675, 0.917048222824, 1.00000062819, 76.951841732, 1.02980366833, 1.91055625366, 0.965785327868, 3.29000098628, 1.00000071675, 11.737534428, 124.292965926
5.20471153674, 1.05961086861, 1.7325729626, 0.869148340786, 2.83000050105, 1.05092973048, 2.01483845959, 1.26000083938, 1.14000049465, 2.09683686126, 2.80413965792, 0.997464155919, 3.04000045419, 1.11656420787, 0.893058976425, 1.00000028174, 1.00000085532, 1.09456907827, 5.52968921463, 0.929153558941, 1.00000069336, 92.670020543, 0.995426470322, 1.66151629063, 1.02905162996, 3.29000028576, 1.00000084161, 40.8578005166, 46228.0942439
4.75007621846, 1.02593323803, 1.66450436073, 0.837350807307, 2.83000044682, 0.92134924515, 3.96654787726, 1.26000018333, 1.14000012917, 1.78376562794, 2.6723747147, 0.949818984485, 3.04000096369, 1.03861529491, 0.800281603947, 1.00000005632, 1.00000020791, 1.06439082477, 6.33004962967, 0.96406785721, 1.0000007076, 90.2444831907, 1.04556064197, 2.06882162376, 0.971911979992, 3.2900007015, 1.00000007913, 50.2361004529, 33735.1765053
3.66468787534, 1.08864033923, 1.64834979293, 0.885109212455, 2.83000050054, 1.06591634434, 1.68521253589, 1.26000058765, 1.14000042273, 1.88830431591, 3.11832253483, 1.0887423517, 3.0400006969, 1.08387318963, 0.946443315006, 1.00000055449, 1.0000003251, 1.09829177889, 9.020738445, 0.955733555965, 1.00000047664, 77.7119457283, 0.883247575727, 2.22820052804, 1.0618339591, 3.29000068862, 1.00000046903, 19.1700922938, 1325.46394409
5.71992273148, 1.08041120789, 1.4566745412, 0.827486089833, 2.83000056031, 1.12824137031, 1.09931157164, 1.2600007001, 1.14000011813, 3.70696507063, 2.7847300321, 0.955926851584, 3.04000091741, 1.02729231275, 1.01454674097, 1.00000068434, 1.00000056637, 1.1054019187, 8.07662961095, 0.936655716164, 1.00000082305, 86.8005258193, 0.965633412674, 4.18135483924, 0.989671589598, 3.29000083186, 1.00000073676, 41.7753361283, 53899.96871
5.1682900774, 1.01259986801, 1.49510684412, 0.869461557484, 2.83000083344, 1.14548194601, 2.70688182892, 1.26000086519, 1.14000000139, 2.01332470817, 2.74941630774, 1.0748057158, 3.04000078581, 1.11718007449, 0.964390894722, 1.0000001017, 1.00000078459, 1.09774420294, 5.22169481709, 0.924276401114, 1.00000086, 105.449212648, 0.978207396879, 1.44280667036, 0.987620777945, 3.29000061035, 1.00000004974, 24.1685304593, 10588.7941949
4.47751092539, 1.09437770968, 1.5226807836, 0.815963121599, 2.83000035669, 0.924961715393, 5.85581164097, 1.26000052796, 1.14000088209, 1.91422999305, 2.88840412738, 1.00999440245, 3.04000012404, 1.05012935805, 0.831216339663, 1.00000091685, 1.00000093622, 1.07053537099, 6.62548076975, 0.913359953888, 1.00000027239, 115.634540889, 0.841814342171, 4.95082024856, 1.04521123084, 3.29000093895, 1.00000045905, 46.5182756533, 42893.5009239
5.59109902439, 1.0054162118, 1.51294180022, 0.901240932293, 2.8300003934, 0.891680246966, 5.1707896231, 1.26000001162, 1.140000211, 1.35090741201, 2.91489624502, 1.01985949582, 3.04000025887, 1.09292736668, 0.805430206051, 1.00000084182, 1.00000065817, 1.09242969478, 8.96964279122, 0.920001161873, 1.00000072992, 113.048076219, 0.946560079778, 2.30694076364, 0.995099065528, 3.29000022608, 1.00000069536, 39.8504884679, 11401.1815385
4.8298621775, 1.03054790965, 1.61734601828, 0.813679340992, 2.83000035141, 1.04297484077, 3.19980369752, 1.26000055723, 1.14000012978, 1.75778960049, 2.30006351648, 0.926722616393, 3.04000079894, 1.05348930563, 0.799651941482, 1.00000067889, 1.00000049122, 1.10900935082, 8.16843005942, 0.942231249675, 1.00000054439, 98.3299352265, 0.901947851445, 1.76428787267, 0.992720524766, 3.29000077303, 1.00000006359, 51.1355678645, 23956.2615794
5.47987956743, 1.09700762974, 1.66606798988, 0.863117443599, 2.83000078548, 0.975850652848, 1.3735818412, 1.2600009373, 1.14000050573, 1.34430542152, 2.76103660418, 0.896268558452, 3.04000079406, 1.05850056871, 0.873659718371, 1.00000053833, 1.00000017773, 1.10786774071, 9.19934829766, 0.930676543189, 1.00000027038, 102.458156916, 0.860868702206, 3.6810980641, 1.01838480674, 3.29000095285, 1.00000014125, 16.3382466172, 459.696865773
5.96308461016, 1.08871535564, 1.64096921731, 0.8310885023, 2.83000073104, 0.929359681007, 1.02601743407, 1.26000041179, 1.14000031186, 1.25131666303, 2.76111220302, 0.970392307983, 3.04000022621, 1.03746678874, 0.893801303343, 1.00000023595, 1.00000058979, 1.04736625587, 3.57205319597, 0.91272906669, 1.00000053983, 109.608253048, 0.923510208251, 4.90906667955, 1.02467343354, 3.29000036468, 1.00000045872, 61.1676868233, 36283.5190803
2.56963208436, 1.05508548996, 1.58859361867, 0.813627227964, 2.83000010835, 1.05535608476, 2.27787433109, 1.26000061607, 1.14000078389, 1.7448639705, 2.51471019599, 1.0281625137, 3.04000002727, 1.06838051354, 0.944010788317, 1.00000053628, 1.00000046877, 1.10106278564, 6.77411507029, 0.943109297623, 1.00000028562, 81.1720245858, 0.909354599501, 1.07000053358, 1.0535270471, 3.2900001409, 1.0000004848, 18.2507381968, 600.383950983
5.00940160056, 1.04079791127, 1.63643801969, 0.80225820822, 2.83000035342, 1.1177112475, 1.74166855446, 1.26000056873, 1.14000009689, 1.50518422291, 2.84677417284, 1.03353542419, 3.04000039736, 1.06561258893, 0.824777744053, 1.00000091102, 1.00000012796, 1.10100714831, 9.09602401977, 0.912194337219, 1.00000090821, 99.6990209375, 1.01659423118, 5.14412714156, 1.04613747204, 3.29000064137, 1.00000018655, 34.4984019282, 12349.8476892
4.19062005733, 1.04671784254, 1.69150606778, 0.826561891191, 2.83000055087, 0.956778841585, 1.473325383, 1.26000059671, 1.1400004134, 1.49970487124, 2.16897226846, 0.881032448065, 3.04000039419, 1.01282019947, 0.88347474381, 1.00000002862, 1.0000007104, 1.09346147239, 7.89201579524, 0.910394789456, 1.00000050528, 105.30540086, 1.0496240876, 2.82595954442, 1.0272284474, 3.29000063105, 1.00000091414, 22.5837525657, 1043.61245719
3.01732310829, 1.08899534292, 1.57806227123, 0.816816390683, 2.83000014596, 1.06650810733, 5.04478397401, 1.26000021488, 1.14000007199, 2.57787864506, 3.07267206532, 0.888974075731, 3.04000055979, 1.0864822812, 0.818578725979, 1.00000068781, 1.00000050645, 1.08899291051, 9.56675037028, 0.963748431552, 1.00000090058, 109.788914724, 0.87474686784, 1.06931001489, 1.06742996828, 3.29000019345, 1.00000001601, 24.9014995518, 2043.21745879
4.86425899748, 1.09813574912, 1.59938372784, 0.934120444136, 2.8300009621, 1.05276089761, 1.27149017617, 1.26000046802, 1.14000096841, 1.88594550136, 3.04553507037, 1.05730353193, 3.04000055421, 1.09013168124, 0.871581749261, 1.00000074618, 1.00000029296, 1.0992383694, 9.44609648181, 0.942284531984, 1.00000040353, 98.3383545081, 1.04071273469, 5.52345899676, 0.969540359133, 3.2900003423, 1.00000041891, 38.6528791341, 22491.7719207
4.451706396, 1.03736955967, 1.53793267152, 0.836374838751, 2.83000003991, 1.18306180043, 2.04090766283, 1.26000093841, 1.14000044822, 1.61650941882, 3.11540751284, 0.903022251453, 3.04000073423, 1.07012757947, 0.959051309699, 1.00000010101, 1.00000087937, 1.10186626003, 8.93305747707, 0.937910983581, 1.00000087766, 113.387924513, 0.893269087369, 2.2368497291, 1.02734607473, 3.29000045882, 1.00000002568, 49.6992879578, 6741.19154372
1.53506355739, 1.05431083626, 1.73979489623, 0.867411860291, 2.83000078627, 1.05578908588, 1.73352175087, 1.26000011459, 1.14000038362, 2.48451214325, 2.93208177104, 0.944314421161, 3.04000047764, 1.08507493644, 0.876637528586, 1.00000061248, 1.00000093468, 1.10267644962, 8.40183852812, 0.915763612124, 1.00000023556, 118.710598736, 0.866866394536, 2.59274957139, 1.01290928981, 3.29000091938, 1.00000054196, 21.9911232814, 12257.6980543
4.46411438993, 1.02612637309, 1.67773282964, 0.917840726229, 2.83000061896, 1.04077823217, 1.99810925308, 1.26000076905, 1.14000064655, 3.00086633427, 2.6794912211, 1.07356946504, 3.04000043326, 1.10554758506, 0.87421697176, 1.00000042088, 1.00000029861, 1.10257339279, 7.15604728815, 0.932401015458, 1.00000026861, 85.4649546272, 0.849094096052, 2.00775830963, 1.00939822352, 3.29000033209, 1.00000004857, 41.2538552769, 26485.249181
5.0013381023, 1.04759440023, 1.44550279011, 0.840071542078, 2.83000004733, 0.902369988968, 2.99199188386, 1.26000061163, 1.14000054894, 2.15330474369, 3.00781839925, 1.04879936727, 3.04000025017, 1.09488937998, 0.816886180748, 1.00000094179, 1.00000004184, 1.10139985292, 8.58595162192, 0.922409386516, 1.00000037759, 79.193270407, 0.874212907265, 4.447779857, 1.00872731039, 3.29000013565, 1.00000061233, 34.3216456722, 8782.59752114
5.13296812557, 1.01664337007, 1.57346081273, 0.922107298269, 2.83000093266, 0.998529010624, 1.58159534296, 1.26000085306, 1.14000002866, 2.11637146419, 2.38529486643, 1.01289310882, 3.04000063089, 1.09371662453, 0.919745634594, 1.00000053471, 1.00000091475, 1.10771891955, 6.44172291336, 0.947781584655, 1.00000030105, 84.2797123214, 1.08407138034, 2.83456227498, 1.00022854171, 3.29000024393, 1.0000009946, 44.6426312788, 80642.5912771
4.31239546577, 1.04284994348, 1.71533417981, 0.902329315132, 2.8300005776, 1.16409039504, 3.89814082021, 1.26000009446, 1.14000088639, 3.07715516534, 2.95516802971, 0.938357285897, 3.04000036129, 1.0726028306, 0.872896656871, 1.00000091323, 1.00000050607, 1.07586872588, 6.82842737313, 0.913714592496, 1.00000063087, 83.2499449173, 0.937513154217, 1.54742884039, 0.958789535788, 3.29000078751, 1.00000030298, 69.2935543559, 35859.0116747
4.16813221109, 1.01158522474, 1.65927336914, 0.866394713766, 2.83000038401, 1.06185106023, 1.06486329233, 1.26000043557, 1.14000021558, 1.94458521797, 2.97442503707, 0.918720521298, 3.0400004061, 1.08582001957, 1.00705591293, 1.00000086604, 1.00000011114, 1.07322801722, 3.11414342799, 0.939931994939, 1.00000022988, 113.039309723, 0.893925049087, 2.84065355035, 1.03421491021, 3.29000086253, 1.00000029058, 29.3798118905, 2365.29975898
2.18564325471, 1.08270592236, 1.61871944066, 0.817440997279, 2.83000032501, 1.17700230283, 2.43497309003, 1.26000007093, 1.14000019036, 1.8961808503, 2.73176193295, 0.999629621089, 3.04000025738, 1.06458494536, 0.939173617454, 1.00000073031, 1.00000079811, 1.08354967048, 9.0601444479, 0.917521754035, 1.00000006236, 99.6155825976, 0.88532735134, 3.90325398179, 1.02040835541, 3.29000078406, 1.00000044614, 67.6491333307, 33028.7712289
2.97496113966, 1.05211279941, 1.52420684685, 0.855795325513, 2.83000043864, 1.02167866717, 2.49051755036, 1.26000016587, 1.14000033121, 1.72564254031, 2.70785135866, 0.908751133593, 3.04000047592, 1.02235153427, 0.891855040006, 1.00000085426, 1.00000061234, 1.10942056102, 9.47372589615, 0.910991285661, 1.00000076466, 116.482956542, 0.957957587509, 4.96706913846, 1.00878892788, 3.29000062605, 1.00000095062, 25.894104852, 5748.4802654
5.95852453312, 1.07213073114, 1.7003917936, 0.845215975141, 2.83000049936, 0.995447974415, 2.14432106261, 1.26000005013, 1.1400009139, 1.96647666654, 2.37258366809, 0.884116500311, 3.04000054973, 1.057324346, 0.795295236427, 1.00000053685, 1.00000040799, 1.06696130072, 9.33607744555, 0.959784225475, 1.00000037292, 85.8725678841, 0.96269358791, 1.54140198117, 1.06928717022, 3.29000060849, 1.0000004695, 48.9960031095, 9098.46393601
2.35492447091, 1.08793476693, 1.51115424456, 0.818097470243, 2.83000088086, 1.11001360613, 4.39114779629, 1.26000069124, 1.14000056976, 2.01383217687, 2.86624975561, 0.91427412017, 3.04000046276, 1.05658703639, 0.898741447999, 1.00000066328, 1.00000066389, 1.10377303541, 4.81684211533, 0.927255403647, 1.00000019989, 95.2490233226, 0.871301262388, 4.02158688121, 0.969248051546, 3.29000020213, 1.00000096404, 55.4734778236, 19469.5709772
3.48205946204, 1.03432523555, 1.6812645511, 0.843691578293, 2.83000067258, 1.01449128267, 3.73410475405, 1.26000084913, 1.14000051507, 1.71685582099, 3.10818805163, 0.898861039851, 3.04000018864, 1.07340249049, 0.910621305703, 1.00000035266, 1.00000088039, 1.04648965263, 9.21944043313, 0.915031035518, 1.00000030914, 122.610370463, 0.881574970332, 5.33693182173, 0.964094516515, 3.2900006674, 1.00000058359, 20.3726878285, 5330.74914915
5.74154483122, 1.08120653814, 1.51132738717, 0.870419261276, 2.83000030524, 1.11294987098, 4.29294163667, 1.26000001215, 1.1400001486, 1.32488734535, 3.01320388654, 0.931106508839, 3.04000071396, 1.01700063413, 0.845965586027, 1.00000075779, 1.00000061518, 1.05689914268, 3.91172030938, 0.946715685984, 1.00000030413, 86.8309313509, 0.964073442015, 3.19039972411, 1.00835053062, 3.29000075174, 1.00000047329, 31.617689017, 20381.2099473
1.0599842489, 1.05949411386, 1.50153210294, 0.880980393474, 2.83000006354, 0.977046707841, 3.00383782753, 1.26000090658, 1.14000017939, 2.26311805496, 3.04510451182, 1.04844807596, 3.04000001569, 1.04719014056, 0.833766255016, 1.00000072033, 1.00000006685, 1.08523834944, 8.22989531377, 0.927377911526, 1.00000069434, 96.9979315841, 0.985438485647, 3.5180500622, 0.984590409261, 3.29000039482, 1.00000038149, 54.2724382894, 4416.11252795
1.97419100037, 1.09715518681, 1.47837170477, 0.852322047464, 2.83000000826, 0.995343466752, 1.34222645537, 1.26000079803, 1.14000011282, 1.36367051559, 2.5984386282, 1.04572558012, 3.04000020544, 1.0956111426, 0.840217342905, 1.00000007241, 1.00000063418, 1.09971895172, 8.50583889454, 0.910836806547, 1.00000098428, 87.9696060888, 0.936035650912, 3.20762233509, 1.03483844875, 3.29000080338, 1.00000083479, 35.9956563832, 16263.0184785
3.65455185903, 1.04582894179, 1.67145547549, 0.825813458552, 2.83000013372, 1.07387526439, 3.14449591679, 1.26000093016, 1.14000031295, 1.72889507844, 2.95169280568, 0.895278370429, 3.04000053967, 1.06681292359, 0.82303773343, 1.00000038575, 1.00000064621, 1.06193126658, 8.04394413721, 0.91815450889, 1.00000064595, 114.701502503, 0.922416952787, 3.07746192679, 1.00900867955, 3.29000024524, 1.00000039041, 19.292236347, 3314.82292282
3.96202074658, 1.04390976841, 1.69016387635, 0.952135231096, 2.83000082763, 1.15288571678, 3.31584451737, 1.26000071821, 1.14000065965, 3.3748507617, 2.77081786442, 1.06362605959, 3.04000023245, 1.08101821181, 0.91634720825, 1.00000068994, 1.00000046937, 1.09508161577, 7.21844458641, 0.930257704417, 1.00000015184, 84.3243603487, 0.878812924739, 3.22485467547, 1.03787648437, 3.29000083638, 1.0000003935, 23.1914758601, 7995.4036553
5.12766174241, 1.00488678345, 1.56688086024, 0.835099071813, 2.83000038342, 0.876343884031, 1.58352615492, 1.26000069513, 1.14000036888, 3.48784987256, 3.01197501461, 0.907937453656, 3.04000004912, 1.02886604943, 0.808919616008, 1.00000068348, 1.00000020592, 1.06078299679, 5.35091049258, 0.926940201162, 1.00000037289, 117.452277375, 0.930031527457, 4.12837290849, 1.03039895494, 3.29000004103, 1.00000055113, 36.9645962756, 12574.2897391
1.71704523798, 1.07890060575, 1.72828534603, 0.868428555963, 2.83000068162, 1.03380948064, 3.30590406843, 1.2600009392, 1.14000029404, 1.69103645855, 2.62275678048, 0.930891868255, 3.04000031535, 1.0330409666, 0.842549697291, 1.00000099993, 1.00000008744, 1.07212733595, 5.97062914794, 0.913564473172, 1.00000070545, 91.4213093811, 0.943340798463, 4.32269048828, 0.961557005411, 3.29000018527, 1.00000033367, 30.8926811968, 127396.865493
1.20449670294, 1.00048140149, 1.64361741834, 0.889526924417, 2.83000018125, 1.14379245947, 2.55937175691, 1.2600002123, 1.14000058258, 2.1344781872, 3.01743540927, 0.966830155607, 3.04000082831, 1.10088607422, 0.870227566579, 1.00000049351, 1.00000087657, 1.10870479092, 4.74176241933, 0.933394157161, 1.00000051723, 101.886092016, 0.983517498793, 2.86548367077, 0.968696309263, 3.29000022702, 1.0000003934, 31.9579938189, 24951.9050054
5.66302532633, 1.03087553611, 1.41889758725, 0.918511305216, 2.83000029669, 1.12838261649, 2.84502605292, 1.26000041684, 1.14000041685, 1.56406078942, 2.64481482735, 1.00315455908, 3.04000045046, 1.11287471383, 0.861572104907, 1.0000007506, 1.00000005308, 1.10833108607, 4.9102233185, 0.931590227446, 1.00000058636, 87.3181851461, 1.06745639712, 2.75684262225, 0.959212977993, 3.29000093946, 1.00000087399, 37.7712728672, 49155.678118
4.60915982872, 1.04076492368, 1.56888562386, 0.849255529633, 2.83000003469, 1.02656503932, 5.10602955705, 1.26000077749, 1.14000057911, 2.71987923318, 2.95907434208, 0.926739187112, 3.04000016741, 1.01803835922, 0.794503824486, 1.00000077827, 1.00000026999, 1.0680598179, 8.08068434872, 0.938794070479, 1.00000015907, 85.1654869207, 0.954923530692, 2.71604626193, 1.0286772092, 3.29000067942, 1.00000074179, 35.7708764773, 32903.0816381
2.60731213488, 1.02268700926, 1.40199013283, 0.835158931877, 2.83000038921, 1.05169268819, 1.8570682491, 1.2600005932, 1.14000012701, 2.47287188878, 2.6014269414, 1.08953499386, 3.04000019653, 1.0803752706, 0.827335857249, 1.00000030111, 1.00000017729, 1.10732810469, 4.23301703458, 0.946482817499, 1.00000073365, 81.2738590015, 0.921523087737, 2.51428205733, 1.03392449425, 3.29000067564, 1.00000064507, 26.8147289191, 1087.10053157
2.35117892111, 1.01112461857, 1.69241105465, 0.831271280002, 2.83000059608, 1.04713518738, 3.07368151497, 1.26000083755, 1.14000061452, 1.71196433766, 2.77116166313, 0.966338149342, 3.04000051872, 1.02807712294, 0.930127262746, 1.00000056491, 1.00000070499, 1.04033235015, 8.62103249655, 0.924307320434, 1.00000056572, 100.725649539, 0.922408017601, 2.26086448301, 1.06157622167, 3.29000020373, 1.00000018448, 38.57653932, 94794.3777072
3.71216346995, 1.05438329965, 1.67025050326, 0.907554507989, 2.83000003838, 1.18001851926, 1.81982726634, 1.2600008573, 1.14000072399, 2.57582984852, 2.65088708214, 0.925288350115, 3.04000020529, 1.11389659506, 0.856613670522, 1.00000087552, 1.00000056114, 1.10886662163, 5.50716182429, 0.927070052874, 1.00000016712, 111.108333826, 0.893292281054, 1.08216669899, 1.06871823056, 3.29000083805, 1.00000054468, 27.6865086129, 23041.723243
2.70118397897, 1.06316495613, 1.48244392106, 0.805078996177, 2.83000094139, 1.03114528705, 4.02590698017, 1.26000050655, 1.14000067822, 1.55462405696, 2.91991831847, 0.95726202864, 3.04000015197, 1.07235051105, 0.804741534467, 1.00000009347, 1.00000077665, 1.08088251166, 8.66803675621, 0.914528550934, 1.00000011941, 85.4631996007, 1.04634036907, 1.92527472079, 1.03127227796, 3.29000095517, 1.00000094239, 24.2929429882, 8784.3407428
3.90947725435, 1.03640131468, 1.5225958171, 0.883747318669, 2.83000072023, 1.13780795134, 1.7044791042, 1.26000020115, 1.14000041199, 2.04755813683, 2.9637684117, 0.989129206405, 3.04000054896, 1.03634983334, 0.890922861316, 1.00000083042, 1.0000004147, 1.07755596917, 8.16596518276, 0.953497476692, 1.00000004743, 104.738803043, 0.91867438565, 5.58922506988, 0.962039695332, 3.29000089416, 1.00000038711, 46.485768716, 9468.85040242
4.79059884976, 1.03032135528, 1.56074181006, 0.841885094824, 2.83000097839, 1.17505597681, 4.07517950914, 1.26000050325, 1.14000078944, 3.10366741328, 3.03470134102, 0.92736956819, 3.04000007953, 1.02521562891, 0.856271718467, 1.00000092263, 1.0000002775, 1.06232342858, 4.82671987856, 0.950375221906, 1.00000029178, 83.3951972908, 0.858996682781, 1.97502341818, 1.01520134607, 3.29000014368, 1.00000011617, 35.4740740439, 2611.43460251
3.43200878081, 1.00714825771, 1.68764088326, 0.850819636094, 2.83000049947, 1.14054241863, 2.05767170782, 1.26000015511, 1.14000012363, 1.72125728814, 3.07330314513, 1.02549085869, 3.04000007808, 1.04772699219, 0.84626363846, 1.00000032675, 1.00000074696, 1.04533212067, 9.92391996224, 0.915811268716, 1.00000094138, 84.7091884454, 0.849858100016, 3.13519121072, 1.02406047499, 3.29000020318, 1.00000021024, 32.9816528709, 18564.8187966
5.02353575455, 1.12711670443, 1.676942014, 0.920974434021, 2.8300006143, 1.08867631217, 1.19224387816, 1.26000008059, 1.14000099358, 1.83809555052, 3.09501154244, 0.991352141135, 3.0400006729, 1.07099730955, 0.788796562674, 1.00000016701, 1.00000029059, 1.084188019, 4.34321639159, 0.918196573601, 1.00000049715, 79.4906727211, 0.989624715486, 5.99988355639, 1.04792307349, 3.29000021162, 1.00000015567, 37.2159253102, 36767.6510527
3.87079902748, 1.02671032977, 1.70627178922, 0.813634439179, 2.8300005267, 1.05555056226, 1.34685285232, 1.26000044172, 1.14000082449, 2.5216220838, 2.68631518293, 0.884031067616, 3.04000076585, 1.03032798791, 0.838581720315, 1.00000065093, 1.00000004605, 1.0766855675, 9.34753504727, 0.917655523413, 1.00000047807, 99.3906385478, 0.903334954157, 5.00186951341, 1.03165794686, 3.29000093407, 1.00000003745, 35.2557733011, 7391.25587385
5.45680997854, 1.06762157835, 1.37517322376, 0.869625582138, 2.83000069001, 1.01382270918, 1.07082161117, 1.26000090547, 1.14000086233, 1.86065675975, 2.78073149103, 1.06082347529, 3.04000014129, 1.07836413651, 0.81846431838, 1.00000094112, 1.00000015816, 1.05465357141, 5.78159392446, 0.955860743619, 1.00000040919, 103.459840694, 1.01361246971, 2.8798624496, 1.04715071464, 3.29000077542, 1.00000053191, 12.4270971419, 692.9621881
3.57005512535, 1.01583700414, 1.54810544731, 0.911041993941, 2.8300005747, 0.955856338637, 1.52680268053, 1.26000039903, 1.14000048765, 3.69409461174, 2.51308729014, 1.01369506348, 3.04000040267, 1.00573206654, 0.796465376546, 1.000000378, 1.00000045194, 1.07010575386, 9.15016645795, 0.910637412898, 1.00000081873, 88.4930077097, 1.0130185928, 1.88014455577, 1.03524052719, 3.29000070104, 1.00000001136, 33.5046348082, 18624.7418687
2.84700299557, 1.08753821625, 1.68563653262, 0.959469165608, 2.83000083789, 1.18893151374, 3.0167659377, 1.26000099278, 1.14000030007, 2.98750489757, 2.79566366581, 0.928108201582, 3.04000098052, 1.04959261796, 0.965491265074, 1.00000085514, 1.00000000653, 1.08783373766, 9.90164456191, 0.910181991059, 1.00000050673, 111.667664664, 1.00095473751, 5.48336057573, 0.968602663989, 3.29000093022, 1.00000077195, 41.8022740871, 8824.45873091
5.67692218089, 1.02016614964, 1.63481775229, 0.868087713672, 2.83000061302, 1.09637513982, 1.61059215134, 1.26000093637, 1.14000014555, 2.4712343813, 2.89040100488, 0.895249479477, 3.04000089115, 1.10848999825, 0.818936457601, 1.0000002919, 1.00000020822, 1.06833530944, 5.93006123184, 0.922887885027, 1.00000070865, 86.0961245561, 1.06980456256, 3.57000327271, 0.968422192381, 3.29000065272, 1.0000004395, 13.3784631413, 128.983344353
1.93119783302, 1.07960605534, 1.64951440226, 0.898382262992, 2.83000098193, 1.0982942549, 2.72206603706, 1.26000068486, 1.14000012, 1.57945502972, 2.34099423651, 0.887060991825, 3.04000042842, 1.00499879781, 0.797158487514, 1.00000083862, 1.00000013351, 1.09473807067, 4.71409647706, 0.934222405624, 1.00000045959, 90.0398358339, 1.0706050425, 1.38275828377, 1.02128407443, 3.29000048015, 1.00000050558, 39.1983441518, 17947.9092996
3.51945138479, 1.0190122226, 1.64832152845, 0.99520580946, 2.83000094208, 1.0401634858, 4.15934206949, 1.26000074757, 1.14000032066, 3.47932897905, 2.24300431415, 1.01176624473, 3.0400003938, 1.08371987847, 0.862029801243, 1.00000082627, 1.00000013383, 1.10590077712, 7.16442267078, 0.926438594178, 1.00000041978, 78.0121068377, 0.955817101921, 1.28871994758, 1.03992564799, 3.29000022519, 1.00000030798, 39.958195325, 5310.61506077
5.60533006065, 1.00343290806, 1.51499838943, 0.889448728971, 2.83000090348, 1.01056060609, 3.28753169146, 1.26000028618, 1.14000018849, 2.90659494388, 2.96316443747, 0.890744826377, 3.04000049799, 1.01791621328, 0.78157973796, 1.00000025525, 1.00000014068, 1.05550205127, 3.43779969855, 0.951547989662, 1.00000096135, 82.1927480274, 1.03578824602, 3.58984677498, 0.978657057463, 3.29000014355, 1.00000037701, 44.1364933353, 55582.3614923
1.41043295569, 1.04879493732, 1.72343267753, 0.878795629362, 2.83000035703, 1.17586456336, 4.25837501339, 1.26000023113, 1.14000037065, 1.65560275381, 2.76671650817, 0.921516979782, 3.04000075933, 1.0217018601, 0.855454637123, 1.0000001907, 1.00000039786, 1.07549371877, 3.03977377983, 0.95510516902, 1.00000025589, 79.3442703918, 0.867103111443, 3.6010058062, 1.00089296151, 3.29000005448, 1.00000084473, 24.0368844706, 9043.30267117
2.7578257666, 1.00511199162, 1.39404212007, 0.896413399594, 2.83000043616, 1.1546455178, 5.60170729943, 1.26000012403, 1.14000054108, 2.27542220922, 3.05592534439, 0.944811348359, 3.04000006658, 1.05277945939, 0.832636296253, 1.00000069252, 1.00000086384, 1.08356141893, 8.51604711246, 0.966796068081, 1.00000041186, 86.4951927899, 1.03683750056, 3.04958892043, 0.955896789528, 3.29000023099, 1.00000085689, 26.3472292056, 1276.42818994
2.92134093611, 1.01208332073, 1.44275467276, 0.891107601499, 2.8300000888, 1.11503526794, 1.64629169448, 1.26000061726, 1.14000063002, 1.92902338946, 3.0414670055, 1.05266359648, 3.04000015436, 1.06831023945, 0.781574598481, 1.00000065882, 1.00000073974, 1.08965665255, 3.78067063612, 0.915315218942, 1.00000037645, 81.5906171652, 1.02107784915, 4.51661943843, 0.975021518596, 3.29000091115, 1.00000080337, 56.9265914269, 4577.51811718
1.99522229111, 1.06208443832, 1.37937707606, 0.859614662615, 2.83000047907, 1.12797316103, 3.90079128477, 1.26000083299, 1.1400004, 1.26895027822, 3.07433342719, 1.02005016334, 3.04000020201, 1.05797891656, 0.883526006903, 1.00000078993, 1.00000000928, 1.06774880817, 8.46749460399, 0.938780365627, 1.00000000851, 103.696014721, 1.0554681282, 4.11906013166, 1.0055790719, 3.290000391, 1.00000071226, 35.4122146429, 125547.128423
2.94680921141, 1.00693477054, 1.58566451919, 0.947202687977, 2.83000069366, 1.04826037713, 1.43287277811, 1.26000032033, 1.14000049455, 2.10590113751, 2.72997695747, 1.01667928487, 3.04000049167, 1.1124137242, 0.791281392738, 1.00000080457, 1.00000065414, 1.10051025572, 4.6349885785, 0.927526336698, 1.00000099401, 103.269971529, 0.977429132789, 4.6743709732, 1.06087284033, 3.29000039586, 1.00000058658, 56.992411709, 6996.45767235
1.88889160605, 1.12326947818, 1.56281235183, 0.969853469757, 2.83000077222, 0.99612798254, 3.69458483344, 1.26000023287, 1.14000092861, 2.34373608963, 2.91134138948, 1.00946139499, 3.04000046948, 1.07255752872, 0.792079790734, 1.00000032713, 1.00000024468, 1.09619962165, 9.31167874349, 0.921424945153, 1.00000000005, 98.5639637204, 0.90792781459, 4.85892921991, 1.04506305658, 3.29000013392, 1.00000081345, 58.9294614259, 73041.63268
4.09822671505, 1.05091739014, 1.49816858901, 0.963861982933, 2.83000015592, 1.02855619133, 2.10915073788, 1.26000039746, 1.140000561, 2.52408604638, 3.07401241209, 0.931715939474, 3.04000008569, 1.10054926403, 0.807086690792, 1.00000066585, 1.00000034312, 1.10382960467, 6.57563579485, 0.964241328354, 1.00000001448, 81.4571024951, 0.897513096634, 4.37874688756, 1.02694550784, 3.29000000501, 1.0000000246, 27.0490658251, 3029.61557897
2.56828062273, 1.07739137494, 1.55655956379, 0.952449534669, 2.83000016873, 1.10085815286, 3.71654052833, 1.26000083298, 1.14000064688, 2.26032813294, 2.78470262883, 0.919511738144, 3.04000078697, 1.0261582338, 0.80253382624, 1.00000067342, 1.00000058524, 1.06842402614, 9.35011835392, 0.949329726127, 1.0000003105, 83.4764102079, 1.02179297916, 1.36414810098, 1.04137308825, 3.29000087203, 1.00000001746, 56.8312355858, 6824.33876222
1.11163611956, 1.01130861673, 1.51674514819, 0.944047009431, 2.83000049276, 0.973398505246, 2.52478846262, 1.26000030749, 1.1400004475, 1.3378634467, 2.79605822638, 0.911380556291, 3.04000095273, 1.10485513902, 0.808256753632, 1.00000037623, 1.00000060478, 1.10487862793, 9.50933449288, 0.941718326032, 1.00000062235, 114.785447788, 0.914872403068, 5.08330363444, 1.01512966445, 3.29000028168, 1.00000047126, 16.5749359859, 727.357258587
3.12981017487, 1.01006983737, 1.66610563734, 0.919668398566, 2.83000013868, 1.12272105072, 4.73527715699, 1.26000063407, 1.14000037828, 2.22474722836, 2.86034363504, 0.896619305892, 3.04000090862, 1.11337495808, 0.79466302308, 1.00000039718, 1.00000077229, 1.0542399526, 9.14270802804, 0.929956531405, 1.00000014269, 89.9337177609, 0.91128860796, 2.48152882117, 1.00430691224, 3.2900003345, 1.00000054596, 33.109482726, 4805.23027461
2.98983600288, 1.04482927508, 1.44113481842, 0.951563820634, 2.83000099958, 1.07162139361, 1.37502774445, 1.26000023377, 1.14000098102, 3.26651470025, 3.03220160534, 0.990529242698, 3.04000064018, 1.01022445757, 0.805221373049, 1.0000005276, 1.00000089248, 1.06933914997, 7.87942746884, 0.926998272111, 1.00000019329, 75.2214093298, 1.07256205877, 4.16267554729, 1.01202915499, 3.29000070738, 1.00000079951, 33.4764416369, 15851.6677922
1.9818353193, 1.01272737107, 1.39551982046, 0.840830264326, 2.83000071783, 1.1240928081, 2.63847815934, 1.2600004115, 1.14000052297, 2.29162234137, 3.08259960397, 0.910925129276, 3.04000043673, 1.08401478887, 0.811877848663, 1.00000060791, 1.00000076386, 1.06094765377, 7.3441899935, 0.91705154274, 1.00000009721, 84.1939884126, 0.928421309777, 5.9957192548, 0.96347494739, 3.2900000199, 1.00000054694, 27.3650650973, 34292.6264513
2.12354582485, 1.02253419818, 1.4032635007, 0.999176039399, 2.83000099443, 1.15826095894, 1.1117256434, 1.26000043822, 1.14000021204, 3.07019705644, 2.77141851694, 0.880299311109, 3.04000090937, 1.06082369256, 0.810627222216, 1.00000034193, 1.00000020429, 1.04746790547, 9.33944137376, 0.914662398376, 1.00000006552, 83.5099070689, 0.899528220034, 4.47483213661, 1.05786589696, 3.2900004641, 1.00000061001, 24.6092767834, 1041.52329257
