5.92428945895, 1.11252241644, 1.40648271293, 0.891803058534, 2.83000082623, 0.866996726314, 5.27797420239, 1.26000038992, 1.14000032176, 3.07386651797, 3.06252224443, 0.888326356406, 3.0400005756, 1.01653294552, 0.943770657935, 1.0000009667, 1.00000063163, 1.10265887912, 4.21351653352, 0.99100030415, 1.00000087207, 116.47778172, 0.870295832824, 5.58184582795, 0.958276411077, 3.29000015582, 1.00000033915, 23.1067530861, 5142.84886412
5.65797456186, 1.11344816724, 1.71127369656, 0.834100773524, 2.83000006882, 0.90513047167, 5.37403307496, 1.26000004931, 1.14000097853, 2.73420609294, 3.06355934998, 0.923813569332, 3.04000036585, 1.03963778005, 0.84004664747, 1.00000068262, 1.00000064359, 1.08787849929, 6.35301301237, 0.996618610354, 1.0000005758, 120.689309832, 0.962729611745, 2.45910916036, 1.0452812025, 3.29000066188, 1.00000083989, 26.2538824417, 7946.40334493
3.84744319654, 1.11695054627, 1.67924526852, 0.929879866797, 2.83000024822, 0.954470091583, 4.72817977273, 1.26000025006, 1.1400008286, 1.43917878194, 3.07396832017, 0.97604071661, 3.04000064362, 1.02780761287, 1.07393554457, 1.00000096996, 1.00000018782, 1.05214488023, 3.97464783474, 0.987848056945, 1.00000088235, 117.629118975, 0.922933940163, 5.64857305703, 1.03063864412, 3.29000044894, 1.00000063787, 51.8192031461, 11323.9161029
5.0041945627, 1.10372292876, 1.66223247028, 0.922495134663, 2.83000019372, 1.02118322201, 4.77277907733, 1.26000070067, 1.14000014934, 3.37755804302, 2.18517968521, 0.946015616667, 3.04000033793, 1.08057696715, 0.809258967638, 1.00000064726, 1.00000012329, 1.09757590303, 4.41234726977, 0.987792683029, 1.00000011476, 112.802792813, 1.0011202295, 4.19229832928, 1.01238860868, 3.29000070071, 1.00000073583, 40.5893507514, 7902.2717019
5.87362212676, 1.13475215432, 1.72636719294, 0.986600732084, 2.83000035594, 0.898076619258, 5.71212003884, 1.26000064326, 1.14000062635, 2.55400390467, 2.99938369358, 0.998667116391, 3.04000038678, 1.03077450507, 0.905836520654, 1.00000018248, 1.0000002855, 1.07428447221, 7.89029668784, 0.956341869929, 1.00000016139, 119.127241628, 0.947397245329, 3.17844556839, 0.974622379471, 3.29000071765, 1.00000084785, 26.2931957719, 12268.158676
5.67053242027, 1.01643731687, 1.36609900307, 0.907155802441, 2.83000000784, 0.998970005278, 4.86001398468, 1.26000090259, 1.14000048902, 1.39563469398, 3.07270689663, 1.01997716566, 3.04000006501, 1.03130294626, 1.02341736536, 1.00000091885, 1.00000038667, 1.10031704045, 3.75756234975, 0.939478644155, 1.00000045772, 115.562410922, 1.01627118443, 3.94984920375, 0.966197946479, 3.29000042742, 1.00000008379, 44.1012423287, 61616.9992774
5.98624016185, 1.12157571126, 1.3755815293, 0.975278538703, 2.83000062012, 1.03325656488, 5.56762760196, 1.26000028391, 1.14000087413, 3.53772882733, 2.7544106748, 1.01995568546, 3.0400000582, 1.01384146478, 0.825357686109, 1.00000092142, 1.00000073992, 1.05548404986, 3.808422298, 0.994402059837, 1.00000026173, 113.351336688, 1.03412786612, 1.38632934614, 1.01274303026, 3.29000004634, 1.0000003364, 28.9325817673, 13633.6319068
5.11416542495, 1.07077029378, 1.55949849815, 0.999160846691, 2.8300008999, 0.891544470617, 4.05369616604, 1.26000067783, 1.14000020314, 3.39258742011, 2.83111976533, 0.887201413265, 3.04000044358, 1.07292283411, 0.814137938134, 1.0000002385, 1.00000009696, 1.06945853274, 3.24773623706, 0.961090024307, 1.00000046957, 102.401977148, 1.0590534582, 5.05030937729, 1.01872949504, 3.29000035774, 1.00000034317, 44.4141836318, 7988.00441387
3.50190492394, 1.11249171788, 1.64369962589, 0.934385754254, 2.83000031215, 0.963476083943, 5.5011789523, 1.26000054947, 1.14000009667, 1.30616461673, 2.22380349689, 0.911164873317, 3.04000093216, 1.04643747648, 0.855704589765, 1.00000002276, 1.00000057328, 1.08656040311, 4.13511507042, 0.942592817079, 1.00000053134, 122.924697898, 0.983425267468, 5.96482685984, 0.99865811588, 3.29000061978, 1.00000032391, 19.5648643205, 5609.47813364
5.57014228382, 1.12045250388, 1.66536667233, 0.982179128355, 2.83000000497, 1.1134544548, 5.81380423777, 1.26000006648, 1.14000037245, 1.29772718618, 2.9906424445, 0.906485416763, 3.04000020073, 1.00339487453, 0.93656562932, 1.00000067253, 1.00000066927, 1.08757915721, 3.30351375106, 0.964558747338, 1.00000075365, 115.093958558, 1.02875203723, 4.00841458946, 1.01208751073, 3.29000074838, 1.00000082901, 48.5259917581, 14201.3686148
5.74724907906, 1.03646017781, 1.4012163263, 0.993395391146, 2.8300008609, 1.10257315645, 5.69648440209, 1.26000046448, 1.1400002601, 1.81572798754, 2.77809062235, 1.03044014719, 3.04000086171, 1.0673172161, 0.89552298992, 1.00000017861, 1.00000041198, 1.0895221809, 3.98136383184, 0.914555844183, 1.00000051762, 121.534641332, 0.951495353038, 4.7011760675, 0.953212897121, 3.29000020757, 1.00000049273, 42.8810223265, 42958.0407477
3.32642147758, 1.13840079844, 1.53784114524, 0.952589232692, 2.83000039982, 1.02939443847, 4.25789619263, 1.26000059039, 1.14000099604, 3.59014089381, 2.95352119523, 0.995498310671, 3.04000057182, 1.02919424792, 0.928354093553, 1.000000705, 1.00000086339, 1.0652393829, 3.71620297321, 0.973101847205, 1.00000054731, 111.380537535, 1.0829012824, 2.53383731121, 1.03233975269, 3.29000004697, 1.00000033039, 35.2027310413, 15260.6362688
4.9895522675, 1.05723259493, 1.61800216287, 0.852801752811, 2.830000361, 1.08603496799, 5.87626408774, 1.26000088216, 1.14000090178, 1.47756678377, 2.28701542367, 1.00442733064, 3.04000036495, 1.08678797478, 0.864376153635, 1.00000059449, 1.00000085484, 1.09727972344, 4.10279948195, 0.990853880679, 1.00000005452, 118.595851717, 1.08849684273, 5.29248114192, 0.99029448053, 3.29000002195, 1.00000085236, 24.8454706677, 20849.8434865
4.83928851501, 1.07536751311, 1.66951908134, 0.958502922872, 2.83000089296, 0.967252190041, 5.72792502752, 1.2600002137, 1.1400000857, 1.40535416625, 2.4451695268, 0.960707504392, 3.04000053545, 1.02892547277, 1.03778830854, 1.00000043477, 1.00000076702, 1.08455781675, 4.4572268665, 0.919846683359, 1.00000045308, 122.814390749, 1.07244370493, 2.71283726153, 1.00545470673, 3.29000025583, 1.00000014828, 21.4737820729, 6522.79942103
5.66764407064, 1.12492667754, 1.62701624833, 0.877087865833, 2.83000024038, 1.08253726792, 5.06567478896, 1.2600005037, 1.14000075396, 1.73987506233, 2.94705268537, 0.935186722993, 3.04000084522, 1.06296982664, 0.941452997233, 1.00000082436, 1.00000005855, 1.06230881409, 6.80721600896, 0.984000561211, 1.000000927, 102.274842564, 1.03310518475, 5.86526883436, 1.06842320188, 3.2900009966, 1.0000004212, 8.63202969882, 218.987046229
5.78622576209, 1.02952426726, 1.61116280157, 0.995466244365, 2.83000093237, 1.09865947542, 5.09680069897, 1.26000050735, 1.14000087468, 1.77173515149, 2.99022775734, 0.929969134306, 3.04000085878, 1.07421413262, 0.826804384287, 1.00000069118, 1.00000096699, 1.02966390406, 3.45836491052, 0.97239005688, 1.00000092254, 105.778176638, 0.921878464785, 4.79197727261, 1.02053931788, 3.29000011857, 1.00000010876, 32.0611730587, 4940.33608762
4.67687523099, 1.03981313378, 1.65621540915, 0.987674908436, 2.83000064652, 0.932044284573, 5.87335449523, 1.26000035294, 1.14000056223, 3.124012026, 2.69104915753, 0.912403930163, 3.0400005465, 1.00100923654, 0.825141773268, 1.00000042969, 1.00000075683, 1.05051331965, 5.31460609446, 0.990716676886, 1.00000090051, 118.61599716, 1.05942344311, 5.49528028475, 1.03838467639, 3.29000050016, 1.00000060497, 40.5869029419, 45049.3281902
5.70562029503, 1.05016623744, 1.59971815813, 0.920116249931, 2.83000018404, 1.08313297016, 5.22845240173, 1.26000067554, 1.1400007942, 2.90911486107, 2.06833177772, 1.0401201558, 3.04000071667, 1.010078006, 0.84898556016, 1.00000037335, 1.00000060313, 1.09398623648, 3.52292477509, 0.991715686466, 1.00000041524, 122.011279309, 1.02438666583, 2.39154181806, 1.00389659572, 3.29000053774, 1.00000066679, 24.0237953362, 4765.24384355
1.29098736055, 1.06942345373, 1.62084292641, 0.937101290001, 2.83000026302, 0.916363319107, 5.63877579971, 1.26000012198, 1.14000072732, 1.88212293731, 2.89056767188, 0.960856917503, 3.0400001962, 1.07138525104, 0.799934061312, 1.00000069198, 1.00000091472, 1.07670279958, 5.69931229396, 0.994265521551, 1.00000028947, 111.148861916, 1.00933413892, 3.55031979987, 1.03014608835, 3.29000070371, 1.00000090514, 35.6186248247, 33710.2571252
2.91226963558, 1.08648770104, 1.40388770601, 0.956383066554, 2.83000012299, 0.89157539085, 5.94373137027, 1.26000098608, 1.14000033136, 1.89184892572, 2.69526122565, 1.00921365639, 3.04000041404, 1.0342733581, 0.804646316369, 1.00000054642, 1.00000054757, 1.02452310993, 3.82370602066, 0.981215193328, 1.00000005005, 101.952709214, 1.04765155888, 4.58507382144, 0.993102146812, 3.29000059839, 1.00000036785, 11.7287126007, 1066.7574343
4.85791194762, 1.12806418382, 1.62672563234, 0.978366375893, 2.830000724, 0.914730330385, 4.95428732579, 1.26000008888, 1.14000018804, 1.30325337554, 2.40612184863, 1.07201068682, 3.04000001751, 1.0231824573, 0.891650867692, 1.00000051886, 1.00000072665, 1.10863197583, 3.87514718259, 0.95943898992, 1.0000009083, 89.5742957748, 1.03616197158, 2.65433644662, 1.04869391578, 3.2900004907, 1.00000024014, 30.0869030872, 4970.74369374
5.7359778958, 1.09430592368, 1.52183075442, 0.979760331977, 2.83000016023, 0.862373416266, 5.54456745117, 1.26000065396, 1.14000003412, 1.46773280801, 2.90438581726, 0.986210907684, 3.04000059489, 1.04241954658, 0.875648312106, 1.00000013778, 1.00000073077, 1.08629820498, 8.83278017607, 0.988754153326, 1.00000061279, 103.323597887, 1.01348801838, 4.76647867979, 1.04407261033, 3.29000071202, 1.00000044849, 61.2226701088, 7045.02813532
4.63472991201, 1.01824917823, 1.71323922616, 0.852745493308, 2.83000065905, 1.0015462293, 5.41914100911, 1.26000004322, 1.14000032779, 1.60145500293, 2.16644203546, 1.03053212998, 3.0400006405, 1.06709270762, 0.866134540365, 1.00000069625, 1.00000048604, 1.10521490587, 4.53906648234, 0.995715096262, 1.00000019672, 103.063087295, 1.08026801723, 1.44402627868, 1.01306144679, 3.29000069358, 1.00000056129, 30.2168666013, 24994.8116686
3.59591982991, 1.13726305222, 1.55100167801, 0.984082197661, 2.8300004116, 0.902397133104, 4.90489842786, 1.2600000316, 1.14000037684, 1.36039637078, 2.97339454432, 0.987706906724, 3.04000030626, 1.01549162777, 1.01977847069, 1.00000030996, 1.00000066182, 1.00619019285, 3.44790353873, 0.972874688316, 1.00000023062, 88.2069211717, 1.08780878651, 5.45029148234, 1.04682649899, 3.29000019273, 1.00000031112, 30.4024571184, 12314.5496063
4.53201753801, 1.07356816403, 1.55890710442, 0.927810486051, 2.83000034506, 1.00327825371, 3.63187352127, 1.26000046717, 1.14000010856, 2.33911499972, 2.57928371539, 1.0741810345, 3.04000026905, 1.03248550118, 0.786582046698, 1.00000055583, 1.00000040329, 1.06704237752, 4.08699509913, 0.997170622747, 1.00000049456, 108.432236715, 0.954550100702, 3.21575242199, 1.05931808426, 3.29000022309, 1.00000020683, 34.342429334, 10067.6155726
1.04178925108, 1.07818752699, 1.52351673265, 0.983884650764, 2.83000046685, 0.967556625012, 4.06813031421, 1.2600005438, 1.14000091695, 2.29970840328, 2.98155206274, 1.07601555059, 3.04000025242, 1.01990835608, 1.04840171031, 1.00000067821, 1.00000082141, 1.08845546959, 5.64394649929, 0.990809392043, 1.00000061164, 121.212530847, 1.08119712264, 4.71301263181, 1.06763805547, 3.29000093312, 1.00000078821, 46.7634665118, 7103.31808247
3.76548033624, 1.08591165067, 1.41648793801, 0.861806997573, 2.83000001642, 0.880358365744, 4.10584111869, 1.26000033775, 1.14000093434, 1.40387209392, 1.6789693171, 1.05657144805, 3.04000061385, 1.00289242433, 0.7982786086, 1.00000050862, 1.00000003798, 1.10913492014, 5.3259943361, 0.970950379206, 1.00000065601, 110.927610245, 1.04746383682, 3.48326895696, 1.0392365167, 3.29000075839, 1.00000083509, 23.7135929567, 978.00680158
5.67824270249, 1.10316150893, 1.47535400425, 0.94182171574, 2.83000013256, 0.939561916566, 3.7727763262, 1.26000087939, 1.14000006284, 1.42114134859, 2.97140966573, 1.01755552159, 3.04000018272, 1.031409365, 0.846036382516, 1.00000065645, 1.0000003564, 1.07389781379, 7.60351030934, 0.931888311424, 1.00000029732, 124.547514488, 1.07915494737, 2.6477522221, 1.01119150586, 3.29000064633, 1.00000039204, 37.2736226227, 16727.1000935
5.53191440875, 1.03263173447, 1.53730832702, 0.989078199056, 2.83000040223, 0.976832990717, 5.5965287024, 1.26000009869, 1.1400005568, 2.09202587052, 2.38991157165, 1.01934487336, 3.04000055575, 1.00351135025, 0.903142849941, 1.00000089346, 1.00000096488, 1.08509151637, 7.05318257967, 0.987079911804, 1.00000026163, 110.592629724, 1.03177467495, 2.14610142839, 1.02881008653, 3.29000034253, 1.00000002554, 52.6485120101, 66438.8104422
4.6278318218, 1.07948757521, 1.62341043528, 0.989299440269, 2.83000051907, 1.1667594499, 5.99939173524, 1.26000018791, 1.14000067287, 3.60894876715, 1.99921494407, 1.04867081183, 3.04000043329, 1.07398316674, 0.799072441672, 1.00000023423, 1.00000003938, 1.03056782482, 3.72305597962, 0.959161116164, 1.00000018317, 119.969682784, 1.08784397624, 3.41744542326, 1.00823773205, 3.29000020607, 1.00000079341, 47.1579994398, 50781.9938437
4.84332844345, 1.06371422951, 1.64922449069, 0.949173668956, 2.83000079265, 0.963531878668, 5.99110902886, 1.26000062012, 1.14000065, 1.34968762108, 3.07813241514, 0.935652988844, 3.04000043715, 1.00016931486, 0.920153276387, 1.0000008682, 1.00000090305, 1.03508700534, 8.3267085153, 0.91457831717, 1.00000013222, 104.890357969, 1.08762596717, 3.06687343643, 1.01950030597, 3.29000031998, 1.00000027197, 29.0632317286, 17548.8759543
5.18988632733, 1.12018998257, 1.61329262215, 0.942514776486, 2.83000008602, 1.02887422421, 3.8946324953, 1.26000014755, 1.14000098113, 1.59586837256, 2.61345691505, 1.06989389517, 3.04000039815, 1.0022948785, 0.798995625699, 1.00000083335, 1.00000051972, 1.07287013686, 6.79886980358, 0.950294185616, 1.00000080333, 118.608956173, 1.03815168341, 5.76633840969, 1.02156249894, 3.29000089301, 1.00000079157, 34.8742698232, 34599.3071139
5.00980874098, 1.03768467089, 1.65748220951, 0.98541494733, 2.83000011898, 0.953866675829, 4.62620537119, 1.26000016702, 1.14000068872, 2.32836911019, 2.80877978029, 1.03121416208, 3.04000057701, 1.00941835267, 0.798730241726, 1.00000054595, 1.00000071552, 1.09821797343, 5.09338776488, 0.996513235115, 1.00000012847, 113.60984538, 1.03227941662, 1.83705547341, 1.05823481796, 3.29000009832, 1.00000036143, 20.7782201073, 1161.67548695
4.98722295881, 1.0380561418, 1.58538376713, 0.973020393396, 2.83000081937, 0.946772817061, 5.92451491303, 1.260000535, 1.14000095059, 1.68808360581, 1.74425159023, 1.05787496256, 3.04000016426, 1.00442904402, 0.893682308085, 1.00000013948, 1.00000014692, 1.05916947847, 3.86134203572, 0.923266070354, 1.00000039735, 118.054145142, 1.08970181075, 3.22144689397, 1.00494968217, 3.29000014337, 1.00000085619, 57.2392745023, 17313.9432284
3.45268765287, 1.09865021715, 1.45249340653, 0.895973237449, 2.83000005768, 1.01511103256, 4.76901925751, 1.26000016449, 1.14000061761, 1.48347073002, 3.01884104048, 1.09965577133, 3.040000108, 1.05091194742, 0.795233310067, 1.00000077831, 1.00000057899, 1.03230908138, 3.9916756436, 0.956554083466, 1.00000001401, 119.19571086, 1.08162478615, 5.88235886793, 1.04950306718, 3.29000020637, 1.00000034876, 30.6338394312, 11685.2764509
3.15744096443, 1.13068799814, 1.59202375877, 0.892792108278, 2.83000018959, 1.11274085267, 5.00967955093, 1.26000009397, 1.14000064947, 1.37656827434, 2.67272979468, 1.06163005683, 3.04000028056, 1.02259883374, 0.891214718881, 1.00000022883, 1.00000012054, 1.05089044988, 7.25982230414, 0.921392812329, 1.00000057032, 120.589613516, 1.02777561125, 3.07285449666, 1.04234262991, 3.29000071301, 1.00000012739, 34.2853585076, 11765.8683777
5.57391395867, 1.0216346253, 1.72269333647, 0.935978998303, 2.83000017746, 0.85362342174, 3.83326190295, 1.26000028954, 1.1400005633, 1.75267649482, 2.53931407722, 0.951082610128, 3.04000071219, 1.00710686626, 0.876452089991, 1.00000028774, 1.00000066942, 1.0422967075, 7.94247116583, 0.999161943464, 1.00000027444, 101.710287285, 1.01895839684, 3.22383983752, 1.04102766934, 3.29000042305, 1.00000018764, 27.0237948438, 14786.1162618
5.57569894693, 1.01414535536, 1.5110333626, 0.98493343341, 2.83000023976, 1.05531765485, 5.92449148858, 1.26000041347, 1.14000058454, 1.39175956589, 2.02430784478, 0.983969115729, 3.04000078223, 1.02854663455, 0.790536162377, 1.00000007693, 1.00000077866, 1.03814111076, 3.88011479604, 0.959014776004, 1.0000004664, 91.167163397, 1.06247407046, 3.75304824707, 0.977122214976, 3.29000098935, 1.00000078742, 27.2954166588, 34025.6107909
4.68918812475, 1.00090822526, 1.45644560071, 0.996204719882, 2.83000017049, 1.04611267625, 1.70019905345, 1.26000011615, 1.14000020666, 1.26436061359, 2.44479465334, 1.04866139867, 3.04000087564, 1.00088911229, 0.788169537675, 1.00000004177, 1.00000076831, 1.02459855923, 8.02141466835, 0.976404535158, 1.00000012905, 108.594327479, 1.05546875432, 4.66584152872, 1.061703118, 3.29000035858, 1.00000067615, 18.6363264361, 362.5391905
