5.44424522655, 1.06032265027, 1.69747381221, 0.948446732614, 2.83000023087, 1.01217983544, 2.39333095328, 1.26000034674, 1.1400001957, 2.07173506286, 2.15841340131, 1.06188539876, 3.0400005173, 1.01031728822, 0.952654926683, 1.00000046371, 1.00000064412, 1.05726515462, 9.46243222557, 0.991394670197, 1.00000059217, 122.40796519, 0.910395913626, 4.52847078975, 1.03876180979, 3.29000059567, 1.0000002928, 5447.69021421, 36.3277832697
5.48748891819, 1.01496017855, 1.38373027452, 0.882584684035, 2.83000072455, 1.12361047632, 1.03274770976, 1.26000037318, 1.14000048761, 1.8566617913, 2.22592686802, 0.991149624108, 3.04000090647, 1.0136970485, 0.98376259601, 1.00000095793, 1.00000060034, 1.00961980412, 9.73284931412, 0.980034593383, 1.00000026656, 107.0094019, 0.990983193919, 4.94902813549, 1.05862034166, 3.29000078719, 1.00000055392, 3535.45669969, 30.1042170886
4.83548593719, 1.01571032625, 1.50366477134, 0.972737033617, 2.83000009956, 1.05994545548, 1.00330760567, 1.26000019409, 1.14000023974, 1.6670093696, 1.99950541322, 1.08216503049, 3.0400000027, 1.02040032125, 0.915783793148, 1.0000007162, 1.00000071328, 1.03201961899, 8.75741897371, 0.945088198137, 1.00000030589, 82.8840079479, 0.908037316583, 5.01006617385, 1.03309890792, 3.29000049962, 1.00000019301, 1325.21607695, 45.5110880815
4.81702987347, 1.09618196633, 1.58629547169, 0.962302770588, 2.83000000646, 0.989567218878, 1.10452561778, 1.26000099051, 1.1400004606, 1.7867035461, 2.64823369705, 0.961285194181, 3.04000059915, 1.01567560514, 0.93874718488, 1.00000034828, 1.00000077254, 1.09178156047, 9.41067424591, 0.979627874685, 1.00000070648, 107.218384886, 0.921213874128, 2.66568210776, 1.04369426055, 3.2900005035, 1.00000058771, 352.226193543, 18.8202093947
4.76677521342, 1.04332106132, 1.47917412003, 0.964697089064, 2.83000085033, 1.15355206771, 2.51587323434, 1.26000027993, 1.14000052151, 1.74814324549, 1.9292521228, 1.03971642724, 3.04000092207, 1.06581039953, 1.01387441762, 1.00000058149, 1.00000078978, 1.02379578919, 9.96583665855, 0.998531922491, 1.00000019671, 121.153700606, 0.930852225331, 2.08874681617, 1.01191292514, 3.29000019787, 1.00000037709, 536.766483315, 33.6816194685
5.1866347313, 1.04575420036, 1.61484594053, 0.892008611671, 2.83000077388, 0.945803291326, 1.06989974076, 1.26000054419, 1.14000017041, 2.92291061569, 2.24500102024, 1.03781778125, 3.04000060485, 1.00159779506, 0.957840645316, 1.00000055015, 1.00000071405, 1.07660460969, 6.40630642132, 0.995383282691, 1.0000009348, 79.982009387, 0.96415297763, 4.34802059238, 1.05344186364, 3.29000094666, 1.00000005359, 4201.4053545, 38.5473984612
3.70122726642, 1.03391106109, 1.40047870491, 0.968379625528, 2.83000010434, 1.06113334527, 1.2894899557, 1.26000085357, 1.14000098103, 1.31827790512, 2.81712508541, 0.946294286663, 3.040000608, 1.00636532119, 1.06256207934, 1.0000000854, 1.00000062941, 1.0093851378, 7.32373030459, 0.955692777908, 1.00000007028, 79.2195896923, 1.02402639291, 5.39457812819, 1.04824006171, 3.29000003812, 1.00000094216, 2840.5110416, 57.4018960161
5.66775188686, 1.04426692022, 1.57668773144, 0.948433208917, 2.83000087732, 1.06858519147, 3.11557571852, 1.2600005724, 1.14000002584, 3.02303852125, 1.83274388263, 0.974101468191, 3.04000044655, 1.00033989305, 1.08373175111, 1.00000021804, 1.00000001682, 1.03973489084, 7.53052951568, 0.982502901426, 1.00000005432, 110.78847216, 0.85821101324, 4.07290703239, 1.05076183941, 3.29000023979, 1.00000094739, 3864.32593212, 38.7439406795
4.50699492275, 1.05151715104, 1.40844593287, 0.841001022823, 2.83000003869, 1.16012336307, 1.41131135958, 1.2600009933, 1.14000034533, 2.50305352561, 2.56580174413, 1.03175727343, 3.04000027225, 1.00865574278, 1.02175450166, 1.00000090291, 1.0000005618, 1.0183015886, 9.18328194418, 0.965021594501, 1.00000037994, 86.1748456471, 1.03907385858, 3.54671628892, 1.04716256575, 3.29000028356, 1.00000063539, 2878.92739546, 30.7881829962
3.34730048578, 1.0753381488, 1.68691016084, 0.982720435891, 2.83000068977, 0.95029852165, 1.68058445582, 1.26000012824, 1.14000023865, 2.64578339188, 2.71995691995, 1.02432948842, 3.04000063829, 1.01156841423, 1.06796356792, 1.00000062064, 1.00000012732, 1.10161563136, 8.5936846881, 0.972466627587, 1.0000006095, 99.7512877842, 0.97883525591, 1.71512249102, 1.04105699558, 3.29000089714, 1.00000052928, 429.370240824, 19.0436205744
3.81552824314, 1.06006418836, 1.48164030084, 0.876262915173, 2.83000014072, 1.18171089661, 2.23041662517, 1.26000091135, 1.14000061978, 1.46367773413, 2.20240881189, 1.04073964159, 3.0400001968, 1.02716281953, 0.922016839307, 1.00000063242, 1.00000029689, 1.01658101161, 6.94663465616, 0.962130356067, 1.00000021367, 80.061838323, 1.02779935699, 4.31932623774, 1.00921689405, 3.29000059672, 1.00000042785, 579.865879955, 17.901299702
3.95087810732, 1.09598620683, 1.65652490144, 0.998686423921, 2.83000023327, 1.03548184669, 2.39309365302, 1.26000020243, 1.14000049605, 3.41012897308, 2.13792047947, 1.08213083098, 3.04000009797, 1.02058585347, 1.02212776383, 1.00000086521, 1.00000022033, 1.07465375254, 5.82904929128, 0.987704957764, 1.00000018621, 97.4762805105, 0.878751148071, 3.20923617392, 1.02746264172, 3.29000096213, 1.00000018064, 223.707827265, 15.9222794348
4.55811247227, 1.0766113522, 1.70549557991, 0.945431890471, 2.8300004437, 1.05424267081, 1.27144866174, 1.26000066111, 1.14000079531, 1.76609649912, 2.73228089226, 0.905684880249, 3.0400005863, 1.03098361961, 1.07138899484, 1.00000079874, 1.0000001102, 1.01255578133, 8.22870331061, 0.960769217698, 1.00000016183, 80.768046544, 0.932064473921, 4.815227207, 1.05762922826, 3.29000047396, 1.00000092165, 1499.67791313, 44.6774735424
5.58762046985, 1.08768133036, 1.62606611583, 0.910722819364, 2.83000073453, 0.941276292414, 1.28657129331, 1.2600007266, 1.14000075806, 2.33146063361, 1.75740446635, 0.911189978471, 3.04000037399, 1.07640582636, 1.06774227014, 1.00000075874, 1.00000046745, 1.0291773222, 8.78532169762, 0.989409835648, 1.00000070753, 76.5766032602, 0.974308508628, 5.7488353521, 1.067045526, 3.29000045968, 1.00000090905, 7435.39238823, 45.049636216
5.65365810166, 1.06616902577, 1.55376935509, 0.938967314284, 2.83000058283, 0.894946745781, 2.86587451337, 1.26000087724, 1.14000014233, 2.76080870024, 2.85833591528, 1.07567990507, 3.04000047679, 1.01143853407, 1.08561081665, 1.00000030179, 1.00000061481, 1.04602464439, 5.79920164296, 0.961737424496, 1.00000001653, 86.6048600582, 0.939516191438, 1.00526426144, 1.03999474892, 3.29000010675, 1.00000085219, 541.759240375, 25.2639268311
4.002576963, 1.06142676203, 1.47844566011, 0.921543010089, 2.83000085889, 1.14648394605, 1.77070186429, 1.26000067084, 1.14000067473, 3.2420060334, 2.40412788294, 1.08216615688, 3.04000060705, 1.04379595306, 0.930175847525, 1.00000014456, 1.00000051101, 1.06612875287, 6.34575919112, 0.971991233188, 1.00000041735, 108.348575605, 0.963968860013, 1.24563436656, 1.04047494891, 3.29000010129, 1.00000076569, 2194.66798334, 27.2151798716
3.83359239753, 1.02182507848, 1.5551996693, 0.937618272112, 2.83000010495, 1.1527215728, 4.064178109, 1.2600003686, 1.14000088301, 1.69956770243, 1.89462021241, 0.930691201348, 3.04000026922, 1.03980366331, 1.04225962879, 1.00000011901, 1.00000070898, 1.01768553443, 6.03905392906, 0.988179942023, 1.00000044697, 102.345930078, 0.93947225879, 5.64180068216, 0.987066618569, 3.29000010551, 1.00000042054, 599.169333595, 21.9071877069
5.79329659755, 1.00273004496, 1.73224607363, 0.938824327125, 2.83000067895, 1.1694248972, 2.44255920362, 1.26000008333, 1.14000053654, 1.34404854909, 2.34095622733, 1.03209912029, 3.04000009861, 1.02274537948, 0.93968360981, 1.00000013815, 1.0000009157, 1.05976039117, 7.35060415419, 0.969523541254, 1.00000059556, 97.6059370493, 0.933194541648, 3.65074553339, 0.95021780197, 3.29000036166, 1.00000007683, 2843.22914542, 36.4480367195
1.8101989239, 1.09693848614, 1.50590539245, 0.996710385023, 2.83000063186, 0.956603991297, 2.55959838892, 1.26000073755, 1.14000004023, 3.18892812974, 2.283102467, 1.02854504102, 3.04000037434, 1.02239404611, 1.05012932381, 1.00000038779, 1.00000012647, 1.05527768425, 4.32064530252, 0.994459669421, 1.0000002446, 95.7654912156, 0.858482222949, 3.90001280825, 1.01436977795, 3.29000013582, 1.00000084961, 1248.56423811, 26.8035484759
5.77639581632, 1.04880072857, 1.37357256478, 0.885775910288, 2.83000087203, 1.16924110286, 3.46764221151, 1.26000045613, 1.14000005821, 2.35421171756, 2.72545844006, 1.00267786622, 3.04000030228, 1.00354985655, 0.974538015211, 1.00000034617, 1.00000042719, 1.05822419655, 5.87671287354, 0.944202572465, 1.00000067414, 102.222256087, 0.937937153168, 4.98181577927, 1.02560658457, 3.29000057706, 1.00000054509, 2370.91276721, 28.1774104569
5.52002793058, 1.03298019795, 1.50028814844, 0.986634384873, 2.8300005003, 0.963117532251, 3.06194077312, 1.26000041603, 1.14000046168, 1.86732398445, 1.8282527566, 1.06510090518, 3.04000061771, 1.0013203813, 0.856056877135, 1.00000050122, 1.00000050129, 1.10767263233, 8.69715090962, 0.915568493743, 1.00000042456, 75.9305711916, 0.841278578425, 2.84827040327, 0.986849754322, 3.29000058523, 1.00000079041, 1492.47076711, 48.9191664246
5.82085613399, 1.05803127998, 1.60532310211, 0.973827038621, 2.8300009846, 1.08799398775, 4.72834768578, 1.26000078673, 1.14000078443, 2.0754914762, 1.90675812889, 0.885840445241, 3.04000033627, 1.01331591314, 0.962504601542, 1.0000004706, 1.00000082465, 1.09815301808, 7.80100639397, 0.945201719823, 1.00000000309, 100.695736125, 0.961619143249, 4.71389970557, 1.02524928718, 3.29000097348, 1.0000003335, 2779.8410736, 28.6402431701
5.6679797796, 1.0546152802, 1.56109945494, 0.906645753039, 2.83000012967, 1.18259325536, 1.17007297537, 1.26000099637, 1.14000086374, 1.8193044472, 1.6681248151, 0.901089907405, 3.04000079467, 1.10117356302, 0.983904284444, 1.00000011888, 1.00000087805, 1.03570553463, 9.21458018358, 0.964515802849, 1.00000018179, 105.015644021, 0.86596342665, 5.34234722887, 1.00159032255, 3.2900000266, 1.00000079754, 5591.63104431, 51.9127376194
5.55397575538, 1.07960984908, 1.72147078293, 0.988685089507, 2.83000099365, 0.974258192689, 1.81400545852, 1.26000050317, 1.14000084768, 3.48462477772, 2.54888609386, 1.00765950796, 3.040000118, 1.02557482549, 0.924879134521, 1.00000030784, 1.00000036037, 1.07686069356, 5.69193950189, 0.995368376791, 1.00000091794, 77.8619765875, 0.989748956018, 4.49678273594, 1.02088679936, 3.2900007857, 1.00000050068, 304.020431692, 27.7718501889
4.84213093979, 1.0118247253, 1.4415433007, 0.944487083273, 2.83000073197, 1.08037273544, 5.13725070746, 1.26000078745, 1.14000086974, 2.06516147909, 2.40193788878, 0.943668459449, 3.04000055135, 1.03526251538, 1.04102231948, 1.00000062073, 1.0000007082, 1.02862560457, 8.99779867883, 0.98410002111, 1.00000023992, 96.851259199, 0.96320231745, 2.4537503751, 1.04701177167, 3.29000008711, 1.00000081424, 2356.70749177, 32.8442228515
5.63267178084, 1.01299016701, 1.43808830503, 0.984186038854, 2.83000064043, 1.16383161929, 5.27894750611, 1.26000097281, 1.14000030875, 3.64360928003, 2.65759432192, 1.00041156987, 3.04000013526, 1.01185485034, 1.05563411736, 1.0000007619, 1.00000097784, 1.06283978563, 4.88251509129, 0.972646533521, 1.00000012348, 109.433422943, 1.00058443616, 4.87721093183, 1.05456793057, 3.29000004363, 1.00000009639, 1311.6910264, 42.1157456049
2.55805704707, 1.08794792026, 1.40174447628, 0.806609977792, 2.83000039274, 1.18908833528, 2.29958202176, 1.26000066704, 1.14000004761, 3.37657103952, 1.89916483844, 1.04303135956, 3.04000053773, 1.01909710353, 1.01010876847, 1.00000010006, 1.00000025912, 1.02772135622, 6.32565827249, 0.988123853243, 1.00000067839, 105.952015991, 0.896183746357, 2.71329878983, 0.952137641194, 3.29000096904, 1.00000027822, 2314.29208634, 27.9793293892
5.00512260347, 1.05311360501, 1.3683918515, 0.965973186599, 2.83000049132, 1.10552268095, 3.07698053734, 1.26000069875, 1.14000014761, 2.49006369813, 2.72664151635, 0.932442467219, 3.0400008045, 1.04194805903, 0.980968532611, 1.00000048426, 1.00000030859, 1.08407810439, 4.61980949912, 0.930355673199, 1.00000008695, 117.856349956, 1.00017342337, 2.62009444341, 1.06707770866, 3.29000041723, 1.00000091644, 1851.70842683, 30.0926769806
3.9138785145, 1.06518148405, 1.55806971164, 0.951407618911, 2.8300004613, 0.974509887657, 1.54749210863, 1.26000093003, 1.14000023144, 2.68607577016, 2.48364939994, 1.01798253071, 3.04000090171, 1.01297575165, 0.914630445848, 1.00000049294, 1.00000023439, 1.08126977483, 5.38328546741, 0.978247699953, 1.00000084806, 93.1834491788, 0.881196403364, 2.95255959919, 0.960019951101, 3.2900000326, 1.00000091227, 3325.98956534, 62.5640387223
4.93448150623, 1.01741513198, 1.59504334365, 0.874077745153, 2.83000045546, 1.02356820375, 3.55908699993, 1.26000086364, 1.14000091977, 1.58246315734, 1.98309395781, 0.89349953006, 3.0400005585, 1.00658178773, 0.977914598578, 1.00000060779, 1.00000084294, 1.08679268405, 9.76468821595, 0.96185923741, 1.00000076621, 82.5666327138, 0.846919614426, 3.86122208966, 1.01403609757, 3.29000020565, 1.00000032574, 4357.09582169, 33.4161126091
5.2446791009, 1.04234299386, 1.48244095603, 0.895777470101, 2.83000007689, 0.959934775098, 2.59485123952, 1.26000025802, 1.14000050935, 3.27282067477, 2.109193538, 1.00294821063, 3.04000063908, 1.01144298874, 0.929936948289, 1.00000018276, 1.00000020152, 1.09508269973, 7.99114803412, 0.924562517534, 1.0000005911, 78.6266254543, 1.0029011022, 2.96768290235, 1.01913040661, 3.29000033726, 1.00000028267, 245.283151546, 27.4326103875
4.25251689475, 1.11179462011, 1.42204050963, 0.943509037301, 2.83000064657, 1.07608341984, 1.24134071889, 1.260000242, 1.14000020361, 2.54755819309, 2.07205120145, 1.00398663357, 3.04000069406, 1.03663922842, 0.966424760854, 1.00000074634, 1.00000076844, 1.0925129703, 6.20166356794, 0.948178906608, 1.00000002613, 103.938585863, 0.899488910472, 1.68507944956, 0.998971747539, 3.29000049028, 1.00000094107, 3230.22348112, 57.4590568706
5.10534269326, 1.03978777131, 1.42113335161, 0.98371457393, 2.83000070907, 1.13363804511, 3.29912851343, 1.26000004103, 1.14000005681, 2.79007371499, 2.71021875165, 0.941397746621, 3.04000002763, 1.00066711831, 1.04352170264, 1.00000018431, 1.00000080323, 1.04524098426, 4.78385556817, 0.980194533041, 1.00000019018, 86.0510786463, 0.997803277477, 5.56210944077, 1.02563790206, 3.29000036945, 1.00000082429, 8603.58161528, 61.5359411792
3.74273157875, 1.00780520962, 1.49149990349, 0.845324263986, 2.83000025632, 1.15806120411, 2.15435181915, 1.26000047827, 1.14000061696, 2.2150123018, 1.96296210234, 0.944617835238, 3.04000066168, 1.02196084933, 1.0016291993, 1.00000001109, 1.00000065083, 1.08969209862, 4.40748382569, 0.995646147742, 1.00000097288, 92.1777296756, 0.975402068706, 3.42981062104, 1.05850204205, 3.29000015139, 1.00000094597, 1509.66206078, 26.744203848
5.97752939522, 1.04472195017, 1.5459047392, 0.861145080106, 2.83000071687, 1.16486109633, 3.16545067873, 1.26000036947, 1.14000020342, 1.25534305667, 2.90077580222, 0.895088795306, 3.04000074651, 1.03440529789, 0.894033555153, 1.00000043447, 1.00000000286, 1.0817230291, 8.51447342354, 0.949301492865, 1.00000039509, 107.112932221, 0.920003989519, 4.00982942626, 0.986965185482, 3.29000061057, 1.00000002132, 4089.67695657, 63.9994100642
4.01003726289, 1.01796120146, 1.51802232323, 0.935076169895, 2.83000065332, 0.973920709403, 4.1910161384, 1.26000059464, 1.14000084678, 1.51125192142, 1.90196469601, 1.01917386417, 3.04000078606, 1.02691988279, 1.03918582669, 1.00000094193, 1.00000063812, 1.06503760791, 8.04610892901, 0.932023750113, 1.0000003708, 83.560128419, 0.903692415203, 2.55200140169, 0.993421471132, 3.29000039897, 1.00000003712, 71.0917402036, 9.42773523756
4.92087708987, 1.07044368374, 1.67296369418, 0.885776167987, 2.83000094052, 1.10821994611, 1.36958583605, 1.26000090342, 1.1400004315, 2.20753835111, 2.16489697222, 0.947448033307, 3.04000061196, 1.05483950497, 0.86427556856, 1.00000035487, 1.00000040187, 1.09461261738, 6.03242313795, 0.990403958839, 1.00000044566, 82.2365247962, 0.935542036954, 3.08951473958, 1.04570566903, 3.29000066139, 1.00000037546, 3144.44650343, 55.981476777
1.327558391, 1.03390137427, 1.49555459815, 0.915709937411, 2.83000014108, 1.07631901503, 1.47431223908, 1.26000018492, 1.14000033439, 1.72297574366, 2.93062903507, 0.938135441584, 3.04000039601, 1.00732147029, 0.988304362433, 1.00000050757, 1.00000049479, 1.06086787198, 8.74894649766, 0.947019427878, 1.00000004707, 87.9114571825, 0.88144622441, 1.56286409684, 1.01535222443, 3.29000005675, 1.00000058142, 3143.72526484, 43.1908750607
4.26250113941, 1.03490997932, 1.4914482784, 0.947018389244, 2.83000023544, 1.0715770008, 2.09928292773, 1.26000042722, 1.14000016937, 2.49607468871, 2.29173249442, 0.925108843669, 3.04000090818, 1.02681463263, 1.07294439887, 1.00000008681, 1.00000076839, 1.06675780072, 4.88185038273, 0.99447366475, 1.00000012598, 78.079713413, 0.966357596631, 4.50289141308, 1.03052695132, 3.29000051664, 1.00000028134, 1017.77581749, 25.3100564602
4.13912998015, 1.05354610129, 1.40176006328, 0.963932540645, 2.83000022815, 0.951747924868, 1.42339500194, 1.26000055497, 1.1400005192, 2.79640133634, 2.93667147007, 0.977486349735, 3.04000079601, 1.03783469231, 1.08976230331, 1.00000074821, 1.00000089494, 1.02231350583, 6.82069495085, 0.973978830746, 1.00000098404, 78.6810307815, 0.97564393199, 1.20684417377, 1.04419931657, 3.29000058062, 1.00000056471, 5163.22174345, 41.2706847819
4.89491337213, 1.09620586069, 1.43446872562, 0.922577999659, 2.8300001008, 1.07218741714, 1.51924331602, 1.26000085453, 1.14000001468, 3.43664083798, 2.55839966525, 0.982301177181, 3.04000055547, 1.03733587435, 1.040864385, 1.00000045114, 1.00000030641, 1.09780880262, 9.54451543375, 0.970680428816, 1.00000026761, 87.604372749, 0.931498431354, 1.0446763276, 1.04530144506, 3.29000097053, 1.00000046815, 2755.8862371, 35.2283877363
5.40503511895, 1.06376126492, 1.43351551075, 0.941226245067, 2.83000020629, 1.18129732265, 3.53351156228, 1.26000080188, 1.14000037666, 3.21906308496, 2.93888627609, 0.958044055193, 3.04000074749, 1.00793596472, 0.971767821521, 1.00000037606, 1.00000016379, 1.10759789797, 3.36292196371, 0.968078195948, 1.00000080185, 118.351963809, 0.946782954315, 4.29236015354, 1.01138195396, 3.29000099147, 1.00000084796, 2112.84424699, 26.9836235046
4.09105939359, 1.04219723124, 1.73873404485, 0.971015931924, 2.83000033866, 1.16363365922, 3.37077852864, 1.26000042984, 1.14000069665, 2.0211380739, 2.96389244492, 0.966670012264, 3.04000090938, 1.01750439396, 0.871687165469, 1.000000038, 1.00000040855, 1.09499391281, 5.89515337009, 0.970910317202, 1.00000024144, 106.648638395, 0.902991116457, 2.29991996638, 0.970982515412, 3.29000006028, 1.00000039335, 1982.03809066, 25.6517316332
3.16804072841, 1.07637438587, 1.40044702213, 0.923182682545, 2.83000094748, 1.18171161071, 2.92956371347, 1.26000067304, 1.1400008297, 3.125518306, 1.68044722135, 0.899962455895, 3.0400008786, 1.03323432707, 1.06501123657, 1.00000041653, 1.00000098924, 1.09930410809, 8.31736529177, 0.934904063185, 1.00000093712, 107.647233169, 0.892168632697, 4.80639283825, 1.05436713113, 3.29000020032, 1.00000038132, 3614.24316705, 31.0354373817
4.19271511304, 1.02756324403, 1.444695122, 0.976657375761, 2.83000015693, 1.08719799009, 2.71594353766, 1.26000037644, 1.14000018564, 1.30343338884, 2.88985396185, 0.958510424586, 3.0400003697, 1.01556804601, 1.06115286325, 1.0000004941, 1.00000082342, 1.09966471898, 3.88776529107, 0.997222302468, 1.00000094491, 77.7468886826, 0.86547354197, 4.12255132586, 1.04912036377, 3.29000067586, 1.00000016682, 3220.10842145, 36.3866546758
1.34290478256, 1.0754208369, 1.45256453203, 0.972186463603, 2.83000001187, 1.17286217729, 2.38905351007, 1.26000009366, 1.14000094174, 2.4219495334, 2.76206342883, 1.06432627069, 3.04000086229, 1.00904248789, 1.0360923799, 1.00000005812, 1.0000003953, 1.06798191621, 5.2399591136, 0.922033145756, 1.0000009062, 96.4268829182, 0.962168607052, 3.15819223176, 0.9562446513, 3.29000026295, 1.00000043893, 2128.85331741, 25.2362635484
5.87528846965, 1.0425700274, 1.62002518368, 0.848409340543, 2.83000011783, 1.17803935855, 2.00517019415, 1.26000015904, 1.14000013157, 2.7390639662, 2.38194536308, 0.996712160992, 3.04000027038, 1.00633247598, 0.866570765965, 1.00000077206, 1.00000071404, 1.03367317394, 6.41141439139, 0.957853428909, 1.00000017956, 76.5181182823, 1.04477684339, 2.73347771108, 0.968065244641, 3.29000001812, 1.00000037398, 3552.55811296, 31.6715329934
1.21366430953, 1.06842335688, 1.55928276734, 0.930741795937, 2.83000031277, 1.09823385916, 2.63761756404, 1.26000051161, 1.14000083679, 1.56005143422, 2.13756927792, 1.07476740608, 3.04000027576, 1.01969230225, 0.985354385463, 1.00000083028, 1.00000022954, 1.0259522706, 4.54208539052, 0.936547796198, 1.00000005262, 78.6024828987, 0.931068562268, 1.72201630358, 0.957590785847, 3.29000016757, 1.00000018169, 2077.00417573, 37.6917113758
3.35381975758, 1.00679048555, 1.36790521007, 0.830002576759, 2.83000011732, 1.14549578316, 3.26297017268, 1.26000040151, 1.14000080995, 1.60925460173, 1.89427442086, 0.906347974382, 3.04000034954, 1.00116160879, 0.943690335305, 1.00000032369, 1.00000026948, 1.07375837115, 9.21927404562, 0.975633543974, 1.00000006336, 78.9778281949, 0.96800515024, 3.85608400543, 0.952068097604, 3.29000026641, 1.00000005771, 1873.01005334, 48.9362204664
2.77450699847, 1.09758945628, 1.69122255769, 0.918312946756, 2.83000098592, 0.995650966849, 1.4477586502, 1.26000081229, 1.14000039703, 3.45973141533, 2.36947479328, 0.947730949665, 3.04000099103, 1.00260655989, 0.887231963565, 1.00000084657, 1.0000005977, 1.08426690647, 8.86801745357, 0.966573021227, 1.00000087934, 76.4558189515, 0.930412532849, 2.76867923421, 0.973144842801, 3.29000022679, 1.00000053801, 103.795324818, 20.1350790375
4.37514325385, 1.0303020139, 1.69576215288, 0.998558424305, 2.83000030585, 0.891113320291, 3.72358412314, 1.26000091484, 1.14000077882, 2.27851587529, 2.72380645581, 1.02526986187, 3.04000089443, 1.06630979615, 0.962851578629, 1.00000022224, 1.00000097556, 1.01948226007, 6.19524405718, 0.941435010611, 1.00000092143, 75.8547006702, 0.969274227125, 2.26858414313, 0.981135839673, 3.29000014184, 1.00000057896, 5425.19837205, 42.2789145026
5.60856058445, 1.04061693197, 1.57902497982, 0.949492536768, 2.83000021094, 1.15626784558, 3.44523509161, 1.26000003131, 1.14000034614, 2.39702571514, 2.07700849936, 1.07592851237, 3.04000044354, 1.09194251214, 0.979042400687, 1.00000080071, 1.00000083458, 1.02736227745, 7.52945558085, 0.990250712331, 1.00000045221, 98.8867070664, 0.920885070048, 1.58001333115, 0.95123119922, 3.29000005273, 1.00000043574, 102.633855752, 20.9808743771
5.79047974551, 1.0399572473, 1.36758716082, 0.950411483714, 2.83000089457, 1.10603509734, 3.32925872598, 1.26000012987, 1.1400003289, 3.23548755743, 1.79958596619, 0.954772846499, 3.04000030937, 1.00781958553, 0.984535861783, 1.00000048357, 1.00000072624, 1.08976253545, 6.66124019356, 0.987983566614, 1.00000040752, 85.9081588258, 0.923796229902, 4.05832616933, 0.998855899384, 3.29000016793, 1.00000035008, 951.066418782, 25.3892553425
3.79337866039, 1.03962707835, 1.62462957954, 0.843401142336, 2.8300004666, 1.17489730313, 1.91253417854, 1.26000044086, 1.14000096469, 1.48827654373, 2.12137559329, 0.909901268795, 3.04000078825, 1.06619340341, 0.889507216801, 1.00000066851, 1.00000044121, 1.10360437171, 8.52298376891, 0.966151413287, 1.00000002364, 107.205155311, 0.951422603563, 2.27711750362, 0.968348144105, 3.29000057489, 1.00000050819, 2939.17543239, 33.5104948718
5.32539697043, 1.03251545092, 1.44503114919, 0.928684306215, 2.83000081198, 1.11235977184, 1.38590274921, 1.2600000234, 1.1400004752, 2.65172908428, 2.26515382486, 0.957404724597, 3.04000046372, 1.03568896025, 0.847419147093, 1.0000005798, 1.00000016656, 1.0537817889, 8.81166056755, 0.97536464184, 1.0000009135, 82.6180578158, 0.986170330957, 1.25760512668, 0.969274498389, 3.29000069958, 1.00000017043, 8173.08520205, 47.1054053952
5.80750811284, 1.01346467271, 1.4278858601, 0.808750031603, 2.8300008329, 1.09701128663, 2.86409167631, 1.26000057328, 1.14000047946, 2.98514340946, 2.0388246907, 1.02554704842, 3.04000048839, 1.0101821386, 1.01589075584, 1.00000037114, 1.00000016053, 1.09215069916, 8.79504196844, 0.938196402169, 1.00000030578, 78.422071586, 0.940135808263, 2.80124931139, 1.01340501791, 3.29000086883, 1.00000091342, 1016.79714952, 25.0146306081
5.2555721593, 1.01023836004, 1.45545013454, 0.963661601474, 2.83000044087, 1.12070234876, 2.42895633967, 1.26000058204, 1.14000060417, 2.23445321238, 2.35637855683, 0.934646057365, 3.04000076606, 1.0635122296, 1.0488595576, 1.00000014652, 1.00000078155, 1.05843470308, 7.51421135695, 0.987366636392, 1.00000036711, 85.578094258, 1.03457997012, 2.70673917273, 0.995961153703, 3.29000042899, 1.00000024992, 3589.73473805, 31.2607981807
4.74808050519, 1.00693183845, 1.37086966318, 0.897248395325, 2.8300009424, 1.18550685184, 1.36173329286, 1.26000026945, 1.14000027127, 2.23363976855, 2.52479752487, 0.938810844456, 3.04000076438, 1.03508940277, 1.03128491822, 1.00000021317, 1.0000001677, 1.0967595135, 6.23477823498, 0.934937707213, 1.00000025863, 96.2635372929, 1.0504878045, 3.45630772804, 1.0205031666, 3.29000093464, 1.00000031308, 129.752821809, 22.3776445147
3.40119178621, 1.09078815246, 1.34838135471, 0.938194738401, 2.83000092166, 1.02221505384, 1.70600358381, 1.26000017126, 1.14000041716, 3.57989116824, 2.58458418072, 0.994043567157, 3.04000061522, 1.00363873261, 1.02985340266, 1.00000039657, 1.00000032558, 1.09066663432, 6.5912479618, 0.957574250186, 1.00000064485, 84.7215929207, 0.879995652887, 1.27106938524, 1.01577561969, 3.29000092465, 1.00000076306, 1690.41479116, 36.3066632599
3.01885459191, 1.04184027766, 1.52178579276, 0.858412413611, 2.83000068791, 1.02223211093, 2.21414695575, 1.26000045479, 1.14000094406, 1.54389113385, 3.09171936527, 0.967433505306, 3.04000017767, 1.02539161671, 1.06458072695, 1.0000002228, 1.0000005485, 1.0975255169, 9.57488992245, 0.936323809413, 1.00000052078, 82.5402474825, 0.995659046762, 1.06882223633, 0.990588609985, 3.29000085465, 1.00000071346, 64.742155962, 13.1920072999
2.66831121193, 1.07965931103, 1.35233849626, 0.916122388029, 2.83000022207, 1.10975693223, 2.29661528898, 1.26000097868, 1.14000042424, 2.44683792248, 1.98236181235, 0.940262393244, 3.04000038522, 1.04494205539, 1.00396523357, 1.0000000886, 1.0000007453, 1.0786983481, 9.6384755847, 0.917915677678, 1.00000085449, 85.0736119382, 0.942327537896, 1.07724700765, 1.00906423798, 3.29000042064, 1.00000048999, 3716.10833243, 61.0783384475
4.67462780464, 1.00325230219, 1.41445054746, 0.9093926964, 2.83000090379, 1.05664943739, 3.89623266558, 1.26000091291, 1.14000030149, 3.13131792162, 2.43291109279, 0.908704781988, 3.04000083905, 1.02934137435, 0.916934545396, 1.00000089032, 1.00000076526, 1.06248592243, 4.70445342288, 0.958827794906, 1.0000004369, 81.3287785856, 1.07218222408, 3.70294446151, 1.04241264423, 3.29000026698, 1.00000019325, 2065.84644591, 39.2749097803
3.09720068043, 1.07408169749, 1.49121365599, 0.967382694953, 2.83000087533, 1.0406078214, 1.98467600143, 1.26000006007, 1.14000013263, 3.37730844379, 2.27350675575, 0.892026612991, 3.04000094689, 1.00898923091, 1.08111062296, 1.00000093096, 1.00000085856, 1.10879782709, 7.36010444493, 0.972472580547, 1.00000086054, 94.293930451, 0.947941327067, 1.09857244391, 1.01474294638, 3.29000073674, 1.00000058716, 2736.79745395, 41.7811226394
5.52687818017, 1.03694762837, 1.34210436163, 0.939718664861, 2.83000075644, 1.18920302826, 4.64204382428, 1.26000005014, 1.14000058773, 2.63769457552, 1.78324367616, 1.01798343959, 3.04000013843, 1.02768084055, 1.01253130024, 1.00000039096, 1.00000084552, 1.09571724866, 8.06424934914, 0.922361252514, 1.00000073533, 108.989604302, 0.860603781414, 1.94911974044, 0.967942013645, 3.29000027774, 1.0000007713, 1706.1416657, 50.1297618221
2.51299770298, 1.12537330639, 1.48433949712, 0.891612676836, 2.83000034649, 1.0810822844, 1.4238553719, 1.26000029226, 1.14000080597, 3.15475605182, 1.68465251917, 0.888053392478, 3.04000071743, 1.03916718437, 1.02864384755, 1.00000039517, 1.00000072923, 1.09003036612, 8.65179411087, 0.925640391175, 1.00000034823, 83.022125812, 0.885663888028, 4.57234893442, 0.976405986387, 3.29000029521, 1.00000036476, 1789.66162639, 37.3684415372
4.9480009065, 1.02520474297, 1.58659162164, 0.946737224034, 2.83000090428, 1.1380247892, 1.94816588686, 1.26000037917, 1.14000096188, 1.44120039832, 3.02000155618, 0.995311838634, 3.04000097635, 1.0230330003, 0.793376870347, 1.00000080782, 1.00000015455, 1.10712653413, 3.8687163288, 0.92993216822, 1.00000082459, 90.55949639, 0.996577774701, 2.00244422585, 0.955560456862, 3.29000012579, 1.00000013939, 1180.16665846, 44.4348631354
1.32353812061, 1.03302842697, 1.40844631968, 0.973737290598, 2.83000002514, 1.01676516243, 4.99273615137, 1.2600004809, 1.14000011402, 2.08275237285, 2.65388976143, 0.980268946444, 3.04000083248, 1.02220928777, 1.07430896201, 1.00000054334, 1.00000066238, 1.07236875492, 3.41791199661, 0.950439261538, 1.00000008523, 94.8953864587, 0.985654267575, 1.15922403751, 0.972931588062, 3.2900007972, 1.00000079895, 58.7113712688, 12.5454310399
1.51305137783, 1.03199787897, 1.42231884487, 0.847942556921, 2.83000093526, 1.14455709502, 3.32839220788, 1.26000027968, 1.14000072146, 1.9461141805, 2.03068823912, 0.93005867134, 3.04000012741, 1.00169493644, 0.98663913999, 1.00000017809, 1.00000042089, 1.07762897282, 3.56406337632, 0.958430649794, 1.00000022028, 84.0408863217, 1.00523771648, 2.50983589114, 0.992126886081, 3.29000077615, 1.00000055567, 2353.3342442, 32.351969796
5.34601724012, 1.03411349587, 1.41603768571, 0.879335535923, 2.83000069064, 0.979046940612, 1.07562725428, 1.26000092427, 1.14000090475, 2.53405730429, 3.09111142727, 0.975881365827, 3.0400006457, 1.0296866175, 1.00045726192, 1.00000076184, 1.00000025544, 1.06406501356, 5.60143405879, 0.967856145101, 1.00000022075, 85.831326076, 0.849605867088, 2.706503762, 0.953462272702, 3.29000001566, 1.00000007163, 2622.38373654, 29.3431220338
5.65078784374, 1.01906008458, 1.51627134548, 0.901272527901, 2.83000062099, 1.06591259378, 2.17818576983, 1.26000081926, 1.140000985, 2.4712907813, 1.79240343004, 0.894871552299, 3.04000018812, 1.07286722211, 0.971784800401, 1.00000023372, 1.00000040588, 1.07863323801, 9.83360335565, 0.927906507732, 1.00000041808, 78.9659803484, 0.932604999918, 3.33511665627, 1.00427632817, 3.29000018849, 1.00000026038, 2140.35228301, 25.6670734054
4.34932523408, 1.03053335372, 1.49656090913, 0.864883074732, 2.83000002966, 1.01884145162, 4.62518650444, 1.2600002351, 1.14000089651, 3.2374044543, 2.48277249976, 1.03605772634, 3.04000071313, 1.0191550661, 1.06441762473, 1.00000074428, 1.00000031279, 1.0973905657, 3.24046693513, 0.980659223716, 1.00000093652, 75.6504920838, 0.942724403817, 1.32239455927, 1.0405531638, 3.29000081052, 1.00000097711, 746.408675646, 37.8099534978
4.91265420566, 1.00198654435, 1.3970759377, 0.933243012154, 2.83000097311, 1.10962579661, 3.12858021122, 1.26000013236, 1.14000012535, 1.43163153957, 2.77690119447, 0.98833334564, 3.04000095965, 1.01571052106, 0.989790423176, 1.00000023861, 1.00000079237, 1.10868383163, 3.62464039187, 0.945659323587, 1.00000095517, 98.1847618887, 0.863979995131, 1.96774628464, 0.958691277291, 3.29000045762, 1.00000027325, 1638.64532264, 26.1423029902
4.86585948408, 1.03114138803, 1.50352741394, 0.96072950096, 2.83000039849, 1.03721218676, 2.62086582086, 1.26000032501, 1.14000028942, 2.75205774073, 2.29390552821, 0.910268895443, 3.04000029469, 1.00930017922, 0.990535117352, 1.00000015152, 1.00000055723, 1.06635007776, 5.30706330825, 0.944170582363, 1.00000019245, 75.2209598333, 1.03568307912, 2.24089858718, 0.955137608231, 3.29000022422, 1.00000071652, 12724.463894, 50.4488356117
4.37923926475, 1.03264845346, 1.40602545863, 0.884943274467, 2.83000025777, 1.01669469141, 4.40442219903, 1.26000086875, 1.14000069661, 3.19495882177, 2.98223161451, 0.940320589057, 3.04000062746, 1.02234464885, 1.02659232129, 1.00000001866, 1.00000015715, 1.10013704108, 6.83993453173, 0.931369090834, 1.0000006512, 83.7723218049, 0.940772206128, 2.4233024179, 1.02738122807, 3.29000065694, 1.00000072182, 4036.26398405, 49.3446636669
4.87700742637, 1.01069697492, 1.73495107411, 0.957837549358, 2.83000092998, 1.13110088635, 2.64083404346, 1.26000078919, 1.14000013471, 2.13348960078, 2.67881000119, 1.04882429857, 3.04000075706, 1.09165766545, 1.07289198038, 1.00000072331, 1.0000002304, 1.07071821057, 6.97947804737, 0.992307741263, 1.00000089801, 79.6601360161, 0.874866823977, 3.47705092858, 0.967633014427, 3.29000039184, 1.00000091287, 6212.78187226, 37.9565013718
3.05798944873, 1.02026671816, 1.48987010488, 0.943854256588, 2.8300005022, 1.14599491752, 1.17189859714, 1.26000075156, 1.14000085771, 3.2292972794, 3.11757141448, 0.930390686933, 3.04000056814, 1.01479808483, 1.02976613608, 1.00000057113, 1.00000085381, 1.05164330836, 8.24670807625, 0.946228630451, 1.00000074378, 79.6689239063, 0.849985869944, 3.69026364426, 0.964921837489, 3.29000026284, 1.00000036284, 3829.12063775, 32.7612427954
4.44013425883, 1.03019378954, 1.34243146291, 0.978463330283, 2.83000027294, 0.965353666208, 3.62593017033, 1.26000085155, 1.1400003929, 3.19560772234, 3.0132045751, 0.934355498567, 3.04000087596, 1.06258786627, 1.07209065969, 1.00000016968, 1.00000069995, 1.03430902527, 3.92280875741, 0.922917377667, 1.00000034259, 76.5465790152, 1.01574099008, 3.10825562771, 1.02534832092, 3.29000069749, 1.00000033031, 1739.29536941, 31.128500304
3.86737114702, 1.00870436078, 1.44514533119, 0.953612085576, 2.83000087755, 1.0380265834, 2.33671270997, 1.26000052733, 1.14000091724, 3.05097690978, 2.94486615925, 0.934223670658, 3.04000071956, 1.05931132064, 1.03130362851, 1.00000001355, 1.00000094485, 1.02314658303, 6.26911336842, 0.944870248675, 1.00000072165, 79.5371761033, 0.97139672098, 3.52738205973, 0.962743060578, 3.2900009093, 1.0000009317, 2201.61242202, 49.1840339893
5.91358707403, 1.00876902755, 1.40809273297, 0.944470329513, 2.83000082416, 1.1304309381, 3.28328702556, 1.26000085766, 1.14000051273, 3.5374357497, 2.06313583891, 0.992991637137, 3.04000025281, 1.08707795404, 0.998465703299, 1.00000043881, 1.00000092208, 1.08364922265, 6.60894291937, 0.965047432594, 1.00000072537, 90.0471268756, 0.909222046651, 1.46466986177, 1.00870458685, 3.29000041153, 1.00000009559, 3696.57718733, 29.6329427136
5.21856620459, 1.03434159186, 1.42598873198, 0.985970184988, 2.83000038333, 1.17515646733, 3.49602166572, 1.26000019976, 1.14000049718, 3.63214222998, 2.4430796788, 0.988881641645, 3.04000038952, 1.02052015428, 1.07380528846, 1.00000025459, 1.00000075429, 1.0589621546, 4.93914624334, 0.914713844701, 1.00000004497, 75.9927869982, 0.875342880245, 1.94535245809, 1.00306260901, 3.29000071431, 1.00000091389, 3512.02467093, 58.1342928757
5.76853188267, 1.03866502364, 1.56302664425, 0.895082811803, 2.83000017133, 1.07728986052, 2.08658124759, 1.26000062766, 1.14000049967, 3.67682045982, 2.46987928803, 0.915604303084, 3.04000041418, 1.0908072305, 1.05568520009, 1.00000040434, 1.00000027134, 1.06292604831, 5.60178198206, 0.962169343402, 1.00000054499, 78.0173042134, 0.961086854474, 4.17161689407, 1.0030009322, 3.29000069389, 1.00000072631, 1587.97439616, 23.1136505557
5.12514934502, 1.02430821494, 1.64001236488, 0.907976984382, 2.83000096903, 1.14697293329, 3.82823422226, 1.26000024746, 1.14000028341, 3.59558667971, 2.63294138273, 0.9101987966, 3.04000011161, 1.10276459795, 1.06678995159, 1.00000089967, 1.0000004613, 1.10502782911, 5.37171193472, 0.959638657392, 1.00000085826, 75.6384470922, 0.840517163486, 1.86541398592, 0.950417197965, 3.29000019288, 1.00000052778, 1892.7872713, 38.2569376566
