5.55598540488, 1.07264712061, 1.51552024545, 0.816069246768, 2.83000012389, 1.05411544966, 5.60220967684, 1.26000085235, 1.14000025949, 1.36600339297, 1.76648565859, 1.07879590168, 3.04000012049, 1.00964698439, 0.965526939902, 1.00000027301, 1.00000077235, 1.06050287171, 3.95642429234, 0.929789638668, 1.00000036706, 119.798552651, 0.84587213618, 3.52032954096, 0.950015010088, 3.29000018758, 1.00000071706, 24.396915436, 10985.3651873
4.13968012474, 1.09613541959, 1.6369008401, 0.848308186331, 2.83000062149, 1.12714938534, 5.39043442602, 1.26000063522, 1.14000088697, 1.97887208812, 1.83933208581, 1.08602222778, 3.04000046271, 1.01703317744, 1.02338935669, 1.00000002536, 1.00000077142, 1.03413131233, 3.09741689725, 0.94435118498, 1.0000002749, 100.303742764, 0.879956760672, 3.42578994339, 1.00956612953, 3.29000076887, 1.00000086212, 28.7181071019, 1710.1552608
1.52745907649, 1.03439233605, 1.37534753564, 0.821520589734, 2.83000007239, 0.853868393825, 3.63827094932, 1.26000032117, 1.14000022482, 1.58580523426, 2.86137191856, 1.07472869456, 3.04000040748, 1.05609614197, 0.922070474481, 1.00000019835, 1.00000075137, 1.08892087488, 5.55074491582, 0.94481623053, 1.00000089814, 118.038995562, 0.852598757167, 4.32113731825, 0.985814635706, 3.29000064984, 1.0000005551, 11.5219505524, 533.17514314
3.72097681164, 1.11596651766, 1.46011287636, 0.85899283808, 2.83000051198, 0.975694539028, 4.02783910143, 1.26000028964, 1.14000041865, 1.54678655462, 2.33382196529, 1.04462154464, 3.04000052851, 1.03583046939, 0.960741691508, 1.00000025306, 1.00000053494, 1.00159740638, 4.4286065516, 0.966149608834, 1.00000065775, 116.12822718, 0.864173066551, 4.71542989461, 1.00285938479, 3.29000044256, 1.00000038955, 10.3699396768, 948.562422751
4.00078026523, 1.13991120021, 1.73602257906, 0.938323911541, 2.83000097661, 0.955898938249, 3.26401946546, 1.26000072505, 1.14000041649, 1.46085954433, 2.16227001848, 1.08541853929, 3.04000082632, 1.00532162662, 1.00567511567, 1.00000033589, 1.00000019768, 1.10496806847, 5.15058659627, 0.956962957877, 1.00000094471, 123.697201606, 0.903595738712, 3.93317669925, 0.971829714754, 3.2900005382, 1.00000065202, 22.7073702204, 1537.8583489
4.2564607756, 1.03185418375, 1.67801363528, 0.825451774661, 2.83000080931, 1.1008942569, 3.54176541214, 1.26000059493, 1.14000077707, 3.12601979438, 1.59571156149, 1.04000112983, 3.0400009032, 1.07232331499, 0.934975841091, 1.00000014582, 1.00000087351, 1.094891416, 3.26516372272, 0.921009993177, 1.00000039448, 87.5271831766, 0.84017565487, 5.75269082762, 0.977492238711, 3.29000015573, 1.00000023418, 36.8194727873, 15275.8596218
1.11544738156, 1.0736852391, 1.39569672968, 0.864603541759, 2.83000041185, 0.980672973764, 4.20958920705, 1.2600006496, 1.14000017501, 1.41433340662, 1.60266531833, 1.04600844603, 3.04000004255, 1.07838496375, 0.983407545133, 1.0000005993, 1.00000096287, 1.07085552474, 4.26767456964, 0.970301121697, 1.00000022588, 104.227255553, 0.988509923054, 5.82023237505, 0.952017953257, 3.29000015821, 1.00000057829, 48.0006324807, 60586.7998854
2.64712168756, 1.05895676356, 1.45600845138, 0.82452332417, 2.83000086977, 0.891246699638, 3.20483668818, 1.26000039533, 1.14000030988, 1.73690291818, 1.77096258407, 1.06656108078, 3.04000045106, 1.02638142464, 1.05141924201, 1.00000095667, 1.00000080098, 1.09319099524, 4.1791379031, 0.919205309542, 1.0000009652, 104.625060313, 0.888554560498, 5.76962976901, 1.03935495546, 3.29000009668, 1.00000047347, 32.7850620958, 11144.0158722
2.20436158007, 1.04018631475, 1.55529568632, 0.829423527833, 2.83000027585, 0.972985877383, 5.3066812909, 1.26000039885, 1.14000018261, 1.71943021787, 1.84781495039, 1.08789240255, 3.04000042913, 1.04979942059, 0.822601043048, 1.00000055197, 1.00000002039, 1.08970654162, 5.08198929476, 0.985895048353, 1.000000085, 107.79475288, 0.847709027101, 5.96994499505, 0.987980284206, 3.29000087777, 1.0000001153, 33.5772025775, 45300.7349723
3.52833959751, 1.08140844532, 1.46228999408, 0.836010639793, 2.83000070486, 0.951775985186, 4.6444101021, 1.26000006073, 1.14000021797, 2.32202067842, 3.01484254953, 1.08164884652, 3.04000018582, 1.05129668122, 0.982393912087, 1.00000067021, 1.0000006836, 1.09616531049, 5.9104061302, 0.939104417917, 1.00000064555, 114.320547743, 0.884926841345, 5.70782741133, 1.00149147044, 3.29000032953, 1.00000003834, 27.6301663348, 8590.38126234
2.67218585275, 1.10899179837, 1.73900967208, 0.826136816471, 2.83000014883, 1.02406430838, 4.58998015143, 1.26000098959, 1.14000022583, 1.65881822819, 1.70377711947, 1.04707698773, 3.04000014288, 1.07820470018, 1.0028812615, 1.0000009747, 1.00000081074, 1.09899906398, 3.6828463414, 0.949781317754, 1.0000003562, 83.1105297296, 0.876672236006, 5.95962309866, 0.971392687916, 3.29000063347, 1.0000006519, 29.5978149295, 16461.3281239
4.67003206939, 1.11219831197, 1.54534807895, 0.972160284813, 2.83000001852, 0.858072965899, 5.24040474532, 1.2600009959, 1.1400000136, 1.7810277194, 1.94900364741, 1.01321699126, 3.04000058423, 1.0556871731, 0.976131474427, 1.00000045098, 1.00000061859, 1.09802212839, 4.05387418405, 0.94066700385, 1.00000075567, 101.396792549, 0.869704420267, 3.90213820783, 0.97559749152, 3.29000091348, 1.00000046228, 38.7979145132, 21728.5893336
4.67133449737, 1.11004962601, 1.67750580479, 0.888602753673, 2.83000042282, 1.04967628639, 3.31307707725, 1.26000069218, 1.14000028974, 2.48243802435, 1.99913525687, 1.08598104673, 3.0400001765, 1.06497586201, 1.02423483562, 1.00000089183, 1.00000042962, 1.08789342889, 6.69770156977, 0.917936181785, 1.00000004412, 95.7851793937, 0.89053877319, 4.40068146539, 0.983620403075, 3.29000057471, 1.00000014775, 38.2945669141, 50792.3021314
1.99485941257, 1.04430330985, 1.65827319011, 0.812273367056, 2.83000097614, 0.904349686897, 4.95981421684, 1.2600005804, 1.14000019412, 1.69256957209, 1.68151702667, 1.05089618019, 3.04000008133, 1.09958033435, 0.84179122936, 1.00000098393, 1.00000036535, 1.04380139498, 6.91903187055, 0.921992850466, 1.00000093796, 121.990881398, 0.875457784579, 4.14897011417, 1.01173319584, 3.29000050244, 1.00000034767, 42.2782059882, 36735.2268461
2.35315788911, 1.07682981395, 1.42868255034, 0.944242324319, 2.83000017966, 0.925093639324, 5.18554317879, 1.26000093637, 1.14000030538, 1.93123302502, 2.85287328275, 1.07607976097, 3.04000021157, 1.06788539214, 0.910987500435, 1.00000082422, 1.00000062193, 1.09476323543, 3.61284970993, 0.959780517525, 1.00000006172, 112.361467526, 0.89573647767, 5.48362652558, 0.98099017703, 3.29000030774, 1.00000097105, 46.0698028352, 20678.0947526
4.33320339159, 1.13911548084, 1.64409026177, 0.866654824615, 2.83000025871, 0.919669249307, 5.39995175656, 1.2600004219, 1.14000080016, 2.18450224451, 1.62748221192, 1.08853802363, 3.04000021952, 1.08239751529, 0.965079057472, 1.00000015306, 1.00000022534, 1.05386729467, 6.11451740566, 0.919550186086, 1.00000050052, 96.0763317088, 0.883704828229, 2.49019137576, 1.01724637311, 3.29000033647, 1.00000015681, 53.8292013231, 16542.4459774
2.70806451025, 1.13270447275, 1.65079810897, 0.924705810647, 2.83000025348, 1.09072979318, 4.64522677462, 1.26000028396, 1.14000013519, 1.62161559683, 1.84252265218, 1.02100282167, 3.04000057066, 1.00701394543, 0.949739053946, 1.00000093653, 1.00000077358, 1.07279997148, 3.10468434617, 0.946131662007, 1.00000018987, 89.1474428897, 0.921347069846, 5.91033082016, 1.01122464691, 3.2900003681, 1.00000024412, 22.7235725793, 16078.7076842
3.17691971189, 1.11346169677, 1.56204526258, 0.894055942669, 2.83000059209, 0.878597461811, 1.50380131318, 1.26000092577, 1.14000023135, 1.45296510872, 1.81968600153, 1.0611398127, 3.04000043041, 1.04539095768, 0.795550133724, 1.00000095473, 1.00000040265, 1.0325055377, 9.35714641246, 0.936767794906, 1.00000075429, 103.946045333, 0.865777811845, 5.33587132025, 0.997194862194, 3.29000076662, 1.00000078425, 41.0655547809, 13860.8617244
3.41295556498, 1.04294194381, 1.67990757074, 0.848771865122, 2.83000024036, 0.898748609316, 4.19583160424, 1.2600000523, 1.14000051642, 2.25860590754, 1.79223123271, 1.08944289878, 3.04000078983, 1.0747062635, 0.850758297289, 1.00000029113, 1.00000092815, 1.06702270055, 5.50122001367, 0.977507045741, 1.00000060603, 91.5217315689, 0.894362043002, 4.91947626629, 0.970117390327, 3.29000005465, 1.00000021736, 54.0165448613, 5686.36818294
4.31382886177, 1.01168115791, 1.62419052694, 0.818456005582, 2.83000025357, 0.999049938065, 3.39892855142, 1.26000015779, 1.14000009607, 1.46830905126, 2.05641539521, 1.04016437504, 3.04000072855, 1.11081130526, 1.00617174477, 1.0000002128, 1.00000036886, 1.03861386825, 3.99690943473, 0.938166703237, 1.00000080125, 79.5737885363, 0.884210271578, 4.68875919195, 1.02654290599, 3.29000072875, 1.00000052588, 43.4507131738, 61086.0918115
4.00389401278, 1.13931422582, 1.61791724794, 0.8359197608, 2.83000005421, 0.969402015103, 5.09057095771, 1.26000028543, 1.14000036756, 1.72941692122, 2.11530376441, 1.0425928176, 3.04000048328, 1.03287180748, 1.02336460576, 1.00000028756, 1.00000013802, 1.01641287611, 6.43621712891, 0.945567887367, 1.00000021892, 90.1082620992, 0.928593361207, 5.65337316641, 1.02426915757, 3.29000048675, 1.00000046398, 28.8987640181, 25656.2165708
3.86164406263, 1.13931100066, 1.56407669269, 0.929343640918, 2.83000037057, 0.864748169685, 4.44008570881, 1.26000072307, 1.14000098682, 1.42105972644, 2.29557296792, 0.934054605927, 3.040000352, 1.01579751515, 0.966209674254, 1.00000040609, 1.00000013551, 1.05673664577, 7.78902412679, 0.910956794109, 1.00000073217, 108.918575613, 0.844412502697, 5.96115919754, 1.03485146958, 3.2900004349, 1.0000004837, 33.4250341441, 22348.0134393
2.77649622362, 1.07128256048, 1.6907054263, 0.889393503661, 2.83000013674, 0.924268547772, 2.60388343674, 1.26000035582, 1.14000031498, 1.91503077944, 1.95612676259, 1.07089869504, 3.04000034346, 1.07950827532, 0.894518711826, 1.00000093766, 1.00000086334, 1.04742253712, 8.16998131288, 0.929287830423, 1.00000046298, 75.4935870306, 0.844168708479, 3.59202878549, 0.973472785019, 3.29000080241, 1.00000000576, 42.1571976451, 6547.59035882
1.00896656837, 1.13093681363, 1.73231790606, 0.862257701498, 2.83000024882, 0.974402514855, 4.89455550927, 1.26000003728, 1.1400004937, 1.96999059679, 2.37278730935, 1.05467610827, 3.0400002361, 1.08371304107, 0.891484999564, 1.00000085958, 1.00000050817, 1.05805056441, 5.82387971332, 0.912407656103, 1.00000003061, 122.975428184, 0.869842631163, 5.91391531884, 1.02410416804, 3.29000068029, 1.00000028528, 38.1782620384, 8886.29692567
3.30129701568, 1.12684727898, 1.58050593475, 0.921174935124, 2.83000035176, 0.988790333667, 1.52867511507, 1.26000071548, 1.14000023861, 2.12344575032, 1.95247708235, 1.09592395202, 3.04000078979, 1.04309295976, 1.06681188325, 1.00000072839, 1.00000063325, 1.09265626552, 5.2208923368, 0.920690655001, 1.00000001403, 80.6306323212, 0.917061777616, 5.51149026884, 1.03069592292, 3.29000085121, 1.00000001057, 28.1907150507, 11995.1949955
1.85290997596, 1.10830929474, 1.53622940045, 0.89710851184, 2.83000008519, 0.869759497009, 5.19189552372, 1.26000047633, 1.14000052145, 1.4298148334, 2.60321240135, 1.06720228658, 3.04000088332, 1.08436718816, 0.973492742457, 1.00000023206, 1.00000033286, 1.08967703624, 6.6744225874, 0.972661104807, 1.00000084, 96.4021077977, 0.954354184904, 5.85460853164, 0.992485468805, 3.29000040214, 1.00000069145, 53.1404889064, 16205.7884023
3.73645663051, 1.13975268014, 1.60595180743, 0.964154054908, 2.83000009644, 0.927441409847, 3.07007895648, 1.2600001712, 1.14000072514, 1.77915237457, 1.99085496445, 1.05881270102, 3.04000054222, 1.03943129985, 0.936361578669, 1.00000001802, 1.00000016982, 1.07285846245, 7.43010234446, 0.946239188538, 1.00000087489, 101.450233941, 0.905219733532, 5.93878785869, 1.01339876366, 3.29000016399, 1.00000082872, 37.5654743923, 1252.16809573
2.58005634378, 1.10153368098, 1.59449261797, 0.964624910633, 2.83000061294, 0.900330002816, 3.37826048882, 1.26000053841, 1.14000015937, 1.97218759752, 2.18982354083, 1.05800544308, 3.04000090346, 1.07620842156, 0.929551957091, 1.00000026064, 1.00000082986, 1.10852330431, 8.4046005773, 0.939574186988, 1.00000041311, 99.5420366694, 0.849654194202, 5.79609230761, 1.01027173471, 3.29000090202, 1.00000002562, 18.2158605957, 2157.57431234
4.5422064679, 1.09148816273, 1.73230113681, 0.976936578954, 2.83000016225, 0.86513220714, 5.44011627367, 1.26000023668, 1.14000013836, 2.26946774944, 2.04753321156, 1.06780857322, 3.0400001018, 1.10611671057, 0.869559152893, 1.00000074942, 1.00000002234, 1.04650078823, 4.81488173763, 0.931786116499, 1.00000006752, 86.8176342341, 0.940897024332, 5.7497408085, 1.02920977823, 3.29000025189, 1.00000017551, 52.1197168915, 41203.6796203
2.89339540241, 1.08107133006, 1.71559086856, 0.862237396787, 2.83000057835, 0.889737005945, 2.44709932511, 1.26000075227, 1.14000005946, 2.58383482937, 2.61276225412, 1.09018576287, 3.04000055143, 1.05460132761, 1.05405879271, 1.00000081027, 1.0000002633, 1.00099736365, 7.06215476823, 0.926437474259, 1.00000066686, 84.5231275583, 0.954974686162, 5.701322867, 1.06895185276, 3.29000022743, 1.00000061208, 37.8978344463, 27132.5573349
5.63533379477, 1.09714364167, 1.67183606086, 0.936915755474, 2.83000039386, 0.92690010328, 1.74414921394, 1.26000003375, 1.14000050169, 2.81813962342, 3.00152170353, 1.09362012936, 3.04000065976, 1.06454576943, 0.863806920544, 1.00000077745, 1.00000092455, 1.07711162595, 6.11938598058, 0.960674386853, 1.00000085657, 89.1897307459, 1.08648521688, 5.93161598454, 1.03161644011, 3.29000000458, 1.00000011251, 17.5081243538, 1997.74173805
2.6070106866, 1.12885019434, 1.61839174291, 0.871897354959, 2.83000078224, 1.14366702593, 3.31348504774, 1.26000053757, 1.14000067974, 2.88397347193, 2.50597917279, 1.05829007993, 3.04000035684, 1.04915692842, 0.959925448657, 1.00000043029, 1.00000028781, 1.00136662549, 7.64761028337, 0.911907490282, 1.00000097713, 113.892058336, 0.988719379062, 4.53155086076, 1.0446154754, 3.29000018053, 1.00000056899, 27.3596385048, 28674.6081117
4.47290645078, 1.05142675515, 1.69793727735, 0.907809094525, 2.83000059065, 0.993977196006, 1.25912127293, 1.26000025233, 1.14000063278, 3.07587945738, 2.31161817067, 1.09116938861, 3.04000092431, 1.10070092797, 0.941431990079, 1.00000027945, 1.00000008312, 1.0519265574, 6.44236319697, 0.923259989236, 1.00000092369, 84.4864560954, 0.863581228406, 4.62977398117, 1.01415851838, 3.29000053858, 1.00000094194, 15.888375445, 591.970528112
2.81964132886, 1.08819335094, 1.71947195463, 0.858290823844, 2.83000051809, 0.970833909441, 3.17352630397, 1.26000012385, 1.1400000683, 3.39392278334, 2.55679512696, 1.08380762507, 3.04000027696, 1.10890936646, 0.780445857544, 1.00000023879, 1.00000087086, 1.04322679718, 8.31456316742, 0.92359211795, 1.00000086509, 90.7220971515, 1.00495618779, 4.74573026291, 1.05261363803, 3.29000086973, 1.00000073329, 20.0467476319, 220.752711944
3.37259881409, 1.0890032576, 1.50474630153, 0.91366941023, 2.83000002682, 1.00164145104, 2.66782718334, 1.26000019645, 1.14000084271, 2.98222357636, 3.11956251101, 1.09063863828, 3.04000071025, 1.06355517376, 1.02807064639, 1.00000064549, 1.00000083995, 1.01266998445, 7.16474496422, 0.985780998215, 1.00000015476, 94.7274861157, 0.954802077996, 5.81797181432, 1.00246789604, 3.29000013269, 1.00000076431, 63.9790382823, 22822.3541008
3.11952742159, 1.07470381251, 1.4062880736, 0.994219270696, 2.83000005051, 0.944279936682, 5.88482459001, 1.26000080315, 1.14000089942, 3.41586174495, 2.80470005453, 1.09545312655, 3.04000066048, 1.06482741272, 1.01775872748, 1.00000050639, 1.00000024778, 1.00504662637, 8.23592017543, 0.960346644568, 1.0000003642, 102.277151026, 1.02730708923, 5.64403795387, 1.06388282841, 3.29000059472, 1.00000088647, 21.7924099318, 5425.99613057
5.45609154621, 1.07981824826, 1.4981840833, 0.980333577198, 2.83000030582, 1.0396083976, 5.29878800227, 1.26000099718, 1.14000006845, 3.23503186034, 2.32169291601, 1.04035230882, 3.04000095953, 1.06203517485, 0.967476079293, 1.00000027546, 1.00000043397, 1.08759331985, 3.77219398837, 0.920408432853, 1.0000008108, 87.2949988768, 0.932285756341, 5.38690443937, 1.05765293896, 3.29000003161, 1.00000065179, 36.934818568, 16059.3021303
5.29653136653, 1.10648394864, 1.52862171205, 0.988741874425, 2.83000015521, 0.875128570334, 1.81969010244, 1.26000025828, 1.14000028359, 3.54162360766, 2.77603780296, 1.08680984858, 3.04000009309, 1.0719018153, 0.894663155561, 1.0000000205, 1.00000033667, 1.04981172466, 5.5425192569, 0.938760476117, 1.00000065318, 103.086544247, 1.0694267846, 5.60761440818, 1.02595123825, 3.29000012246, 1.00000056519, 35.163354899, 21800.8290908
3.69122958126, 1.13671508884, 1.68914510253, 0.959757996526, 2.83000015416, 1.11084211974, 1.76697727987, 1.2600005676, 1.14000044908, 3.57365490147, 1.66419979165, 1.04190785362, 3.0400008168, 1.04733588102, 1.08395541207, 1.00000031768, 1.00000063431, 1.03113059518, 6.37878130157, 0.940951463225, 1.00000079479, 86.9731610401, 1.0847623214, 5.53860797422, 1.00920566833, 3.29000001636, 1.00000036909, 47.6190325847, 9232.47467166
2.95585292528, 1.06362154292, 1.61681016704, 0.997443132728, 2.83000014165, 1.18122771065, 2.83400479961, 1.26000066146, 1.14000051636, 2.48484437376, 1.91552843369, 1.04827533203, 3.04000070487, 1.04281125903, 1.03251808331, 1.00000046495, 1.00000047101, 1.06017671534, 9.46162179626, 0.963018917782, 1.00000047224, 85.2904153611, 0.99613467087, 5.98638613663, 1.05947579467, 3.29000036507, 1.00000047059, 38.7654134023, 9641.11790715
4.18514205645, 1.00345393345, 1.71663406635, 0.896724240926, 2.83000065093, 0.958917347028, 1.72241502836, 1.2600005342, 1.14000043351, 3.51480204222, 2.74038693827, 0.951977044016, 3.04000014134, 1.09500017274, 0.926773629335, 1.0000002173, 1.00000060482, 1.01596352303, 6.77124872855, 0.942524057783, 1.00000043531, 82.4779553614, 1.0000776352, 4.17478689646, 1.06353859776, 3.29000021618, 1.00000063824, 57.2218468925, 17737.3483145
3.59234707431, 1.03571813429, 1.67754991331, 0.94513220403, 2.83000073735, 1.08517328832, 2.3475173162, 1.26000010162, 1.14000079038, 2.62408429674, 2.22622149137, 1.00172565135, 3.04000055515, 1.0873445021, 0.898913105256, 1.00000099173, 1.00000098629, 1.05040782438, 4.96388685656, 0.941089302258, 1.00000092449, 82.4628727102, 0.991808702587, 4.58916132197, 1.06828464909, 3.29000020297, 1.00000038462, 33.8140672615, 19947.6370551
4.01416911182, 1.01518314161, 1.38710064729, 0.929622573988, 2.83000017373, 1.08008652034, 1.0055832446, 1.26000078576, 1.14000065485, 3.64210314184, 2.29098755418, 1.08409672683, 3.04000022871, 1.06809870406, 1.03544634574, 1.00000087279, 1.00000044092, 1.0558604774, 3.93331571831, 0.918569939937, 1.00000045248, 88.4647768653, 1.01434524004, 5.91328731094, 1.04685613723, 3.2900002128, 1.00000000314, 50.6228915074, 27639.9245531
5.7796444213, 1.05067588033, 1.73398767088, 0.870472896676, 2.83000009456, 0.917952604151, 1.41288617457, 1.26000099592, 1.14000003163, 3.70265303062, 1.82879902874, 1.01801335593, 3.04000032438, 1.08331087074, 0.926898157879, 1.00000035133, 1.00000064149, 1.01418576895, 8.3682722578, 0.9440747808, 1.00000006274, 87.1175947824, 0.976129037426, 3.54161576115, 0.987154007029, 3.29000032637, 1.00000032081, 13.1080055819, 3707.89453507
2.85851304626, 1.040301321, 1.39347479495, 0.939400415725, 2.83000099012, 1.05365224003, 2.2805736357, 1.26000061045, 1.14000071301, 3.6225207083, 1.89971296844, 1.08239392303, 3.04000019748, 1.01850854085, 0.964809068835, 1.00000025637, 1.00000055229, 1.03364145002, 7.81100226571, 0.911607447413, 1.0000009892, 77.4022419438, 0.963101153753, 3.31524758874, 1.05215368858, 3.2900001062, 1.00000084326, 30.10883723, 10622.8603018
5.06466164012, 1.10719666985, 1.71959407399, 0.927897261492, 2.83000003399, 1.02091315483, 1.77317524221, 1.26000081929, 1.14000043046, 2.46863021366, 2.56577710316, 1.0236316429, 3.04000014643, 1.10538666715, 0.794597269354, 1.00000036211, 1.00000005117, 1.05226354003, 8.26485983805, 0.914811858896, 1.00000035828, 86.4051698419, 1.07525507337, 5.91486668849, 0.975776859097, 3.29000047198, 1.00000028136, 24.5281181837, 3196.24382177
3.0167044257, 1.09453704035, 1.61246790319, 0.977296116238, 2.83000015766, 1.16937088512, 3.05453470957, 1.26000047287, 1.14000093163, 3.56163576854, 2.68070158402, 1.03328457838, 3.04000005081, 1.02558385668, 1.04103260041, 1.00000097761, 1.00000020463, 1.02779160813, 7.67212848572, 0.945565242469, 1.00000076521, 86.5028080871, 0.902053339228, 3.37944698792, 1.02971717975, 3.29000072482, 1.00000030785, 19.6332660773, 3041.59611423
5.53962220059, 1.0059226166, 1.627296359, 0.833691561318, 2.8300001138, 1.10455995994, 3.00768900097, 1.26000071697, 1.14000090319, 3.52873782856, 1.69981592542, 1.01724778556, 3.04000053583, 1.05585082294, 0.951402471241, 1.00000099899, 1.00000019074, 1.0487949448, 5.63385015992, 0.953819112266, 1.00000039881, 100.768601465, 1.07854805123, 4.81457486307, 1.04706424016, 3.29000084156, 1.00000060896, 24.1240495746, 4038.42244896
4.3666785884, 1.08757827335, 1.68736591167, 0.949740900726, 2.8300003357, 1.17878728736, 3.48983686492, 1.26000085051, 1.14000047774, 3.36870281709, 2.80053533498, 1.07648744058, 3.04000078088, 1.09438110482, 0.851706654294, 1.00000019335, 1.0000002681, 1.04938346591, 4.4084161495, 0.920812584091, 1.000000864, 91.2418509249, 1.03239252936, 4.95591296313, 1.02574426903, 3.29000016962, 1.0000002137, 19.8066716606, 7899.39471561
5.91740907764, 1.06957391745, 1.71377553867, 0.899143579762, 2.83000001643, 1.08400073831, 2.5920387655, 1.26000096732, 1.1400001785, 3.4342863006, 2.54322731916, 0.9565478415, 3.04000036917, 1.1097017872, 1.02026410611, 1.00000009039, 1.00000055278, 1.02473714639, 3.37826161788, 0.933397811582, 1.00000052908, 110.612189588, 1.00555614758, 5.39466831457, 1.02050655441, 3.29000046268, 1.00000028959, 59.6631224943, 17834.6979264
4.67984272538, 1.03739368723, 1.53757540552, 0.930899604403, 2.83000076887, 1.02029301374, 2.21657797381, 1.26000072885, 1.14000031688, 2.54748345542, 1.88830783768, 1.03830418471, 3.04000079381, 1.1037561933, 0.834520140953, 1.00000070086, 1.00000060521, 1.02948547491, 6.65564682221, 0.911631070567, 1.00000068926, 100.063694305, 0.979518684091, 5.16134947689, 1.03377339487, 3.29000038258, 1.00000090913, 66.1510748644, 27330.520555
2.20128356266, 1.04599868262, 1.65026773885, 0.918976299839, 2.83000029839, 1.09748580698, 2.9982756492, 1.26000004931, 1.14000066978, 3.04656104484, 2.12074260114, 1.09363345417, 3.04000028853, 1.09882464497, 1.01040737686, 1.00000011914, 1.00000017189, 1.00123924804, 7.81775915143, 0.986787364334, 1.00000085974, 95.9380051391, 1.0602466833, 4.31025117028, 1.023135517, 3.29000011738, 1.00000062721, 44.5195789049, 19300.9656656
5.31730844576, 1.00881915965, 1.60255556334, 0.982116706275, 2.83000097088, 1.03292831434, 4.8137008302, 1.26000011034, 1.14000083202, 3.44552170708, 2.65213604649, 1.06603983861, 3.04000008399, 1.05720399344, 1.03117929552, 1.00000059325, 1.00000090376, 1.04177618741, 8.04476765367, 0.91715488089, 1.00000020216, 75.8235078574, 0.866774741271, 5.06709285771, 0.988570310316, 3.29000018465, 1.0000004848, 56.0454115979, 18450.3078172
1.03675148963, 1.06980835733, 1.70544686681, 0.944859332322, 2.83000032684, 1.1864996934, 2.74996519614, 1.26000064624, 1.14000004521, 3.61272837891, 2.7225754122, 1.05612802237, 3.04000004211, 1.07517303886, 0.90585447819, 1.0000008566, 1.00000008241, 1.01195395573, 6.98915735528, 0.911656285956, 1.00000062766, 97.5789674093, 1.07921809247, 4.4851004728, 1.02491922157, 3.29000061023, 1.00000058289, 43.3389303161, 247961.294721
1.88809718742, 1.01844112428, 1.67721155907, 0.994830150217, 2.83000054341, 0.960970491665, 3.07901928057, 1.26000033675, 1.14000056709, 3.52815556708, 1.80487804186, 1.04929775615, 3.04000010854, 1.11842358798, 1.08432468359, 1.00000066693, 1.00000041884, 1.10272911888, 5.66359624752, 0.936799047661, 1.0000001802, 94.257463113, 1.07501848205, 5.9693283165, 1.00302477205, 3.29000004759, 1.00000075536, 29.4388726492, 18880.7616853
3.96202074658, 1.04390976841, 1.69016387635, 0.952135231096, 2.83000082763, 1.15288571678, 3.31584451737, 1.26000071821, 1.14000065965, 3.3748507617, 2.77081786442, 1.06362605959, 3.04000023245, 1.08101821181, 0.91634720825, 1.00000068994, 1.00000046937, 1.09508161577, 7.21844458641, 0.930257704417, 1.00000015184, 84.3243603487, 0.878812924739, 3.22485467547, 1.03787648437, 3.29000083638, 1.0000003935, 49.144129888, 6371.00509499
5.25429337349, 1.04674873213, 1.64560500965, 0.95994046234, 2.83000033195, 1.01945397142, 2.13966837308, 1.26000036854, 1.14000047565, 3.53941462675, 3.08134344542, 1.01570342264, 3.04000007797, 1.07999965046, 0.839836038024, 1.00000094717, 1.00000014414, 1.07552019373, 7.13891492788, 0.941345334756, 1.00000055188, 119.225716518, 1.03256431554, 5.78883298984, 1.05697523012, 3.29000010187, 1.00000013559, 46.7475574221, 19999.792926
4.53353181923, 1.13812180119, 1.64140233443, 0.994413381534, 2.83000004037, 1.16128217358, 4.41108157195, 1.26000007551, 1.14000000117, 3.6757006589, 2.21419451541, 1.06359572576, 3.04000002783, 1.11372044002, 0.934301489105, 1.00000087923, 1.00000062522, 1.00016729984, 5.22069062976, 0.992593927116, 1.00000099832, 88.2641859025, 1.00040025703, 5.53100505699, 1.02842126557, 3.29000013179, 1.00000058893, 47.8470073226, 15886.1839683
4.7808818522, 1.04983236871, 1.68820345175, 0.961294005373, 2.83000039357, 1.13939734287, 3.99118971333, 1.2600009951, 1.14000073578, 3.63424020535, 3.04377991557, 1.0285759013, 3.04000056508, 1.08134348129, 1.07574576499, 1.00000024737, 1.00000009171, 1.03453606473, 8.00093571215, 0.965683282162, 1.0000003833, 81.4235547925, 1.00160408348, 3.36229169941, 1.0320394826, 3.29000040907, 1.00000074618, 33.2192957135, 21120.0671897
1.87536239088, 1.03213512405, 1.72231431633, 0.961908672109, 2.83000028289, 1.16075291205, 5.37146498778, 1.26000023779, 1.14000018446, 2.10626135566, 2.37690848345, 1.01208318303, 3.04000045072, 1.09337180974, 0.978715855826, 1.00000024549, 1.00000082777, 1.02001930382, 6.94691764889, 0.93259563556, 1.0000003482, 110.705109531, 1.03363142216, 4.26357585255, 1.04270580353, 3.29000065736, 1.00000060075, 24.713474094, 5262.51512965
3.25388640438, 1.00064877126, 1.73771319363, 0.867306689104, 2.83000078631, 1.1261591172, 2.18154733873, 1.26000070887, 1.14000040665, 3.25476275711, 3.01640579654, 1.05908957832, 3.04000041482, 1.11550911081, 1.0302027442, 1.00000000661, 1.00000081661, 1.04466923643, 7.62066693892, 0.969349204381, 1.00000077285, 83.7265109614, 0.9186347798, 2.66761252993, 1.01932380789, 3.29000052208, 1.00000092629, 25.4514507444, 37490.8482936
5.49693486556, 1.05720094411, 1.47631372937, 0.963952847697, 2.83000083583, 1.02287424609, 4.02928679955, 1.26000046014, 1.14000000464, 3.41396197904, 3.06498021678, 1.06555748294, 3.04000092555, 1.05450125077, 0.819281104313, 1.00000072803, 1.00000009374, 1.10502370074, 5.39619027058, 0.929033710397, 1.00000034523, 101.73122026, 1.0669798447, 4.99825479541, 1.04702462892, 3.29000020909, 1.00000010283, 23.4498561338, 4903.13280182
3.07151740052, 1.02404549304, 1.67130602006, 0.962458384794, 2.83000093787, 1.0793368128, 1.03655066001, 1.26000090858, 1.14000035933, 3.54540034846, 2.61875859205, 1.06443453854, 3.04000053166, 1.05545264514, 1.01328367105, 1.00000079377, 1.00000062243, 1.05882880124, 9.82963236913, 0.999779572731, 1.00000096017, 111.03034262, 1.00540761454, 4.35808985559, 1.04361943726, 3.2900000433, 1.00000015124, 31.0261898281, 9253.75604959
1.52398687616, 1.01547647749, 1.65495036069, 0.946180457239, 2.83000069184, 1.07329048652, 2.81720547939, 1.26000024612, 1.14000072678, 3.02808851342, 2.0763849944, 1.0758367934, 3.04000037836, 1.09109770207, 0.830647309812, 1.00000048164, 1.00000010931, 1.04970405967, 7.86157121318, 0.915091424724, 1.00000066361, 77.6825260069, 0.956997929327, 4.78161295231, 0.996152450602, 3.29000099936, 1.0000001405, 34.7837843354, 8483.33616941
4.48337557216, 1.00496530941, 1.50023818502, 0.913432658452, 2.83000058135, 1.07915976942, 3.15701052485, 1.26000089764, 1.14000017464, 3.60041161056, 2.46028942916, 1.08019968417, 3.04000026227, 1.05701985287, 1.02907240356, 1.00000098136, 1.00000043662, 1.04336540311, 8.1916145454, 0.976328185693, 1.00000013452, 110.300461499, 0.938466135593, 2.19471915733, 1.06356360865, 3.29000004638, 1.00000072037, 67.3949738197, 15794.5122784
5.20720185056, 1.0323529241, 1.53984117844, 0.956070939577, 2.8300002083, 1.11032791376, 3.30533900214, 1.26000052216, 1.14000044805, 2.68591183711, 2.05864585476, 1.04347761608, 3.04000060768, 1.09968339375, 1.07684489626, 1.00000060132, 1.00000020095, 1.00475090736, 5.22148227725, 0.981827913999, 1.00000085884, 95.6155281374, 1.06322481444, 5.4668266451, 1.01161586422, 3.29000043497, 1.00000027768, 31.2083234549, 1241.87074679
5.53532630114, 1.08804184713, 1.666932212, 0.990963898265, 2.83000034332, 1.12323760266, 3.00615973323, 1.26000035177, 1.14000012866, 3.4764607603, 2.68740270236, 1.08562562709, 3.04000053846, 1.09573220467, 0.843778353313, 1.0000009184, 1.00000090546, 1.07455434418, 3.29554031291, 0.926642985227, 1.00000083823, 119.710143711, 1.04416664047, 5.4765398899, 1.02840338736, 3.29000058433, 1.00000071844, 27.1715842728, 8427.88375375
1.78985866935, 1.02927123309, 1.73963547936, 0.96997772001, 2.83000049623, 1.10877776537, 4.58652332471, 1.2600001689, 1.14000059615, 3.34261670462, 2.84166225228, 0.967515185132, 3.0400008526, 1.09259142731, 1.0343282539, 1.00000090774, 1.00000080203, 1.02596650171, 4.0655304638, 0.93481234643, 1.00000062849, 108.976698129, 1.05578448341, 5.87577593329, 1.01214175208, 3.29000095349, 1.00000037771, 33.0944476662, 4241.67794584
3.37859098868, 1.06952169249, 1.72311816989, 0.902482038199, 2.83000053005, 1.17202707672, 2.49949919714, 1.26000076481, 1.14000062819, 2.06302592574, 1.78263254552, 1.01205206478, 3.04000031015, 1.09571925223, 1.05169067414, 1.00000047363, 1.00000039068, 1.0411505438, 6.48403358632, 0.919454086398, 1.00000054855, 93.3963696363, 1.06708536548, 3.79303429659, 0.953480753988, 3.2900000473, 1.00000016263, 30.5024310949, 8122.07514491
5.88921728052, 1.0169446411, 1.48295707902, 0.871587213149, 2.83000018812, 1.06920890289, 4.0665515381, 1.26000043639, 1.14000005491, 2.59817310317, 2.66552190317, 1.09689562206, 3.04000013129, 1.10098990838, 1.07774179286, 1.00000002854, 1.00000027662, 1.09859846639, 7.05287178563, 0.930849238095, 1.0000004797, 100.33343831, 0.902027713901, 5.26434576426, 0.955807555672, 3.29000063952, 1.00000042533, 38.3282653738, 5215.22628671
5.88301616351, 1.09196723239, 1.42969735616, 0.999557572483, 2.83000075341, 1.15598394539, 2.30882936707, 1.26000044985, 1.14000017001, 2.72383281487, 2.63178253494, 1.06168249327, 3.04000083849, 1.06051471322, 1.02475271946, 1.00000002051, 1.0000000381, 1.0531006032, 4.60997932333, 0.945047655232, 1.00000079386, 100.374741345, 1.06455766341, 5.96743465103, 0.996853575656, 3.29000086569, 1.00000091003, 25.2677284778, 12648.8239543
1.7214987448, 1.04921624707, 1.60875527501, 0.905390332528, 2.83000038805, 1.18098781689, 3.96731535911, 1.26000073875, 1.1400006607, 2.99043984893, 2.6982776003, 1.07521030611, 3.04000024178, 1.10722414419, 0.901502206708, 1.00000089591, 1.00000037706, 1.03168923423, 8.15357111413, 0.912251070285, 1.00000036728, 117.243601133, 0.973747534938, 3.49205539169, 1.01080069343, 3.29000099465, 1.00000057065, 35.0189308536, 12604.2623094
5.57055564758, 1.03939922915, 1.40695864256, 0.956570213535, 2.83000009119, 1.14818851914, 5.92457901105, 1.26000034625, 1.14000062426, 2.89754804248, 2.38589785728, 1.04303008389, 3.04000028604, 1.10527209178, 1.06675255532, 1.00000004598, 1.00000018585, 1.05583696901, 4.43201575082, 0.955789734379, 1.00000001614, 124.145853097, 0.929795973326, 5.18528945142, 1.04510234344, 3.29000026325, 1.00000002422, 42.6351983515, 27684.2242371
5.39611999238, 1.03897298968, 1.72863499443, 0.9981047884, 2.83000015157, 1.08446067726, 5.41765029948, 1.26000036765, 1.14000085976, 3.7158259616, 2.15855865871, 1.06234729159, 3.04000019535, 1.09316641444, 0.987145058897, 1.00000066171, 1.00000088203, 1.04450532835, 4.22890182076, 0.932220953173, 1.00000046711, 85.2116895784, 0.948626530422, 3.77265327041, 0.966194551106, 3.2900000619, 1.00000001994, 50.0934825527, 84845.4255535
4.28780175263, 1.1223394549, 1.55983133578, 0.985917495128, 2.83000017374, 1.17695361309, 3.67564108091, 1.26000034662, 1.14000000691, 3.32956900188, 2.50474101495, 1.08443293921, 3.0400006141, 1.10591342223, 1.00548422799, 1.00000075552, 1.00000036562, 1.0462993575, 9.55284223385, 0.957298640306, 1.00000091023, 79.6017795597, 0.958427185145, 4.6030415773, 0.99636228182, 3.29000021744, 1.00000024312, 28.8790882479, 20642.510582
4.95527074367, 1.13843398384, 1.65707207264, 0.973558235716, 2.83000048893, 1.07093290877, 1.77843199452, 1.26000007533, 1.14000071905, 3.40093682637, 2.11897500394, 1.07380511242, 3.04000048117, 1.06400819471, 0.986434306192, 1.00000069005, 1.00000036935, 1.0492798415, 7.6626869253, 0.938322003897, 1.00000024726, 103.710255227, 1.08846220754, 2.63719748915, 0.965564381295, 3.29000057519, 1.00000021902, 28.2037227012, 6071.31086345
4.25177600241, 1.03152353597, 1.52446354853, 0.862075155236, 2.83000053471, 1.11673791407, 1.34161175446, 1.26000088633, 1.14000074465, 3.66446524591, 2.19374572828, 1.08263141762, 3.04000037391, 1.05391451839, 0.846637765362, 1.00000049076, 1.00000019958, 1.01268426131, 6.18050234814, 0.92431714025, 1.00000033866, 84.9898269817, 1.02917826894, 2.99703893942, 0.95405408331, 3.29000003457, 1.00000038828, 25.6545244877, 11444.1988602
4.85258717507, 1.0850628034, 1.48094511015, 0.978464474167, 2.83000033064, 1.18263240076, 5.43482433718, 1.26000008082, 1.14000036282, 2.14593085502, 2.00398721898, 1.08226584195, 3.04000056453, 1.10270383691, 0.971193190832, 1.00000066655, 1.00000009078, 1.03796219414, 8.66284812091, 0.987579539676, 1.00000063884, 88.8319314501, 1.02604127173, 5.10879927169, 0.978899566778, 3.29000014242, 1.00000029149, 61.4784370832, 24470.344113
5.97259874708, 1.05317843254, 1.42632348141, 0.984685025079, 2.8300004688, 1.09289783236, 1.89160673499, 1.2600000894, 1.14000069917, 3.2298077135, 1.8902487182, 1.06637243186, 3.04000024637, 1.06855429274, 0.887350059758, 1.00000053497, 1.00000026991, 1.0665569237, 8.03510693556, 0.922027183073, 1.00000059482, 95.0595263869, 1.04271539863, 4.94178039123, 1.01687257147, 3.29000064373, 1.0000002228, 52.8244591809, 54682.419845
5.84855592892, 1.04276685979, 1.59347571464, 0.97898818841, 2.83000099895, 1.1229483199, 5.8722948004, 1.26000002903, 1.14000024005, 3.31030355985, 2.71152227519, 0.993917339225, 3.04000099336, 1.11359881944, 1.03671673294, 1.00000026281, 1.00000085294, 1.01577172131, 4.38902820189, 0.946870031429, 1.00000076146, 114.247811058, 0.974981855633, 3.72426440948, 1.02770409095, 3.29000017114, 1.00000067477, 39.1462703391, 21919.5732141
5.39182906875, 1.00587022834, 1.57954902915, 0.890472952488, 2.83000080557, 1.11341980554, 1.95233696994, 1.26000025371, 1.14000060023, 3.46185055692, 1.58625367378, 1.08215082019, 3.04000078179, 1.09271130903, 0.789547337378, 1.00000073373, 1.00000004525, 1.02214582302, 7.15466313707, 0.960660026373, 1.00000078889, 119.211306271, 1.02389304303, 4.14700598368, 1.00296597447, 3.29000069789, 1.00000074069, 27.3157826045, 20435.798332
3.99783423274, 1.03603691722, 1.44409145105, 0.994136194172, 2.83000052951, 1.16208654097, 1.97348556354, 1.26000002851, 1.14000021658, 3.08646235722, 2.59419525559, 1.00542571419, 3.04000085493, 1.04127100823, 0.888247275229, 1.00000022452, 1.00000097804, 1.03791001514, 8.17270504997, 0.988437420932, 1.00000003456, 79.5470233925, 1.05405127329, 5.77002444679, 1.00104967104, 3.29000034251, 1.00000041972, 25.2963363234, 9033.76088577
3.62095710222, 1.00549160506, 1.43278335018, 0.956121478256, 2.83000039024, 1.18992946922, 2.47291445104, 1.26000005496, 1.1400000863, 3.3824700762, 2.45743885625, 1.00008459439, 3.0400007329, 1.11552422139, 0.925562216457, 1.00000053644, 1.00000086481, 1.03079504523, 9.84256017938, 0.94077423645, 1.00000095051, 104.057320847, 1.024508186, 3.4426905372, 0.956790026981, 3.2900004016, 1.00000034286, 49.2537851335, 13226.2445756
4.26025712758, 1.01248245398, 1.38504168352, 0.954750266902, 2.83000073673, 1.07716111295, 3.05112232277, 1.26000068553, 1.14000030423, 3.62227697351, 1.87746637197, 1.01576152002, 3.04000098018, 1.11893559497, 1.00526553306, 1.00000048932, 1.00000067452, 1.00861064156, 8.8409791154, 0.940966400903, 1.00000031098, 118.633628446, 0.983352528024, 4.75021526253, 0.959300007185, 3.29000007392, 1.0000006832, 30.1177208826, 7902.78399068
5.24725507675, 1.02116024876, 1.46545118174, 0.921388474702, 2.83000082155, 1.06266177157, 1.16751402513, 1.2600009923, 1.14000024026, 3.2199644423, 1.67622036562, 1.06744673706, 3.04000063693, 1.06586098057, 0.924779949811, 1.00000039016, 1.00000020274, 1.02189588724, 8.01131754651, 0.931396087507, 1.00000032615, 124.85258047, 1.03662902757, 3.19173905104, 0.985804140003, 3.29000014874, 1.00000027892, 36.7094234767, 17925.5999018
1.28694452632, 1.01628570006, 1.4327634519, 0.959429534742, 2.83000037382, 1.10248144519, 4.55731681548, 1.26000020677, 1.14000043436, 2.18289522142, 1.95240739252, 1.09299854274, 3.0400009525, 1.10729232052, 1.00447518656, 1.00000080981, 1.00000066559, 1.00260161729, 9.63857908749, 0.938365095471, 1.00000022824, 108.035805663, 1.00662848258, 4.46728165322, 0.968717685994, 3.29000033472, 1.00000035372, 32.6348704757, 36140.2321713
5.37468586586, 1.01308564763, 1.43087310034, 0.899061250504, 2.83000087715, 0.957663834446, 2.9314082749, 1.26000058076, 1.14000081378, 2.59035624482, 2.4195989221, 1.03611370418, 3.04000034785, 1.08463578777, 0.970022237629, 1.00000072287, 1.00000028449, 1.00832526951, 6.54355634814, 0.939813712623, 1.00000035774, 113.556357694, 0.91586639655, 5.03089154827, 1.00806462736, 3.29000026001, 1.00000097204, 51.1899502331, 22751.5384594
4.13617426987, 1.01175486596, 1.69105167642, 0.936007484816, 2.83000044032, 1.09755685035, 2.69489750305, 1.26000088807, 1.14000019237, 2.18320022528, 1.79988471661, 1.01231712782, 3.04000052088, 1.0562011831, 0.988704417981, 1.00000087728, 1.00000040235, 1.00038123397, 3.82839488028, 0.967558417849, 1.00000022953, 121.576003615, 1.0886519049, 5.74078116562, 0.960538247235, 3.29000005558, 1.00000040055, 33.0261566024, 26007.333354
4.95117245736, 1.01588636171, 1.69531791645, 0.990324669292, 2.8300006915, 0.859463603525, 1.51946739582, 1.26000005224, 1.1400009126, 2.76451830045, 1.64015294136, 0.968968038219, 3.04000085535, 1.09921796689, 1.02449151513, 1.00000043142, 1.00000064828, 1.00118571007, 6.3078421847, 0.947848798172, 1.00000015965, 115.192407297, 1.06321299182, 5.62046643413, 0.970671438365, 3.29000054331, 1.0000001047, 23.6636166632, 398.601572579
4.19782525933, 1.03209218287, 1.45009374282, 0.989264837402, 2.83000094201, 1.18635886601, 1.15919080166, 1.26000083945, 1.1400006053, 2.85371830095, 2.08393187988, 1.01169119415, 3.04000021159, 1.05751754294, 1.0148937607, 1.00000012171, 1.00000058561, 1.02829911689, 6.46472298957, 0.958862074232, 1.00000039403, 108.239646665, 1.02572549086, 5.88750603257, 0.983186862296, 3.29000064994, 1.00000013064, 24.8835819948, 5763.6883727
4.18938177956, 1.01548779401, 1.46308660011, 0.981855290158, 2.83000039606, 0.926913080336, 4.84381239197, 1.26000055745, 1.14000022002, 2.89553189562, 2.56715596962, 1.09063429174, 3.04000023421, 1.09968519437, 0.954433321127, 1.00000003722, 1.00000073113, 1.01889676727, 5.97328481443, 0.93633468243, 1.00000000389, 124.134230115, 0.911024855937, 3.94401216068, 1.03685652407, 3.29000039937, 1.00000050875, 25.2161992105, 92554.4524732
5.08950510069, 1.01079736745, 1.54241379063, 0.95042391525, 2.83000064077, 1.13904419953, 1.93397046711, 1.26000087964, 1.14000087782, 2.64310470903, 2.13479361851, 0.963344867595, 3.04000022376, 1.04692991373, 1.06316422351, 1.00000081869, 1.00000024588, 1.00114699977, 9.07428244551, 0.931310623201, 1.0000009424, 86.0479197989, 0.927892135638, 1.17672407716, 0.955859482672, 3.29000015601, 1.00000033309, 36.1836820874, 36831.612118
5.04627373952, 1.01092125887, 1.54846560869, 0.917438796447, 2.83000088936, 1.0810300718, 1.14455951801, 1.26000071057, 1.14000008786, 2.75003436351, 2.6017780716, 1.07141016318, 3.04000053829, 1.10970592957, 1.05693869836, 1.00000098828, 1.00000013197, 1.05922490135, 6.65692222782, 0.911679228311, 1.00000081712, 108.170560805, 1.02715392045, 3.67072761364, 0.974527304785, 3.29000034367, 1.00000074966, 32.6469444371, 42181.5176988
5.82256947952, 1.02151444883, 1.38723640188, 0.977682805905, 2.83000078475, 1.0215050266, 2.68926554721, 1.26000076767, 1.14000050656, 1.35884520206, 2.15782581849, 0.964758969345, 3.04000081399, 1.0700691057, 1.08926010402, 1.00000076454, 1.00000046487, 1.02475384938, 7.61915354116, 0.916408111193, 1.00000080052, 97.617448919, 0.935985177258, 5.88560116169, 0.975381988294, 3.29000002311, 1.00000089658, 34.0724307966, 15449.1767042
5.33398647693, 1.04827825815, 1.65936394286, 0.948329815176, 2.83000034671, 0.881890427061, 1.17671840557, 1.26000096756, 1.14000049471, 2.30533359967, 2.20607744053, 0.990321694022, 3.04000017786, 1.10412701541, 0.945429086741, 1.00000080648, 1.00000038381, 1.01805140694, 5.37443388938, 0.92005284544, 1.0000002845, 123.378447395, 1.02899815015, 4.4940622469, 0.96360835021, 3.29000060797, 1.00000044731, 26.9245095866, 3197.82374402
2.49549017045, 1.01523010062, 1.40239894421, 0.807636324656, 2.83000018217, 1.01575807587, 1.8439358912, 1.26000021457, 1.14000089153, 3.56372862, 2.40257796302, 1.0248184688, 3.04000013829, 1.09126816512, 0.998293332439, 1.00000033798, 1.00000047526, 1.01491524988, 6.37920102991, 0.936720793082, 1.00000009913, 87.8813792875, 0.864265664908, 5.22454975711, 1.0281660088, 3.29000072264, 1.00000003315, 44.4466100412, 32687.1018833
3.37656324566, 1.07398467989, 1.49710953569, 0.921300455356, 2.83000096225, 1.04852698149, 2.60935992965, 1.26000068807, 1.14000080729, 3.23285578376, 2.71925692798, 0.974712852802, 3.04000079773, 1.0989958764, 1.07736577014, 1.00000076546, 1.00000031739, 1.01541857697, 9.16891469725, 0.997526187403, 1.00000004808, 91.9540463373, 1.07810419802, 4.04227686099, 0.989931777403, 3.29000070266, 1.00000004625, 17.2255866526, 1931.63276548
3.58529875833, 1.00944587684, 1.4833445677, 0.922239876514, 2.83000087947, 0.943065118055, 1.03578354079, 1.26000061441, 1.14000099085, 2.68487438709, 3.09554783781, 1.00450052512, 3.04000066484, 1.05677926749, 0.923120579329, 1.00000045785, 1.0000004691, 1.00245430498, 4.10021140605, 0.959679015813, 1.00000066152, 124.364700121, 1.06871301074, 5.07704561729, 0.999788455205, 3.29000098836, 1.00000005418, 40.815583431, 93302.7890062
5.15883015255, 1.04989959996, 1.70060617526, 0.834793548246, 2.83000096622, 0.93207616262, 1.20880281083, 1.2600000625, 1.14000098552, 3.29963176161, 2.79920585719, 0.984430198957, 3.0400006627, 1.11496048652, 1.02476740026, 1.00000069621, 1.0000003813, 1.00885580776, 7.3386385177, 0.96873842979, 1.00000033411, 96.9311716136, 0.998583673515, 5.07112173799, 0.978354096363, 3.29000090043, 1.00000057889, 30.6599717094, 44094.8570446
3.1496758636, 1.01857495574, 1.41658226436, 0.960668820191, 2.83000065705, 0.987955498866, 2.2962060791, 1.26000081992, 1.14000091187, 3.40513755966, 2.53749124786, 1.07660623631, 3.04000098065, 1.07433786102, 1.02282710004, 1.00000057053, 1.00000029348, 1.02084944869, 7.89086896074, 0.947848813221, 1.00000020031, 91.2085608244, 1.04756805824, 5.97926233226, 0.989847804687, 3.29000065341, 1.00000005394, 40.246683021, 10862.3671814
5.84157416983, 1.00023528855, 1.64555205246, 0.910261271334, 2.83000039967, 0.883533775158, 4.69884234955, 1.26000026597, 1.14000001988, 2.54391023722, 1.81269727938, 1.00856751159, 3.04000014055, 1.10214969436, 1.02067289711, 1.00000072215, 1.00000096582, 1.0167563464, 5.82540136573, 0.911988550243, 1.00000041045, 117.426126407, 0.908000800833, 2.65577860285, 1.03701226722, 3.2900009612, 1.00000049033, 18.0153422055, 1555.26253541
5.87275873889, 1.00996250058, 1.55833913648, 0.981864783054, 2.83000048113, 1.18128786806, 1.36182435357, 1.26000057286, 1.14000080497, 2.35833771393, 2.47884053036, 1.06046935378, 3.04000045448, 1.02150132868, 1.06834763308, 1.00000038258, 1.00000062047, 1.0896349694, 8.84542810072, 0.928894230216, 1.00000018097, 121.828252967, 1.02404671983, 1.58985258829, 0.950217090172, 3.29000004386, 1.00000034154, 53.7556081544, 13813.9998249
3.67822772666, 1.00515703853, 1.70663712226, 0.830970268667, 2.83000038171, 1.06794051766, 2.72721449599, 1.2600005365, 1.14000042446, 2.87750610858, 3.03184962232, 1.09438892642, 3.04000088089, 1.07896310243, 1.08900194463, 1.00000054842, 1.00000015708, 1.02540285074, 5.90836300919, 0.941193743853, 1.0000000465, 91.0647920451, 0.950013572842, 4.06622734349, 0.955965322745, 3.2900000839, 1.00000012279, 34.3425437839, 40802.6914623
5.05444334395, 1.03379284532, 1.41091381508, 0.893405863179, 2.8300008947, 1.17805035967, 3.23430559591, 1.26000085416, 1.14000088194, 2.63789367887, 1.93017139401, 1.09457715926, 3.04000076959, 1.02882707049, 0.981737752159, 1.00000040108, 1.00000064209, 1.03614552213, 9.42944594153, 0.910132191931, 1.00000077022, 115.605491983, 1.08094648268, 3.67602179496, 1.01744873765, 3.29000004768, 1.00000051249, 49.0348932638, 11133.6043906
3.79645054511, 1.04005976541, 1.41101375538, 0.978806770277, 2.83000032531, 1.03004945255, 1.53471457395, 1.26000001423, 1.14000033486, 3.18808258477, 2.18134576503, 1.00448049076, 3.04000077903, 1.01853909842, 1.06272411323, 1.00000084273, 1.0000006763, 1.00334805609, 9.13440094237, 0.916255783871, 1.00000081307, 116.40344775, 1.01442911252, 2.99454199201, 1.02885999268, 3.29000031085, 1.00000064044, 33.323222063, 21822.7228591
4.53719318104, 1.00485041979, 1.61728069055, 0.842374144455, 2.83000037939, 0.893947431857, 1.83257410446, 1.26000091666, 1.14000051868, 2.45190562713, 2.55425283925, 1.03708616531, 3.04000015718, 1.07359884996, 1.00366509104, 1.00000056482, 1.00000089688, 1.0494789437, 8.61550169356, 0.954042137994, 1.00000084428, 124.389008148, 1.01034791827, 4.19396568273, 1.03497627573, 3.29000030456, 1.00000029837, 19.0290152719, 255.262612024
3.24400831052, 1.00969892737, 1.61751458162, 0.903400455844, 2.83000073366, 1.17785662557, 1.97250480497, 1.2600005759, 1.14000038158, 3.32767002319, 2.40120378141, 1.01848356109, 3.04000078099, 1.08152072318, 1.02191998383, 1.0000002198, 1.00000082695, 1.03580881856, 9.74389444824, 0.926550737576, 1.00000033832, 93.5747688395, 1.05859776632, 5.46963506023, 1.04512968363, 3.29000068392, 1.000000653, 35.5893303353, 2685.50358004
1.78246373339, 1.01992847594, 1.59618856443, 0.967143524121, 2.83000028072, 1.07835024394, 3.1504870164, 1.26000033655, 1.14000027166, 1.6033994184, 2.37634677134, 0.931200490052, 3.04000095738, 1.07820959003, 0.965772733175, 1.00000013387, 1.00000049622, 1.01831542936, 9.28440840292, 0.928654190239, 1.00000044891, 101.217349819, 1.00415636127, 5.09611253398, 1.0279340872, 3.29000073254, 1.00000070989, 29.4717925893, 9109.80829461
1.85059553489, 1.00587162898, 1.56385053654, 0.848731036798, 2.83000088803, 1.11422316981, 1.67532434505, 1.26000075304, 1.14000030039, 2.37012281231, 1.62727640546, 1.01603244952, 3.04000039839, 1.06677473327, 0.865859895824, 1.00000087826, 1.00000033708, 1.05081818634, 8.95023069216, 0.913778189413, 1.00000045238, 82.6971847148, 1.03372103108, 5.58133645103, 1.02421152506, 3.29000054636, 1.00000096221, 41.9685046779, 2746.80808368
4.33009802435, 1.07887299829, 1.43613139148, 0.921068452532, 2.83000036246, 0.922725984069, 1.29171627752, 1.26000053642, 1.1400005185, 3.48161015013, 3.08819491277, 1.01807615159, 3.04000023842, 1.05956893191, 1.04821807053, 1.00000086263, 1.00000000192, 1.00770843617, 8.86616480737, 0.978928936608, 1.00000008322, 111.854448607, 1.05231052028, 3.25276930208, 1.02062953287, 3.2900007191, 1.00000043461, 37.5710374553, 3250.78499116
1.10856762246, 1.00212053315, 1.68160719546, 0.903311044241, 2.83000001263, 0.937801224984, 4.8904009042, 1.26000017049, 1.14000052543, 1.88802969329, 2.78851683183, 1.05132936189, 3.04000069671, 1.11434050494, 1.05995220861, 1.00000076137, 1.00000056426, 1.01049842876, 7.31272303005, 0.966757612464, 1.00000088357, 118.707050199, 1.03734181412, 5.6419748351, 1.04931267221, 3.2900005299, 1.00000056841, 43.8518205633, 58629.2879413
5.84890616377, 1.04805706244, 1.48487136984, 0.957111535577, 2.83000046726, 1.0126405236, 2.88152731844, 1.26000056527, 1.14000060851, 3.48422045937, 2.67292062875, 0.974302759064, 3.04000061591, 1.02104110478, 1.06333830354, 1.00000089693, 1.00000071616, 1.01359849159, 4.67536302573, 0.925954174947, 1.00000043296, 112.957175782, 1.04912227736, 4.83605044481, 0.990411111842, 3.29000028037, 1.00000022569, 40.3447542526, 42333.0985289
4.03731098674, 1.02395090723, 1.49800174398, 0.991074922585, 2.83000064661, 0.94729901282, 1.58010411641, 1.2600005661, 1.14000067779, 1.27384093921, 2.76059977437, 0.881837608076, 3.04000094406, 1.0096390771, 1.08918307868, 1.00000004782, 1.0000005142, 1.00048343308, 9.05812719397, 0.938854883572, 1.00000017921, 118.609267558, 1.04713764979, 5.19492587527, 1.0174140916, 3.29000077943, 1.00000052224, 44.3229701688, 26375.5201289
4.24364287075, 1.01563733181, 1.53963792323, 0.960199766647, 2.83000088606, 1.02911713431, 1.1624491525, 1.26000061825, 1.14000020285, 2.20275182248, 1.89914540441, 1.09947778956, 3.04000083694, 1.01619736236, 0.977269213871, 1.00000069295, 1.00000038744, 1.05410401316, 9.51090905425, 0.941439310951, 1.00000075875, 102.086906502, 0.852651509103, 5.67784338594, 1.03577492184, 3.29000060489, 1.00000054309, 38.9829102722, 9103.5536117
3.03811332645, 1.07051582454, 1.69972931036, 0.892001854095, 2.83000084573, 1.02920466446, 2.37148148879, 1.26000045385, 1.14000006028, 3.67335969866, 2.53414917746, 1.03880530469, 3.04000079499, 1.07609623509, 1.06020640402, 1.00000052079, 1.00000039291, 1.05677471338, 9.79950038511, 0.930319976132, 1.00000087367, 112.937202901, 1.02701121368, 4.83136559045, 1.0360422154, 3.29000012189, 1.00000069242, 59.2896390116, 51284.774191
4.74515168221, 1.03446474786, 1.64508692616, 0.956137310902, 2.83000039733, 0.980704022829, 1.0082350842, 1.26000042656, 1.14000084474, 3.59702145405, 2.98819924385, 1.02603346032, 3.04000004903, 1.0750065511, 1.07716770275, 1.00000047931, 1.00000077142, 1.10990371149, 8.11593646339, 0.949964105047, 1.00000005391, 117.966594739, 1.02368170598, 4.57268999754, 0.996262174611, 3.29000035659, 1.00000023787, 18.3932361618, 1235.74425837
5.0381956359, 1.0054184684, 1.66664819136, 0.921139160691, 2.83000006209, 0.983543870976, 1.00990396145, 1.26000083385, 1.14000080343, 2.47187992614, 1.81928191182, 1.03123289952, 3.04000035901, 1.07647040954, 1.08147485344, 1.00000095151, 1.00000053955, 1.05774478623, 8.95083618854, 0.959740682023, 1.00000038049, 81.3721879621, 0.980174400956, 5.09258033235, 1.01914314197, 3.29000000517, 1.00000048203, 41.9428573203, 7007.13449413
5.70484960629, 1.08620079004, 1.60398314387, 0.977237676347, 2.83000070628, 0.991848982149, 1.38984539208, 1.26000051598, 1.14000089449, 3.65236612317, 2.80468168354, 1.07040967408, 3.04000033067, 1.08366601017, 0.986791484116, 1.00000047787, 1.00000060381, 1.07911413825, 9.41911012472, 0.927446074681, 1.00000057694, 120.587243391, 1.08685116964, 4.89192235984, 0.973993042842, 3.29000094541, 1.00000068483, 48.7140689147, 15303.4667404
5.72438780088, 1.05853678537, 1.55470833263, 0.944796812071, 2.8300002109, 0.959158777837, 3.642846423, 1.26000068991, 1.14000070048, 2.0784464518, 2.30848475197, 1.04181046189, 3.04000049397, 1.09144308, 1.04908005941, 1.00000028886, 1.00000007653, 1.0894421902, 8.36717282447, 0.914303708131, 1.0000003939, 120.906060181, 1.08727764134, 5.67135971586, 0.950957149878, 3.29000069056, 1.00000048338, 22.4758812729, 2456.7357392
5.44658117977, 1.02528719532, 1.38335925224, 0.94743171035, 2.83000074219, 1.0653243909, 1.8872983209, 1.26000013857, 1.14000094883, 2.88247257645, 2.81295349226, 1.04644113559, 3.04000029654, 1.06932384441, 0.938564471388, 1.00000025561, 1.0000002295, 1.03287247767, 7.62984058785, 0.91122060538, 1.00000008686, 94.5715641493, 0.992803991213, 5.97662607435, 1.03543262931, 3.29000095451, 1.00000041873, 47.2398208006, 11067.3137401
3.3940718197, 1.07142923154, 1.71519619593, 0.957559617084, 2.83000038378, 1.07658946243, 3.14708935334, 1.26000021449, 1.14000040497, 3.11013093104, 2.44474228644, 1.06133009132, 3.04000063182, 1.05222295251, 1.08246395931, 1.00000031053, 1.0000005366, 1.02390349308, 9.97001162006, 0.964867379765, 1.0000006886, 123.356181646, 1.07758694671, 5.59091096137, 1.01945839837, 3.29000069735, 1.00000023276, 23.595484639, 13262.2901171
2.26873634732, 1.08047030592, 1.66706945565, 0.994526727732, 2.83000083074, 0.98027395012, 1.8798133005, 1.26000084972, 1.14000064185, 2.83682733749, 2.94104792539, 1.01526377248, 3.04000060453, 1.09683644175, 0.795381689568, 1.00000069964, 1.00000049083, 1.02922563883, 9.32322752826, 0.93366368219, 1.00000023365, 111.060977105, 1.04855783791, 4.20913407264, 1.05526182019, 3.29000061662, 1.00000000625, 42.5181421429, 32091.2300305
5.64581625806, 1.00516620921, 1.60200419282, 0.875167559995, 2.83000035071, 0.985866039927, 2.42930429992, 1.26000026454, 1.14000021993, 3.3073341292, 2.56684198393, 0.967679370073, 3.04000036762, 1.05679655264, 0.956430238724, 1.00000097817, 1.00000041827, 1.05138135013, 7.77572724425, 0.922542387617, 1.00000067556, 85.9086845878, 1.01654611682, 4.88083903777, 1.00721375524, 3.29000028313, 1.00000098372, 60.1355238185, 4375.76827525
5.95906695014, 1.07125233966, 1.58147203388, 0.988610595102, 2.8300007185, 0.904846985685, 1.31536051859, 1.26000081466, 1.14000035484, 3.49681681346, 1.61718787437, 0.991898827624, 3.04000094822, 1.05304406895, 0.901762043607, 1.00000032092, 1.00000066569, 1.06878488773, 4.28610980306, 0.922238182855, 1.00000079155, 116.167161115, 1.04220257082, 5.93083695696, 1.04463441826, 3.2900000357, 1.0000004036, 30.340669751, 61906.2428667
3.97733074494, 1.04105188667, 1.57533503124, 0.952561868197, 2.83000037627, 1.13745996651, 1.0844037291, 1.26000042172, 1.14000096976, 2.9548224277, 2.80332371511, 1.07277671258, 3.0400007173, 1.03531395847, 1.06872097853, 1.00000068424, 1.00000039276, 1.03019113674, 9.19018341687, 0.943940370734, 1.00000060761, 88.2047502416, 0.894851545223, 4.66779513544, 1.0288085259, 3.29000053447, 1.0000008681, 48.10689969, 54603.1199342
1.39208687544, 1.02673526159, 1.70230609378, 0.844352917017, 2.83000007246, 1.02796418041, 1.74195275379, 1.26000029838, 1.14000052887, 3.15289908656, 1.66862067638, 0.969456467754, 3.0400006813, 1.06432424385, 1.08487604436, 1.00000052405, 1.00000064162, 1.01100573522, 7.79029298412, 0.936370958623, 1.00000047562, 82.8636913919, 1.05370588236, 2.38898720182, 1.06989785462, 3.29000062602, 1.00000023369, 47.6651789796, 7577.08336928
2.92703293394, 1.02828371907, 1.70771576185, 0.995915166446, 2.83000099512, 0.925695612861, 2.10183003528, 1.26000098781, 1.14000052528, 2.90502297446, 3.00383281725, 0.941546045172, 3.04000017851, 1.08902114541, 1.03562486214, 1.00000032115, 1.00000042068, 1.05209269169, 8.35200493366, 0.929183267125, 1.00000077993, 93.6878158592, 0.884143703503, 4.80086171311, 1.04641630213, 3.29000098645, 1.00000096242, 14.6782176024, 684.710623332
1.18897824151, 1.01026458322, 1.54396496657, 0.969525076738, 2.8300003907, 1.1777624098, 1.26035221149, 1.26000004855, 1.14000014724, 3.00730423517, 2.11804347793, 0.990681761408, 3.04000011258, 1.00370422446, 1.07310959566, 1.0000003842, 1.00000008296, 1.03716937297, 6.16652488866, 0.929163082463, 1.00000030941, 99.6024324392, 1.02228387491, 3.71985955973, 1.06507890003, 3.2900003197, 1.00000060372, 33.7376146254, 12462.9915853
4.93402766394, 1.00559046711, 1.72079329631, 0.996236562386, 2.83000016974, 1.04251258596, 1.56031255332, 1.26000065138, 1.14000065461, 2.76482007064, 2.92429711779, 1.08650937411, 3.04000025477, 1.1009226172, 0.981322992044, 1.00000079877, 1.00000082592, 1.01884205325, 9.39114067055, 0.914363813101, 1.00000034038, 84.4054702774, 1.01698002915, 4.95910305459, 1.06421729666, 3.29000091051, 1.00000026237, 46.3643333938, 30179.0833222
3.94728758957, 1.02946448012, 1.72989295536, 0.969830126372, 2.83000043374, 0.914064636573, 3.00145475479, 1.26000039219, 1.14000071229, 1.3775706981, 2.24739480415, 0.897751471378, 3.04000031307, 1.09357364636, 0.923767816776, 1.00000067157, 1.00000006052, 1.03167796211, 7.77174193909, 0.934346102218, 1.00000099213, 91.3757864055, 1.067284164, 4.88369620686, 1.03202267986, 3.29000026869, 1.00000031287, 66.6665662721, 14675.6681476
5.52545012685, 1.10390874891, 1.50704691768, 0.994223399347, 2.83000088809, 0.974497214799, 1.10442075674, 1.26000055048, 1.14000095391, 3.61736454483, 2.01632182461, 1.03043980355, 3.04000078794, 1.00373091344, 0.902580505638, 1.00000085995, 1.00000073961, 1.00930421395, 7.58748519806, 0.915457991613, 1.00000030767, 89.5665956264, 0.934541243624, 5.86348134403, 1.05989648401, 3.29000082714, 1.00000097722, 36.8384424204, 20445.1191628
3.54253337122, 1.01002734089, 1.6591880777, 0.868475537625, 2.83000074418, 1.05324417149, 3.80308278079, 1.26000072966, 1.1400008933, 1.45307835718, 2.64405208367, 1.09271782116, 3.04000001857, 1.07906398408, 0.996648472178, 1.00000033886, 1.00000034801, 1.09489875256, 4.77405692054, 0.953455683963, 1.00000039913, 99.7804424558, 1.08745292741, 5.43387154132, 0.993033124339, 3.29000077644, 1.00000013558, 44.3520858114, 99057.8151657
3.2470732173, 1.07016183508, 1.44522258264, 0.97813144738, 2.83000015253, 0.946600029667, 5.96799185415, 1.2600008982, 1.14000013778, 2.34073385867, 2.63187769099, 1.08688716814, 3.04000014, 1.06714301704, 1.03472073789, 1.00000028818, 1.00000072003, 1.07863512565, 7.45097928561, 0.925686421066, 1.00000066499, 113.855590391, 1.0471411449, 5.24621540161, 1.05965126194, 3.29000086916, 1.0000009749, 29.9606692524, 17945.4960232
5.89705275475, 1.04963407799, 1.6103443672, 0.972210686607, 2.83000083475, 1.048543488, 1.25868742799, 1.26000001061, 1.14000062135, 1.62118664949, 2.21147456052, 1.09208579326, 3.0400005146, 1.01739386369, 1.05086140299, 1.00000056943, 1.00000057598, 1.08021736911, 7.38981351443, 0.933020979171, 1.00000026721, 89.2791790735, 0.97639650432, 3.9523699586, 1.00631269402, 3.29000036048, 1.00000045761, 18.0189565889, 2615.88371829
3.95026124489, 1.06108360307, 1.67358643852, 0.931207247739, 2.83000019128, 0.906525811795, 4.13298010944, 1.26000088819, 1.1400002997, 1.75437993581, 2.7866483617, 1.05102509306, 3.04000059658, 1.08811050221, 1.00046476821, 1.00000072356, 1.00000077182, 1.08156616102, 9.1956020378, 0.965255306442, 1.00000074356, 84.5023903642, 1.0665720614, 4.60086853003, 1.01856021816, 3.29000090545, 1.00000013725, 22.0803442191, 20819.6446961
5.27794014667, 1.04760905616, 1.63377929768, 0.966144533663, 2.8300007653, 0.856371373526, 2.28134911336, 1.26000074822, 1.14000046697, 2.8262075146, 2.16196575167, 1.0194072243, 3.04000015007, 1.05931575155, 0.944667716071, 1.00000097114, 1.00000016097, 1.10113713104, 8.14088273107, 0.915455285498, 1.00000062755, 83.180599069, 0.926444748336, 5.41042209561, 1.03997195171, 3.29000069956, 1.0000005481, 26.0514503528, 23412.7653942
4.19861843203, 1.07328132594, 1.62909303782, 0.963066722454, 2.8300004935, 0.903863886054, 2.81262590464, 1.260000372, 1.14000061087, 3.04789353736, 2.90805282226, 0.991923102472, 3.04000066042, 1.04439634482, 1.08379383558, 1.00000095875, 1.00000094963, 1.08132571067, 4.98031123868, 0.928814520256, 1.00000097569, 105.899255558, 0.987945503572, 4.59594935261, 1.0651578381, 3.29000085704, 1.00000034366, 55.4327830578, 42468.1743354
4.65394615021, 1.1337938958, 1.58126361938, 0.982123884881, 2.83000000171, 0.958398412952, 4.62649143909, 1.26000017658, 1.14000077121, 2.54430542972, 2.43070839211, 1.07277333818, 3.04000026407, 1.0024563417, 1.04411565717, 1.00000043724, 1.00000000655, 1.09250726649, 7.32727267847, 0.911584251796, 1.00000091505, 83.0179724883, 1.07358908044, 5.09347838861, 1.06188888396, 3.29000099238, 1.00000046728, 49.9982305036, 22367.3893405
5.47528661387, 1.13694693753, 1.63452258983, 0.813474955879, 2.8300003927, 1.11770847558, 1.31847681758, 1.26000069433, 1.14000028891, 2.46338451418, 3.07545011019, 1.09718303209, 3.04000033524, 1.0616081119, 0.819952675161, 1.00000002215, 1.00000095837, 1.05787272325, 3.36627238941, 0.921062674126, 1.00000093786, 90.7965746522, 1.08840176181, 5.60683302681, 1.01323178826, 3.29000049054, 1.00000081714, 35.0106296251, 62781.8014597
5.22991082484, 1.0317871738, 1.69344865553, 0.825166600196, 2.83000014526, 1.07346658002, 1.12845609669, 1.26000094316, 1.14000027915, 2.3342948277, 2.78620820764, 1.04314749664, 3.04000060682, 1.05991830449, 0.85546799639, 1.00000010016, 1.00000078965, 1.05265522309, 3.49933988688, 0.971248209355, 1.00000051666, 82.7616867289, 0.900782628444, 3.43707501834, 1.04620791558, 3.29000085925, 1.00000018975, 26.474929926, 22719.6524718
5.84211124403, 1.01482472001, 1.67382805982, 0.81287228895, 2.83000013849, 1.15455526175, 3.16407782706, 1.26000012093, 1.1400002359, 3.25616173502, 2.9770001931, 0.968865051087, 3.04000035874, 1.11501090152, 0.897015414189, 1.00000032481, 1.00000057501, 1.09788419931, 5.12857598389, 0.951776919218, 1.00000074963, 116.743854218, 0.988901053478, 5.84664389605, 1.04225194446, 3.29000011436, 1.00000056085, 31.0276284117, 6498.46406337
3.88266679122, 1.08242481634, 1.39665853926, 0.828129069524, 2.83000028183, 1.01615645418, 2.1740363345, 1.26000018074, 1.14000022855, 2.48365317052, 2.90737013984, 1.0783266555, 3.04000039642, 1.09701988176, 0.971138438662, 1.00000001898, 1.0000008071, 1.03532812444, 3.18416015892, 0.993817191531, 1.00000062752, 115.727582864, 1.06359041732, 5.27894303328, 1.04640889157, 3.29000013249, 1.00000015016, 47.7120272088, 38277.3334359
5.94887439691, 1.05020764311, 1.62635840398, 0.843760319911, 2.83000042919, 1.07145797608, 1.77574699044, 1.26000027882, 1.14000037445, 2.36028573948, 2.91410168394, 1.04446850436, 3.04000044049, 1.03206151978, 0.869228998485, 1.00000078443, 1.00000089105, 1.09568210039, 4.89897155418, 0.962969267765, 1.00000079373, 98.6827328009, 0.869494532059, 3.90925658403, 1.01062091017, 3.29000005007, 1.00000025403, 21.2999499097, 2376.36168754
4.95879795774, 1.07409425404, 1.57606775153, 0.812434785381, 2.83000009245, 1.10664916739, 1.73192360986, 1.260000804, 1.14000099919, 2.35067328658, 2.96736824127, 1.05568467596, 3.04000097927, 1.02465389649, 0.847345586102, 1.00000017116, 1.00000043528, 1.10782170852, 4.21624405693, 0.994420570138, 1.00000050276, 99.1637176324, 0.923051645013, 2.94086844953, 0.987499564906, 3.2900006654, 1.00000025902, 34.1520717945, 14871.8291899
5.38072336377, 1.11019873033, 1.73755913583, 0.896554902966, 2.8300005708, 1.17087087322, 4.20675728542, 1.26000030675, 1.14000067439, 3.21169440209, 2.37844033267, 1.08035981177, 3.04000074769, 1.04002056162, 0.812559258507, 1.00000061684, 1.00000040591, 1.06860360557, 3.13179814619, 0.952835359417, 1.00000036488, 116.635316723, 0.917133655131, 5.44935009288, 1.05490252707, 3.29000097609, 1.00000081516, 43.3469257801, 10499.6165829
5.59738140798, 1.12859636761, 1.61854507711, 0.955069141644, 2.8300003076, 1.07707700066, 1.8254495464, 1.26000062408, 1.14000061881, 1.36505305782, 1.86285640905, 0.920224975266, 3.04000078555, 1.00612682871, 0.79549994132, 1.0000001937, 1.00000056227, 1.09301619997, 3.29842668022, 0.916683527689, 1.00000082334, 116.891552252, 0.911913784726, 3.98640638054, 1.0325197384, 3.29000063387, 1.00000098887, 28.9168656652, 9556.33438849
4.63736334233, 1.00181493709, 1.62629219848, 0.829084252021, 2.83000020266, 1.03396244389, 1.55580693911, 1.26000068919, 1.1400008112, 1.43015573029, 2.50215681374, 1.06453916969, 3.04000059717, 1.0280107335, 1.05366367162, 1.00000029511, 1.00000069634, 1.07166552462, 3.50652321496, 0.950900996459, 1.00000027078, 121.245272098, 0.876939103449, 5.55279954281, 1.04536736975, 3.29000087392, 1.00000026425, 56.413294233, 6043.22915247
5.32770887555, 1.07088074846, 1.43971721342, 0.813187424086, 2.83000068494, 1.04709538384, 1.05889015974, 1.26000048915, 1.14000025988, 2.45695999042, 2.83875488137, 0.881957574382, 3.04000056919, 1.0783296221, 0.867148984338, 1.00000036697, 1.00000029952, 1.02696740145, 4.10997038085, 0.994967824102, 1.00000042519, 108.877113679, 0.907770083734, 4.73035677256, 0.971877027104, 3.29000069939, 1.00000023552, 49.6520859564, 4836.99869928
4.81764164504, 1.04969753741, 1.66848152624, 0.804487177132, 2.83000028912, 1.04197279945, 3.94291179676, 1.26000007938, 1.1400001568, 2.30685090749, 2.19371331823, 0.992770761312, 3.04000049053, 1.02788662725, 0.911981498844, 1.0000007546, 1.0000004523, 1.09646888322, 4.00548379069, 0.944392980645, 1.00000048527, 114.217179444, 1.04098480025, 4.8582704344, 1.05785424225, 3.29000043657, 1.0000004983, 38.0199914239, 11344.1666581
5.98160277283, 1.08432229922, 1.58470231343, 0.80498808778, 2.83000032876, 0.969216218565, 2.16959125034, 1.26000017394, 1.14000006424, 1.78630140166, 2.99879692031, 0.981681427194, 3.04000003201, 1.02059284953, 0.830642242597, 1.00000061983, 1.00000050405, 1.06985976235, 3.18676747841, 0.993202546431, 1.00000055884, 123.679463319, 0.921771354628, 5.00398853361, 1.05146779591, 3.29000056094, 1.000000926, 23.9226669772, 5790.92264025
5.44040599973, 1.03858315639, 1.68547753498, 0.82089525485, 2.83000011523, 1.05690372679, 3.82875068847, 1.26000090253, 1.14000048564, 1.6527463522, 2.7783766181, 0.894730850843, 3.04000085602, 1.08087151309, 0.801446999335, 1.0000004988, 1.0000003901, 1.05094895448, 3.70642681031, 0.980056974112, 1.00000010022, 109.311347763, 0.888955468914, 2.2012268539, 1.02936274151, 3.2900001661, 1.00000062679, 26.7274288124, 6087.16497104
5.12629518449, 1.13932213765, 1.53681098302, 0.826259505632, 2.83000006254, 1.08242489761, 3.15112791994, 1.26000027202, 1.14000094232, 2.76350646419, 3.06088946605, 0.898140979606, 3.04000052961, 1.0302889067, 0.932494254364, 1.00000016532, 1.00000073405, 1.05040100183, 4.99645740454, 0.972834841622, 1.00000070003, 95.5851006145, 0.928643734298, 3.66882495238, 1.06150073807, 3.29000017964, 1.0000008351, 46.241124682, 46642.8381481
5.43729816854, 1.03856880926, 1.46547959241, 0.825316912529, 2.83000008616, 1.10308418643, 4.69730709682, 1.26000072174, 1.14000029926, 1.57609821949, 3.07048448387, 1.08782963366, 3.04000076122, 1.00145320552, 0.858900661662, 1.00000041382, 1.00000065705, 1.09980597869, 3.65480285083, 0.971220940939, 1.00000018413, 116.801347182, 0.918953647951, 1.28479541837, 1.04315774676, 3.29000011978, 1.00000033379, 35.6236900639, 23039.7861317
5.40494678068, 1.02073060661, 1.61127575081, 0.946683332427, 2.83000043752, 0.981888999432, 2.50235203748, 1.26000057758, 1.14000046267, 3.13702188676, 2.92913821286, 0.985770543173, 3.04000011358, 1.0745711773, 1.08198304374, 1.0000001917, 1.00000044351, 1.09227109844, 3.4160256205, 0.960058613338, 1.00000064122, 122.78621414, 0.976948914797, 4.61289857573, 1.06214475599, 3.29000070182, 1.00000087413, 20.466919041, 2736.3873339
4.57251454206, 1.08775552753, 1.70586643927, 0.807322829772, 2.83000060461, 1.04894514194, 4.8841211973, 1.26000095388, 1.14000060476, 2.13253405289, 2.5548420445, 0.936391034497, 3.040000082, 1.03737561191, 0.868914448573, 1.00000059516, 1.00000053042, 1.07150792905, 3.10992274901, 0.996685104972, 1.00000076652, 117.525609447, 1.07035486494, 2.50878083489, 1.01724928604, 3.29000033165, 1.00000093746, 22.1335316704, 15909.4677489
5.44132735196, 1.08540017365, 1.70164567696, 0.849048591427, 2.8300002799, 1.06126264289, 1.33707791986, 1.26000069616, 1.14000091821, 2.86818058115, 2.04303961796, 1.01310577704, 3.04000028102, 1.01824553945, 0.797696887727, 1.00000024478, 1.00000001744, 1.00644282898, 3.1143476023, 0.994535050996, 1.00000030076, 93.6138864471, 0.843162044255, 5.15699617262, 1.06461934546, 3.29000001408, 1.00000063671, 30.3160743817, 16744.9957378
4.6670749459, 1.090122738, 1.65696380578, 0.830538371184, 2.83000020217, 0.93700212885, 3.97644311944, 1.26000045966, 1.14000093888, 2.57082108469, 2.83141408158, 1.03331707545, 3.04000064496, 1.04779024517, 0.993782586008, 1.00000045881, 1.00000034335, 1.05973530884, 4.98184970578, 0.976235069668, 1.00000039992, 106.034957932, 0.992320376759, 4.02728253622, 1.06253388439, 3.2900005704, 1.00000060644, 33.2516198143, 6959.78272612
5.89106702547, 1.04328275521, 1.59414534845, 0.844129542104, 2.83000087069, 0.877490718364, 3.79371478216, 1.26000002931, 1.14000024727, 1.65341514633, 1.72801734825, 1.03706989936, 3.04000032844, 1.04374525862, 0.958608588448, 1.00000013127, 1.00000091043, 1.10737420899, 3.9460829919, 0.976923153341, 1.00000088233, 110.847701484, 0.969168587537, 4.11225975697, 1.02846991453, 3.29000016056, 1.00000098325, 47.9252026478, 71045.5047748
4.27399442437, 1.05380004286, 1.64470298469, 0.836401373796, 2.83000087917, 1.16096485457, 1.15656688277, 1.26000006319, 1.14000070723, 3.60211157776, 2.49777108392, 1.02819142684, 3.04000039512, 1.03437599196, 0.79736192137, 1.00000010317, 1.00000053765, 1.08711810503, 4.62714860082, 0.979132371637, 1.00000039404, 117.136198456, 0.934560925041, 5.90727508285, 1.04073341192, 3.29000016825, 1.00000002446, 25.2967955367, 14581.019997
5.20428859596, 1.10861601977, 1.64269133048, 0.894593690514, 2.83000089778, 1.00844909881, 5.65394648788, 1.26000010424, 1.14000012819, 2.28069024283, 2.96541461424, 0.999508534125, 3.04000082394, 1.07158987377, 0.858076242575, 1.00000018966, 1.00000064132, 1.02535215091, 4.0292582363, 0.982915185471, 1.00000035182, 123.163818404, 0.888570479642, 4.07991798167, 1.05567624037, 3.2900003042, 1.00000059579, 37.0120259639, 22714.6373136
5.97176283225, 1.08973316253, 1.61633329695, 0.809152705621, 2.83000046335, 1.1330952532, 5.08752483637, 1.26000088237, 1.14000055205, 1.94072240372, 2.14651544873, 1.01630204185, 3.0400003509, 1.00564120007, 0.920030207338, 1.00000020264, 1.00000039476, 1.02789853417, 3.52947411747, 0.995274309824, 1.00000086809, 116.564894159, 0.871275616485, 5.32278606165, 1.0407938714, 3.29000027885, 1.00000043752, 33.6346980611, 12300.1762291
5.52515399446, 1.01961554059, 1.69266471141, 0.831853238082, 2.83000025105, 0.913830416674, 1.80297643322, 1.26000068491, 1.14000084385, 1.82495430874, 1.77103471387, 1.01955565482, 3.04000029214, 1.0849048603, 0.896272270049, 1.00000029836, 1.00000067625, 1.1001369347, 3.41639570643, 0.994502334386, 1.00000037283, 118.19035266, 0.960290679619, 4.53354821018, 1.04863302355, 3.29000098881, 1.00000024188, 45.7032760979, 19253.2584652
5.52980775901, 1.0964574273, 1.3857363467, 0.977264766846, 2.8300000899, 1.1121398924, 3.76708264309, 1.26000025774, 1.14000015661, 1.72827351326, 3.10505743477, 0.888759795027, 3.04000028927, 1.05964070029, 0.850055057813, 1.00000082198, 1.00000037093, 1.08994137709, 3.81522135806, 0.970907318034, 1.00000046221, 119.973393075, 0.948407995204, 5.44856751233, 1.05740264578, 3.29000086309, 1.00000097668, 33.3186634844, 19444.0425474
4.08692989971, 1.09318890528, 1.70585917422, 0.823549378117, 2.83000031614, 1.11242417996, 1.53630288772, 1.26000025619, 1.14000063415, 3.18479035446, 2.97835188676, 0.960251498236, 3.04000062329, 1.02368452534, 1.04297330955, 1.00000057146, 1.00000001719, 1.09396025761, 5.55740372652, 0.986061698154, 1.00000091197, 104.151998374, 0.96778548935, 5.20512867715, 1.06868025952, 3.29000058126, 1.00000005309, 40.0593983688, 49605.0643394
4.6018589624, 1.07913411028, 1.67668256672, 0.806878727577, 2.83000062591, 0.893734459149, 1.68367639766, 1.26000032288, 1.14000003934, 2.78232491564, 2.14156140014, 0.888680080776, 3.04000048976, 1.08666571563, 0.948381555289, 1.00000017249, 1.0000004082, 1.07746591822, 3.66694452745, 0.996552022304, 1.00000083206, 95.5679515956, 0.929261050431, 5.82206398281, 1.06131767513, 3.29000099614, 1.00000042876, 20.6632997597, 6155.37904784
5.10710986784, 1.02042435391, 1.57984912665, 0.828378690551, 2.8300005409, 0.954776207778, 3.52856534822, 1.26000059616, 1.14000068168, 2.87614885394, 2.27809553771, 0.930785423074, 3.04000028037, 1.05255618836, 0.818781183096, 1.00000056733, 1.00000098783, 1.10077688866, 3.96033585849, 0.975255793201, 1.00000069636, 119.446467243, 0.911911628988, 4.87777315915, 0.952242792579, 3.29000052368, 1.0000008289, 18.7987161353, 13413.4908891
4.61833316459, 1.11420743286, 1.51100110057, 0.88748932737, 2.83000063348, 0.957571520567, 4.03326390773, 1.26000097306, 1.14000074947, 3.15747604605, 2.25731877317, 0.98600741958, 3.04000037734, 1.00861303816, 0.78868122299, 1.00000059969, 1.00000050355, 1.09293691342, 8.67173119463, 0.997748574474, 1.00000092915, 110.596861176, 0.924010271038, 5.99447352202, 1.06579570137, 3.2900005145, 1.00000005528, 25.9595811287, 20934.0733416
