1.8757857272, 1.01278698214, 1.482232076, 0.828210026974, 2.83000064454, 0.879566281134, 5.83595863431, 1.26000064332, 1.14000092858, 3.51657064148, 2.79630717441, 1.07095597225, 3.04000001512, 1.06158513418, 1.05488390729, 1.00000029796, 1.00000046833, 1.10176797932, 4.38649634452, 0.939827122718, 1.00000018936, 112.173352816, 0.924503324258, 1.54567889002, 0.973995068776, 3.29000040711, 1.00000064953, 10125.9651545, 2.14477211796
1.75843426983, 1.12977444638, 1.72961421579, 0.81167504569, 2.83000084652, 1.04165771054, 5.96016767618, 1.26000069934, 1.14000082032, 3.34073901681, 2.11514300911, 1.0910371313, 3.04000025037, 1.01627766398, 1.03476711823, 1.00000091271, 1.00000036738, 1.0685191182, 6.95825938403, 0.95343427354, 1.00000017784, 124.724217526, 0.853506644232, 3.85986855145, 0.97180710318, 3.29000086567, 1.00000059887, 6695.23065212, 1.87667560322
5.3104525509, 1.02614199013, 1.70595988434, 0.979428104964, 2.83000041402, 1.0185997, 5.67035292417, 1.26000041755, 1.14000072309, 3.2300886523, 2.71556137757, 1.08952572891, 3.04000049399, 1.03496362829, 1.04042106235, 1.00000058947, 1.00000005021, 1.08706439857, 4.1210271925, 0.96819735037, 1.00000076486, 124.850963398, 0.852545291945, 5.19093834729, 0.952670547677, 3.29000057274, 1.00000049239, 27684.4056648, 8.57908847185
1.4385288106, 1.02531884792, 1.67593115659, 0.832184537914, 2.8300009871, 0.902063696451, 5.9397868677, 1.26000042187, 1.1400006854, 2.004419839, 3.07964474748, 0.945178059143, 3.04000030905, 1.01867852379, 1.05393158547, 1.00000094416, 1.00000095023, 1.08332445549, 3.87408713326, 0.997502396417, 1.00000099268, 119.025189251, 0.882957841662, 4.41447182823, 0.965865565259, 3.29000048893, 1.00000050215, 11708.7035669, 6.16621983914
2.56998634768, 1.01899088076, 1.44071279546, 0.998489624127, 2.8300007691, 1.02724586654, 5.26780923569, 1.26000066943, 1.14000094358, 2.51068922389, 2.7553043268, 1.06793218097, 3.04000015776, 1.11781314442, 1.06776766911, 1.00000095945, 1.00000042818, 1.08216097955, 8.1329739692, 0.964347488068, 1.00000038552, 91.3334300094, 1.08695470668, 5.85797493296, 1.02419546313, 3.29000000015, 1.00000095764, 24531.226505, 0.536193029491
1.55008409719, 1.01945333637, 1.73380344965, 0.837168512207, 2.83000016281, 0.984697369508, 5.53526001573, 1.260000547, 1.14000051574, 2.87174903774, 2.7645866565, 1.08794923759, 3.04000062537, 1.02741762535, 0.975125346555, 1.00000073166, 1.00000031357, 1.02210153889, 6.28705455453, 0.991232098243, 1.00000002251, 112.758758611, 1.03970914366, 3.39252069098, 0.999272842212, 3.29000040607, 1.00000045413, 24495.8551104, 1.60857908847
2.15934010703, 1.05544851914, 1.53504827424, 0.911679685094, 2.83000093105, 0.981104272919, 4.95647202571, 1.26000046179, 1.14000048986, 2.73927693635, 2.70810459775, 0.955572811612, 3.04000091652, 1.09949263287, 1.06941752697, 1.00000004808, 1.00000067597, 1.08136985696, 6.06838016808, 0.961363594716, 1.00000003499, 122.725596964, 0.904769966386, 3.39721741773, 1.04967454661, 3.29000027555, 1.0000009208, 44938.480806, 1.60857908847
2.23306371468, 1.01877921006, 1.37900277955, 0.84105889029, 2.83000028456, 0.98643678749, 5.87599392458, 1.26000073216, 1.14000026939, 2.25838719375, 3.09632900733, 0.980423288512, 3.04000061159, 1.06047787351, 0.921126165997, 1.00000044587, 1.00000033474, 1.0958896652, 6.27085533199, 0.988057491927, 1.00000098061, 124.940525675, 0.954092714136, 5.27012351043, 1.05341215644, 3.29000014538, 1.00000084445, 9292.61880777, 0.536193029491
1.66744042383, 1.04150783173, 1.53639297658, 0.941896635828, 2.83000040043, 0.927028647521, 5.64333137494, 1.26000085645, 1.1400007389, 1.74493602906, 2.92020327542, 1.0185538443, 3.04000012277, 1.04526392342, 0.859329607067, 1.00000084626, 1.0000007776, 1.09192756915, 5.95922903201, 0.952305940698, 1.00000011926, 109.987441017, 1.01722090961, 5.34843964109, 0.988228426349, 3.2900009555, 1.0000006135, 5102.74752707, 5.8981233244
1.22852848457, 1.03792797036, 1.39657994236, 0.869282211852, 2.83000081834, 0.857144146285, 4.80200497392, 1.26000084452, 1.14000007261, 3.39252026909, 2.99884783305, 0.994876061241, 3.04000019856, 1.03487331785, 0.999069332582, 1.00000008231, 1.00000064224, 1.03755706865, 9.40369487777, 0.976769294917, 1.00000008889, 124.164221798, 0.958602284264, 4.34402645108, 1.05300330116, 3.29000063716, 1.00000064711, 19112.0097491, 4.55764075067
1.00142157894, 1.07851222639, 1.62975526115, 0.833696366131, 2.8300002415, 1.05610232428, 5.90347130621, 1.26000066736, 1.14000034668, 2.57087141959, 2.90740674602, 1.01265134347, 3.04000025414, 1.01800350853, 1.08373560135, 1.00000018184, 1.00000096161, 1.09197026637, 8.71356010375, 0.990046547473, 1.00000062073, 115.401412472, 1.01574527913, 3.30025632599, 1.03464189754, 3.29000056604, 1.00000029515, 21560.6818241, 2.68096514745
2.60304750303, 1.09640305403, 1.56969801539, 0.803406919415, 2.83000059113, 1.09866015707, 5.72647342147, 1.26000046981, 1.14000050646, 1.98205998953, 2.90611405442, 1.00465793856, 3.04000044251, 1.01437954607, 1.02918729755, 1.00000009484, 1.00000074453, 1.10549745551, 3.26925602568, 0.968731123284, 1.00000003335, 116.45798562, 0.943778361517, 3.48979210702, 1.06323070095, 3.29000082161, 1.00000029598, 60375.8135895, 4.02144772118
2.81941799223, 1.0162671465, 1.4552869917, 0.929033638821, 2.83000045725, 1.12442697272, 4.83088482736, 1.26000021869, 1.14000014161, 3.56669373412, 1.64512763805, 0.960554137617, 3.0400003305, 1.00535719552, 1.07040126421, 1.00000043924, 1.00000068504, 1.10121736655, 4.1445894621, 0.914520916116, 1.00000046556, 119.891821839, 0.930245029423, 5.69368734421, 0.990877140878, 3.29000033536, 1.00000079086, 20143.9210824, 0.0
1.7812374446, 1.09743151659, 1.58253433302, 0.890096535436, 2.83000082362, 0.853046911901, 5.79867219463, 1.26000061006, 1.1400008334, 3.25684679596, 1.6797254509, 1.02352160422, 3.04000088664, 1.02278521907, 1.01004380877, 1.00000002724, 1.00000043753, 1.07043542504, 9.68794300121, 0.930034953989, 1.00000078715, 101.827602574, 0.95586448835, 3.55561998277, 1.01767002491, 3.29000087582, 1.00000083606, 11971.3032465, 7.77479892761
1.48763042988, 1.0806159419, 1.54436871331, 0.907977068697, 2.83000031629, 1.0310171742, 5.40023829056, 1.26000033007, 1.14000091541, 1.90628354438, 2.75307085428, 1.08448362855, 3.04000035126, 1.01747272842, 1.0340298283, 1.00000040676, 1.0000009223, 1.076848283, 4.10385323693, 0.959050468267, 1.00000099431, 108.699540412, 1.03366168812, 4.35609687431, 1.03520769583, 3.29000038434, 1.00000077515, 2210.06513665, 2.68096514745
2.40561186735, 1.05219911921, 1.73381435979, 0.916448583587, 2.83000040632, 1.12671265676, 4.92509254055, 1.26000007837, 1.14000099849, 3.21663950678, 2.32074680007, 1.03586614662, 3.04000049444, 1.03311712493, 1.0893983212, 1.00000027297, 1.00000090379, 1.06192134211, 4.86226707531, 0.997162671732, 1.00000081784, 110.970140637, 0.884003312777, 5.8561646261, 1.01245577151, 3.29000054609, 1.00000095408, 33810.0453428, 8.8471849866
1.57793911111, 1.00100666657, 1.72653628564, 0.987008442271, 2.83000038599, 0.987257252214, 5.87134368962, 1.26000080218, 1.14000029319, 1.50735940915, 2.67764104007, 0.903404382567, 3.04000049994, 1.02044875669, 0.972115505331, 1.00000061294, 1.00000083214, 1.0966312116, 5.88163086785, 0.972467711013, 1.00000029167, 105.2731022, 0.988457805593, 1.75346941339, 1.01056787278, 3.2900003585, 1.00000012621, 29665.203836, 2.14477211796
3.08387388705, 1.0003595029, 1.67159909682, 0.95717138664, 2.83000032364, 1.03909201949, 5.00561497153, 1.26000093344, 1.14000006292, 1.97576802497, 2.7591268488, 0.973197486622, 3.0400007033, 1.02726674418, 1.08409778842, 1.00000023904, 1.00000027003, 1.07872973672, 6.24719338778, 0.972075487162, 1.00000043716, 111.608165521, 0.843392625101, 5.89313096411, 0.982976932755, 3.2900002978, 1.000000216, 9461.06993574, 2.9490616622
1.08694651102, 1.03493447015, 1.63130475627, 0.825212164422, 2.83000097177, 1.18718022042, 4.58161042558, 1.26000036857, 1.140000744, 2.60718199463, 2.66599673085, 0.969677869351, 3.0400008878, 1.05090289207, 1.08080419893, 1.00000097802, 1.00000042789, 1.01413376501, 6.46545369514, 0.961664250786, 1.00000082173, 119.217003146, 0.901885375786, 2.9064510472, 1.06668957024, 3.29000017763, 1.00000042549, 6111.06943883, 0.0
1.48690069309, 1.04384132739, 1.5914612879, 0.836231489592, 2.83000090088, 1.04593786458, 4.58045020522, 1.26000095554, 1.14000042022, 3.26804040449, 2.33216845272, 1.02266746845, 3.04000025304, 1.02259180061, 1.07941755699, 1.00000011949, 1.00000032179, 1.04910540355, 4.44507978726, 0.99164363781, 1.00000019633, 105.067076327, 1.02576222338, 5.24614477073, 1.06828939674, 3.29000032261, 1.0000009214, 3710.0476994, 3.75335120643
2.37665220496, 1.09961707979, 1.5689552166, 0.87871029104, 2.83000009215, 1.00030250945, 3.48846620502, 1.26000083925, 1.14000002012, 2.85153241896, 2.07135404846, 1.08005061917, 3.04000093537, 1.05724291022, 0.967862316244, 1.00000033698, 1.00000003505, 1.09185185245, 4.52225342883, 0.985209995817, 1.00000012825, 123.346336606, 1.01544906981, 5.10959734986, 1.02021091301, 3.29000049665, 1.00000094417, 8324.66694664, 6.97050938338
4.34612161294, 1.05393849434, 1.66412794462, 0.991292506456, 2.83000027321, 0.931501152085, 5.79108223265, 1.26000039579, 1.14000062366, 3.33910014977, 2.51746753922, 1.08478426672, 3.04000048408, 1.05553950946, 1.02918416788, 1.00000093745, 1.00000007053, 1.00423958774, 5.88150582987, 0.940215072867, 1.00000022055, 96.6619794631, 0.916785401914, 5.43742876477, 1.01945538702, 3.29000055202, 1.0000001014, 58345.6169551, 1.07238605898
3.99788615121, 1.00261171035, 1.52969559623, 0.856970322062, 2.83000010968, 0.9694026342, 5.45471067813, 1.26000007317, 1.14000061236, 2.34017102316, 2.7268881515, 0.957539453004, 3.0400009121, 1.01467829993, 1.08868167531, 1.00000039086, 1.00000035789, 1.07517767092, 6.60295918827, 0.930542512763, 1.0000002508, 114.512524094, 1.00503321617, 2.51735574779, 1.06751485423, 3.29000047743, 1.00000088071, 19248.3666846, 2.41286863271
1.03122244256, 1.09766155011, 1.59033720892, 0.934731645107, 2.83000077768, 0.980954141577, 4.72787320504, 1.26000024102, 1.14000071848, 1.26895304896, 2.26026818204, 0.906939372938, 3.04000062148, 1.06493539371, 1.05801297607, 1.00000076297, 1.00000014338, 1.09867339205, 7.16398292015, 0.955524069484, 1.00000012241, 101.246575653, 0.909007423676, 2.25684233056, 1.02453170909, 3.29000066442, 1.00000025927, 11091.4085091, 0.536193029491
1.93953344894, 1.00810031798, 1.65828476299, 0.970956385263, 2.83000069539, 1.0341369489, 5.75474882244, 1.26000053478, 1.14000042393, 1.72101348552, 2.18746766622, 1.07733798204, 3.04000083178, 1.03763605497, 1.08880061898, 1.00000025904, 1.00000001002, 1.10309266647, 6.63845088283, 0.932252269817, 1.00000007103, 109.726897252, 0.998888875897, 5.92147674888, 1.05883851234, 3.2900001749, 1.00000078245, 54129.5620079, 2.68096514745
1.16890852952, 1.01630614488, 1.66716178204, 0.975637041242, 2.83000093672, 0.983743139975, 5.01040864095, 1.26000036816, 1.14000099792, 1.8237880715, 1.91504301755, 0.949887948146, 3.04000074941, 1.02019557348, 1.06657050149, 1.00000068799, 1.00000074029, 1.06909862126, 6.75971782519, 0.982048405128, 1.00000051125, 108.256351806, 0.856769694134, 2.73974942199, 1.04980890555, 3.29000023488, 1.00000072648, 27555.4875569, 5.36193029491
1.76937885417, 1.04014034929, 1.51197817529, 0.805069597643, 2.8300003794, 0.908612437445, 4.1722685422, 1.26000014923, 1.14000025673, 1.70917249307, 2.67882672361, 1.05416747009, 3.04000081862, 1.04521366754, 1.02755882068, 1.0000008392, 1.00000094344, 1.05649323452, 3.04702380869, 0.987937624078, 1.00000041752, 118.65012631, 1.07196883851, 3.55875407704, 1.04240910799, 3.29000033399, 1.0000003649, 12524.6467066, 3.21715817694
1.35760568036, 1.09283418559, 1.65060252336, 0.992336104979, 2.8300004006, 0.894487640246, 4.06994898528, 1.26000084389, 1.14000062153, 2.71052420285, 1.7425733756, 0.917616317849, 3.04000077371, 1.02993167438, 1.03245229775, 1.00000010259, 1.0000001722, 1.10938532749, 8.23024185837, 0.973897692513, 1.00000001747, 118.396488921, 0.844901420843, 5.62059977039, 0.973714556196, 3.29000002002, 1.00000093057, 16456.0001882, 1.87667560322
1.61372994066, 1.08774287004, 1.55280720912, 0.930058618466, 2.83000054998, 1.08441831322, 5.71816497965, 1.26000077985, 1.14000048108, 1.82409123792, 1.76598659588, 0.913798434885, 3.04000067187, 1.00693988855, 1.08038315582, 1.00000057509, 1.00000044741, 1.08686808933, 3.06856872976, 0.94277638307, 1.0000001354, 116.616667322, 0.876191107108, 3.22047887682, 1.0205411146, 3.29000001099, 1.00000025198, 15002.5518066, 4.82573726542
5.90946776275, 1.06085890891, 1.59947486076, 0.88587552145, 2.83000023953, 0.963486027182, 5.92258683716, 1.26000048808, 1.14000012704, 2.99730783849, 2.62545093765, 1.06336016687, 3.04000050522, 1.01614530442, 1.08479013792, 1.00000091714, 1.0000002138, 1.03835635813, 4.85482568776, 0.923503834809, 1.00000004535, 86.9709016751, 0.978121874296, 4.57049001042, 1.04862933709, 3.29000081303, 1.00000049715, 26576.8920883, 9.11528150134
1.67537540924, 1.02788924717, 1.52225421063, 0.996220834827, 2.83000087211, 0.870222355759, 5.09817514779, 1.26000013008, 1.14000086786, 2.60070719264, 2.41233029936, 0.983259110423, 3.04000086082, 1.01752638275, 1.08228796924, 1.00000058644, 1.00000041765, 1.06640987575, 7.34204553209, 0.971272326983, 1.00000043726, 121.912018011, 0.887122059992, 4.96123601859, 1.04472038663, 3.29000071933, 1.00000038759, 20086.2090096, 5.36193029491
2.03005142953, 1.07902714047, 1.48903298065, 0.90742922729, 2.8300004062, 0.850098984721, 4.66325024959, 1.26000099635, 1.1400002482, 1.97241713233, 2.20006619658, 0.887936863334, 3.04000098064, 1.09945956669, 1.08207084227, 1.00000064017, 1.00000058202, 1.10518387936, 8.97293707233, 0.972839293707, 1.00000035979, 104.847763557, 0.968714357011, 2.84110830718, 1.05431982822, 3.2900005087, 1.00000038071, 1379.89783034, 3.48525469169
1.83405184965, 1.05417994068, 1.35824418376, 0.927697964532, 2.83000096536, 0.974554919837, 5.49200496367, 1.26000045216, 1.14000034992, 1.943746414, 2.66125367765, 1.04208739496, 3.04000091075, 1.00266334944, 1.03731762793, 1.00000097321, 1.00000006632, 1.0573144556, 7.97676020111, 0.96172797395, 1.00000080347, 106.220066215, 1.08769919316, 4.91162568446, 1.0278206946, 3.29000070774, 1.00000085665, 9993.23894025, 2.68096514745
1.41217817012, 1.04410138912, 1.64494906417, 0.908952106347, 2.83000024935, 1.00837925776, 5.13203020576, 1.26000043675, 1.14000044054, 1.72863668642, 2.6558353923, 0.939900964204, 3.04000043526, 1.02730780422, 1.00109800236, 1.00000058935, 1.0000007178, 1.10694546119, 7.12581754935, 0.985253613541, 1.00000045406, 94.2393559801, 0.970485634259, 5.41115662846, 1.02444735627, 3.29000035923, 1.00000005659, 5882.05704763, 4.02144772118
3.8187293208, 1.11009837391, 1.36838826854, 0.860120788578, 2.83000092985, 0.879945209363, 4.75379585767, 1.26000080531, 1.14000099615, 2.63416588856, 2.19521591394, 1.03414535696, 3.04000071485, 1.04013529481, 0.925582763172, 1.00000063674, 1.00000097742, 1.07453362279, 7.63701856006, 0.926071037895, 1.00000002129, 111.944042641, 0.937119966699, 5.50168674241, 1.06002380563, 3.29000088826, 1.0000000625, 6306.09060105, 0.268096514745
5.97054777239, 1.05307361882, 1.71528279099, 0.872956705354, 2.8300005336, 0.941327645728, 5.82000225006, 1.26000024216, 1.14000090789, 2.31706548135, 2.98754358028, 0.920962013333, 3.04000081845, 1.00569019415, 1.00831375379, 1.00000064443, 1.0000009704, 1.10699571141, 6.86939220264, 0.911202614448, 1.00000071816, 115.893528101, 1.02532195829, 4.68578284338, 0.972364932938, 3.29000048556, 1.00000075833, 1063.45112491, 1.60857908847
2.25198909516, 1.0437604559, 1.65888041463, 0.871577704372, 2.83000098828, 1.01394795557, 4.82018815761, 1.26000069606, 1.14000011216, 1.65687004288, 2.40305173117, 0.976521084241, 3.04000036408, 1.10055074551, 1.0581781691, 1.00000081585, 1.00000071054, 1.07313697862, 8.02004827874, 0.990215186041, 1.00000038811, 118.928353408, 0.908825640747, 5.73631080927, 1.03875058471, 3.29000094229, 1.00000085939, 23538.7092471, 2.14477211796
1.51104401871, 1.07356147868, 1.64477852666, 0.873508328835, 2.83000096673, 1.02036102638, 3.22127561794, 1.26000061834, 1.14000087516, 3.30870499609, 1.62818220754, 0.930427321604, 3.04000009118, 1.07585492549, 1.06879086556, 1.00000028671, 1.00000025433, 1.06825919751, 8.11354026868, 0.94156051605, 1.00000029893, 105.497631312, 1.05279375621, 4.32532124058, 1.02972251974, 3.2900004528, 1.0000003777, 11119.2054855, 4.55764075067
4.22926426656, 1.05946677507, 1.51790053894, 0.822026318581, 2.83000025404, 0.923745449918, 4.96523435705, 1.26000024287, 1.14000075889, 1.56058781572, 2.94298892192, 1.00464433491, 3.04000074955, 1.01011251965, 0.990845673804, 1.00000036539, 1.00000073749, 1.08701355998, 3.91420606124, 0.935878453092, 1.00000021299, 122.152086451, 1.07768621764, 3.73137315704, 1.04362346408, 3.29000073367, 1.00000051898, 8133.61996615, 0.0
3.23138646682, 1.00985819347, 1.41906769287, 0.928263377028, 2.83000002816, 0.964089887328, 5.73957208822, 1.260000196, 1.14000009415, 1.73562257858, 3.06270359619, 0.943631912639, 3.0400008645, 1.01824736085, 1.05628232057, 1.0000000727, 1.00000016198, 1.05149127421, 7.81400304107, 0.916718512617, 1.00000049295, 116.060271844, 0.906087568068, 4.89429398217, 1.03787632501, 3.29000095855, 1.0000006346, 7910.21178963, 2.14477211796
1.2382589071, 1.12259773665, 1.73866874233, 0.921671285469, 2.83000069937, 0.96080231932, 3.93433940137, 1.26000004398, 1.14000096784, 1.68793906147, 3.11946764139, 0.966789224929, 3.04000004608, 1.0002507899, 0.956511294003, 1.00000052029, 1.00000014411, 1.10510734779, 7.31388050503, 0.972971015982, 1.00000047937, 103.28668977, 0.963603214083, 4.03647722948, 1.06567510065, 3.29000011896, 1.00000017547, 9228.80369388, 1.60857908847
3.02693567936, 1.03353680236, 1.70605628667, 0.888402346035, 2.83000071773, 0.866958467966, 5.64704040501, 1.26000053323, 1.14000042779, 1.62158576374, 2.97728622007, 0.945496549207, 3.04000066257, 1.00222098955, 0.924721079642, 1.00000048705, 1.00000051104, 1.07567547356, 7.00905466509, 0.975093394442, 1.00000023225, 87.7766969917, 0.982849446653, 3.66092765036, 1.06598816954, 3.29000068915, 1.00000043735, 9941.59296088, 2.68096514745
2.90604827701, 1.09521455357, 1.54489097428, 0.96668182295, 2.83000007004, 1.18215697931, 5.52164620083, 1.26000094241, 1.14000047184, 1.98285954249, 1.706672712, 1.0785396643, 3.04000025637, 1.00467047512, 1.07271183674, 1.00000020855, 1.00000022431, 1.00868371941, 4.01816126445, 0.980815393084, 1.00000048251, 114.968856705, 0.936741485289, 4.27740685162, 1.02067789292, 3.2900003427, 1.0000008083, 6699.68024208, 0.536193029491
1.34698149992, 1.09825246259, 1.69047479154, 0.987002687254, 2.83000099548, 0.985332287157, 4.84326610901, 1.2600007467, 1.14000015272, 1.8256503799, 2.53990799567, 0.951378503673, 3.0400001476, 1.11567920807, 1.05361199178, 1.00000048207, 1.00000044978, 1.07293007895, 4.79474899204, 0.964368742241, 1.00000027103, 117.027833911, 0.973423408536, 5.98033455926, 1.01754760364, 3.29000071275, 1.00000022761, 8841.88607019, 6.97050938338
1.6262353645, 1.05505902264, 1.72967205135, 0.894898126706, 2.83000075035, 1.04283854279, 5.42867519891, 1.26000093777, 1.14000039371, 3.29684706379, 2.42999642979, 0.913548324828, 3.04000015759, 1.00232137006, 0.922149260735, 1.00000048113, 1.00000018578, 1.03504639013, 3.77470087287, 0.930020642583, 1.00000008938, 115.627281149, 0.981526007971, 5.19826014999, 1.05267699475, 3.29000072525, 1.00000063149, 13646.0844903, 1.60857908847
1.07839664071, 1.02313996804, 1.69874601316, 0.977015399891, 2.83000054248, 0.937016108792, 5.79802904942, 1.26000069854, 1.14000096089, 2.66727350276, 2.52793152082, 0.921105257401, 3.04000034508, 1.0089232041, 1.03286132926, 1.00000015081, 1.00000090359, 1.00482570119, 7.20021852786, 0.988419425815, 1.00000049522, 98.2976122941, 1.05541486845, 5.82008583987, 0.966969361644, 3.29000030601, 1.00000074625, 8935.84574064, 2.14477211796
4.31439637421, 1.11349744737, 1.46822308164, 0.988024350059, 2.83000073815, 0.928305435665, 5.27278233452, 1.26000052337, 1.14000055872, 1.25998863964, 2.53564320771, 0.963248014878, 3.04000061571, 1.06160436699, 1.08199921443, 1.00000026605, 1.00000047674, 1.09014664752, 7.47934067381, 0.923235694927, 1.00000029514, 104.916146568, 0.878768356617, 3.93913001164, 1.06320003365, 3.29000020221, 1.00000020127, 1886.9178547, 1.60857908847
2.43848076292, 1.12589739846, 1.68846024092, 0.937102859848, 2.83000073538, 0.900627580593, 3.83624908418, 1.26000031489, 1.14000076184, 1.7694933669, 2.38543394341, 1.05136386323, 3.04000045111, 1.0075612699, 1.03504992289, 1.00000012318, 1.00000077502, 1.10190021479, 5.50782067571, 0.969067994736, 1.00000041225, 103.102065661, 1.03627516767, 3.65714164529, 1.04376492405, 3.29000029573, 1.00000006009, 10880.2393303, 1.07238605898
3.59047008665, 1.07999488155, 1.68665922465, 0.981780603151, 2.8300007639, 1.1118336223, 5.52471834679, 1.26000065579, 1.1400007983, 2.50114824637, 2.29838091194, 1.01881928763, 3.04000082521, 1.03404656442, 1.08818715127, 1.00000010698, 1.00000061709, 1.08113453982, 5.12401646464, 0.989684080559, 1.00000098013, 107.265073937, 1.01451470789, 5.24573674428, 1.02722667519, 3.29000037489, 1.00000021724, 19606.7451506, 4.02144772118
2.58353116565, 1.03974308303, 1.38316657258, 0.982727834948, 2.83000021823, 0.970588923497, 5.64924566818, 1.26000093894, 1.14000067157, 2.67557411294, 1.66490422702, 0.931302167534, 3.04000031046, 1.01992883702, 1.05646925314, 1.00000072891, 1.00000020744, 1.07534340207, 8.76776638858, 0.988738850894, 1.00000070975, 124.507073637, 1.02533700327, 5.91125225633, 0.983362684429, 3.29000073935, 1.00000063272, 116702.699803, 10.4557640751
1.46975367883, 1.0524413228, 1.41851926511, 0.926549995107, 2.83000033993, 0.915291014294, 3.26685347453, 1.26000051526, 1.14000037408, 2.39818969467, 1.71707496174, 0.973874532366, 3.0400008501, 1.09170735786, 1.03262536526, 1.00000031015, 1.00000021383, 1.06745974817, 9.80738020419, 0.965621122583, 1.00000076916, 110.303215888, 1.0693415573, 5.51654879617, 0.999825232889, 3.29000014311, 1.0000003129, 7602.80702353, 4.02144772118
1.7689179158, 1.03265749496, 1.4077846747, 0.983326715311, 2.83000084585, 0.859319989767, 2.29129133114, 1.26000065573, 1.14000015857, 2.15609709951, 2.21166634462, 1.03867738255, 3.04000020653, 1.01425874904, 1.05355265926, 1.00000058958, 1.00000050916, 1.06964371599, 8.52763394192, 0.99205774325, 1.0000001187, 99.4972754013, 0.942909610319, 5.49694508462, 1.05915337852, 3.29000080206, 1.00000013091, 2096.32883865, 3.75335120643
5.37903353093, 1.10925736195, 1.67656117986, 0.955179486122, 2.830000496, 0.860632974996, 5.83996403218, 1.26000082376, 1.14000009691, 2.29028789003, 2.59701321006, 1.00300268572, 3.0400006292, 1.0481864653, 1.02531818193, 1.00000048791, 1.00000070784, 1.08765378953, 4.30083407223, 0.94589047112, 1.00000021174, 109.185517638, 0.916315447849, 5.72644238966, 1.03626847281, 3.29000079284, 1.00000051476, 2049.49109018, 0.804289544236
1.82626469071, 1.06190322955, 1.69825844268, 0.963009113072, 2.83000024622, 0.93558824672, 5.88395625232, 1.26000019588, 1.14000009171, 3.21748403409, 2.94346499144, 0.952123991561, 3.04000078586, 1.01969260469, 1.06892052946, 1.00000092526, 1.00000008385, 1.00336732009, 5.08885350352, 0.946294180813, 1.00000074097, 112.07863719, 0.94724193374, 4.69134436437, 1.04462943565, 3.29000027298, 1.00000029262, 5675.69444518, 5.8981233244
4.47665814009, 1.02239338427, 1.65057967543, 0.960313756805, 2.83000070456, 0.933846427735, 3.7817581121, 1.26000069853, 1.14000000024, 3.06101279197, 1.91320080461, 0.973005179414, 3.04000075715, 1.00490096195, 0.995685050462, 1.00000055506, 1.00000052118, 1.10598861034, 7.42262107265, 0.979320938941, 1.00000066361, 115.106011214, 1.00785380007, 3.99927924936, 1.04550135004, 3.2900002972, 1.00000045108, 16357.2245601, 0.804289544236
3.59340928042, 1.11334738901, 1.66895693137, 0.903261163209, 2.83000061057, 0.894367608727, 4.75092511322, 1.26000065828, 1.14000097918, 3.40783862055, 1.57713077209, 0.954836437784, 3.04000060041, 1.02456174055, 1.03306674005, 1.00000038971, 1.00000017741, 1.02536042745, 8.87231146783, 0.97998027166, 1.00000011946, 108.557496921, 0.845763624879, 3.92008959332, 1.06878854666, 3.29000001152, 1.00000070878, 25159.8162546, 1.60857908847
1.4699416669, 1.0740325083, 1.65758928546, 0.886075903475, 2.83000003687, 0.935805951375, 1.68390597, 1.2600001555, 1.14000057361, 3.29019140871, 1.9118091818, 0.944846103025, 3.04000079618, 1.01158575717, 1.08899135533, 1.0000004124, 1.00000037075, 1.0890692444, 7.41048136528, 0.983183488969, 1.00000093729, 124.395230052, 0.843766011408, 5.42162417345, 1.03469034395, 3.29000056359, 1.00000078364, 45323.6325865, 2.14477211796
2.08835106582, 1.11781532417, 1.70250789721, 0.871602195455, 2.83000072192, 1.05973324555, 4.403208543, 1.26000067311, 1.14000059677, 2.45787805994, 1.59428328471, 1.02823859304, 3.04000073701, 1.01215403097, 1.0605584637, 1.00000000804, 1.00000008787, 1.05136209306, 3.27118424687, 0.973750628009, 1.00000030533, 120.382260148, 0.995348242973, 5.7525075258, 1.02729731798, 3.29000007504, 1.00000065424, 54897.6680156, 1.60857908847
3.72185599306, 1.00726060081, 1.34368915953, 0.962617372025, 2.83000071337, 1.05750276273, 3.35172396763, 1.26000020045, 1.140000166, 2.20488091855, 2.65092385432, 0.978040410469, 3.04000083029, 1.01020329285, 1.02810072623, 1.00000099456, 1.00000072993, 1.06016198303, 8.2840448539, 0.978297609348, 1.00000027583, 114.236165297, 0.941336818539, 5.68743140197, 1.06313916053, 3.29000010276, 1.00000015797, 50566.467187, 10.1876675603
2.92950387952, 1.11614058704, 1.73383665392, 0.881606195806, 2.83000093637, 0.969192266738, 4.4355840769, 1.26000032233, 1.1400000205, 2.75319773277, 1.7505623296, 0.989269760122, 3.04000092177, 1.08022635459, 0.989331197071, 1.00000074854, 1.00000063478, 1.094929985, 8.95072764944, 0.930431161899, 1.00000079006, 119.393067521, 1.06223848797, 5.73682961316, 0.998389089655, 3.29000043997, 1.00000044639, 20224.1104865, 7.50670241287
4.19145058477, 1.03864604754, 1.66674750845, 0.986080252111, 2.83000020122, 0.941799344139, 4.81493769371, 1.26000024452, 1.1400001466, 2.86134771182, 1.87933637474, 0.948437525377, 3.04000019192, 1.05123069481, 1.04843812384, 1.00000072925, 1.00000040938, 1.060595526, 4.41557181955, 0.971278620766, 1.00000086589, 123.395014448, 0.976789434477, 5.36955481045, 1.03656309428, 3.29000024754, 1.00000091116, 16048.6618975, 2.9490616622
3.02066110995, 1.13271969248, 1.58093289505, 0.994243997358, 2.83000080775, 0.851179718484, 5.94715003299, 1.26000071677, 1.1400005353, 1.26898188335, 2.02607966338, 0.958380670511, 3.04000096207, 1.06975123393, 0.994716625526, 1.00000061292, 1.00000096815, 1.06115286541, 6.52926482527, 0.937889891177, 1.00000054144, 103.583061059, 0.914320336249, 4.35377648752, 1.03299298511, 3.29000048457, 1.00000080942, 2986.75090797, 1.87667560322
2.39310012251, 1.07636266747, 1.71738246865, 0.855112079579, 2.83000025926, 1.00760979953, 4.47019361503, 1.260000963, 1.1400006234, 1.24525495204, 2.63445252838, 0.954594168879, 3.04000086949, 1.00501858029, 0.968770534394, 1.00000044604, 1.00000005928, 1.0805457821, 6.02510609472, 0.994778377678, 1.00000036725, 117.360697881, 1.0614284663, 5.98147513305, 0.997736030968, 3.29000039082, 1.00000065616, 25205.5263214, 0.536193029491
1.38974374792, 1.12030912334, 1.600718567, 0.967103430053, 2.83000019931, 1.05722762599, 5.76423165434, 1.26000051389, 1.14000055079, 2.13240549039, 2.44298415, 0.885570482465, 3.04000095277, 1.04803680552, 1.07546774241, 1.00000079602, 1.00000043777, 1.06849837604, 8.17444904317, 0.939844323893, 1.00000023965, 115.53040507, 0.974638096773, 3.63445631072, 1.06714122241, 3.29000035976, 1.00000045412, 25250.6746929, 0.804289544236
5.60473141804, 1.08351186167, 1.64979822906, 0.805591478528, 2.83000090599, 0.881636425812, 3.95870865522, 1.26000085008, 1.14000043734, 3.06156959543, 2.23406470277, 1.01525634785, 3.04000081502, 1.03816643036, 1.08676858695, 1.00000080227, 1.00000089327, 1.04499347987, 9.7084264778, 0.98011383043, 1.0000009713, 121.801876196, 0.921470428398, 5.51793006274, 1.05284549865, 3.290000598, 1.0000003954, 178364.172068, 5.36193029491
1.71164502392, 1.09925894568, 1.43704476579, 0.958202639041, 2.8300000209, 1.09444527183, 3.50899826035, 1.2600004349, 1.1400008176, 2.1283899899, 1.82672297621, 1.03789387154, 3.04000064152, 1.01141934964, 1.08405953195, 1.00000058274, 1.00000044758, 1.03824449736, 3.59446874952, 0.926515538334, 1.00000071785, 116.482309663, 0.989539496957, 4.77399116079, 1.0669475609, 3.29000024082, 1.00000017815, 416.68898563, 4.02144772118
3.25770088169, 1.00457236699, 1.38754963366, 0.942132394861, 2.83000068627, 1.04827261061, 5.18026954814, 1.26000073283, 1.14000006094, 1.88191472795, 1.79346693689, 0.885322202386, 3.04000014405, 1.03725042618, 0.978921785433, 1.00000035475, 1.0000004881, 1.03549884757, 9.35363786695, 0.926510676153, 1.0000002794, 124.164439142, 1.01013330798, 5.91349211537, 0.992486550319, 3.29000069932, 1.0000005372, 11458.800674, 2.14477211796
5.59618256795, 1.06874072405, 1.59275257473, 0.948360294233, 2.83000083209, 0.963929169321, 5.50942864253, 1.26000055152, 1.14000051299, 2.97067603853, 2.0483706149, 0.923356878352, 3.04000058354, 1.03627655829, 0.993865484103, 1.00000028773, 1.0000007354, 1.06288548412, 8.41602513842, 0.972251763075, 1.0000000246, 110.044019951, 1.02534905961, 4.54081917692, 1.06207864596, 3.29000059136, 1.00000056617, 33471.3341964, 3.75335120643
1.57100798588, 1.05625005409, 1.55665896331, 0.834168726668, 2.83000063553, 0.956561441745, 5.30393701999, 1.26000018113, 1.14000072976, 2.30847741349, 1.91379707894, 0.888616629666, 3.04000036989, 1.03601836885, 0.974034737105, 1.00000071021, 1.00000087502, 1.00852274115, 6.525201049, 0.949353475174, 1.00000009258, 119.06174904, 1.08882515608, 4.00600039508, 1.04069439067, 3.29000099166, 1.00000000681, 110027.195403, 0.536193029491
5.34911379534, 1.04085658549, 1.55474203891, 0.999154279586, 2.83000080482, 1.01978724977, 5.85773166887, 1.26000032621, 1.14000099354, 1.49336443944, 1.98004326945, 0.987517568593, 3.04000065624, 1.01453541947, 1.03340048777, 1.00000084459, 1.00000009101, 1.00026791848, 5.54383123218, 0.964242518667, 1.00000080572, 105.600427497, 0.985818803303, 5.14146479, 1.02122829236, 3.29000080265, 1.00000040999, 30617.6940908, 2.14477211796
3.11108244882, 1.0913097001, 1.70705402653, 0.91153354141, 2.83000028095, 1.04008244633, 4.93656359805, 1.26000083589, 1.14000000315, 2.26954728835, 2.46466364877, 0.948706165914, 3.04000049331, 1.00632249878, 1.06079543253, 1.00000044781, 1.0000007695, 1.02796254772, 7.10169215333, 0.962543088714, 1.00000009567, 105.612204137, 1.07923864579, 4.28655257411, 1.05058155026, 3.29000081209, 1.00000073008, 7237.26619626, 2.14477211796
3.14978351786, 1.09559839912, 1.65917927664, 0.962519832933, 2.83000070749, 0.941829629966, 5.46478272178, 1.26000064036, 1.14000080341, 1.50293826795, 2.49138599561, 1.02549450273, 3.04000016743, 1.00500983288, 0.979452591625, 1.0000009147, 1.00000072516, 1.00770052571, 8.25782119903, 0.996908903694, 1.00000057006, 117.489132843, 1.08313406102, 5.93675536564, 1.02393262175, 3.29000035627, 1.00000089323, 19688.6486324, 3.75335120643
5.82833034245, 1.12345618491, 1.58410810129, 0.883139747782, 2.83000033066, 0.907146506131, 5.98040561051, 1.26000036884, 1.14000025243, 1.46471116457, 2.64275094966, 0.895509685202, 3.04000031827, 1.07837598146, 1.0787199859, 1.00000003592, 1.00000066156, 1.06850913506, 9.74894210357, 0.914469406558, 1.00000058227, 121.263798254, 0.912878203981, 5.94983719098, 1.05659433148, 3.29000089791, 1.00000021198, 15295.5386259, 1.87667560322
1.50117227258, 1.09050197757, 1.57358733955, 0.907983572053, 2.83000061744, 0.884094806732, 5.09108488728, 1.26000052711, 1.14000015196, 1.40919171171, 1.95892645435, 0.960419861907, 3.04000045909, 1.00964562417, 1.01752310611, 1.00000087786, 1.00000015828, 1.00410637087, 8.98094910473, 0.960345978111, 1.00000022226, 112.996142318, 1.05021571688, 4.38786155588, 1.05579537161, 3.29000020425, 1.00000056799, 18104.8727611, 0.804289544236
4.51103553069, 1.08801424324, 1.63017270701, 0.895123324263, 2.83000029862, 0.866564852813, 3.74214155594, 1.26000024895, 1.14000017063, 1.89109486982, 1.92262824267, 0.884125307419, 3.04000076543, 1.00342913651, 1.06551644266, 1.00000046209, 1.00000096048, 1.02160761893, 5.5427390289, 0.943104777853, 1.00000070553, 118.792358418, 1.07554752577, 5.29490986947, 1.0627757485, 3.29000095096, 1.00000012985, 35032.8864644, 2.14477211796
4.6588914604, 1.08478309945, 1.72575881264, 0.999758016755, 2.83000099569, 0.856499889241, 1.14715645305, 1.26000001972, 1.14000092794, 1.71385840484, 1.99449189398, 1.02635342623, 3.04000057245, 1.04708141112, 1.05463482157, 1.0000005946, 1.00000020143, 1.10567258311, 7.92132788371, 0.918396982715, 1.00000096128, 97.9932404294, 0.847781064189, 5.9882862859, 1.03138012774, 3.29000065809, 1.00000094102, 4282.71184978, 8.04289544236
5.83823296588, 1.06442899469, 1.6873645706, 0.984179216518, 2.83000086126, 0.90040922141, 2.18368231711, 1.26000032057, 1.14000049286, 2.89985797195, 2.83428198343, 1.09435969315, 3.04000045572, 1.04145576232, 1.07484047495, 1.00000060113, 1.00000051068, 1.1091498535, 3.83351162281, 0.956054096727, 1.0000008755, 104.339516332, 0.851614032545, 5.84499085112, 1.03771979871, 3.29000043794, 1.00000077036, 8428.5237049, 0.804289544236
5.76779456648, 1.02933080998, 1.51888935351, 0.996426750434, 2.83000020498, 1.04959343389, 2.36514220155, 1.26000090805, 1.14000049265, 2.8962426769, 2.14103686983, 1.01714573013, 3.04000041184, 1.0988404403, 1.04654313001, 1.00000060091, 1.00000029943, 1.10145047971, 6.8874964882, 0.911996197823, 1.00000055865, 91.1468114123, 0.86360158637, 4.98232788463, 0.982993626931, 3.29000016931, 1.00000023673, 17807.9207935, 0.536193029491
4.30097537222, 1.00998637552, 1.71431843406, 0.922105320595, 2.83000057957, 0.968732846576, 1.28447870466, 1.26000010804, 1.14000049129, 2.3535935867, 1.99639613064, 1.07636005679, 3.04000045481, 1.03890325668, 0.909888112589, 1.00000097888, 1.00000078357, 1.09081856375, 4.74206919185, 0.965781191083, 1.00000070448, 75.1200766413, 0.840602544725, 5.76426491299, 1.02684939415, 3.29000015625, 1.0000009208, 1317.58207341, 1.07238605898
5.44133748021, 1.03968035005, 1.65599955482, 0.884724187727, 2.83000072724, 1.17326876413, 1.87212345282, 1.2600000876, 1.1400006445, 1.81062094588, 3.05004093714, 0.900357447181, 3.04000041839, 1.0272668072, 0.925472093551, 1.00000027662, 1.00000053273, 1.09306296538, 5.58811143322, 0.919298279455, 1.00000022353, 106.702049398, 0.867505956657, 5.98976179248, 0.996149576976, 3.29000081296, 1.00000039581, 7498.80139734, 1.87667560322
5.2779915283, 1.01832871719, 1.70390143686, 0.996149755623, 2.83000066822, 0.991976072382, 4.42121857551, 1.26000029387, 1.1400007633, 3.66993703502, 1.82841133368, 0.95967289323, 3.04000061752, 1.04491199926, 0.84437887432, 1.00000054311, 1.0000002684, 1.08804534585, 3.47797066576, 0.911891791189, 1.00000027185, 103.861747023, 0.91802723544, 5.74248360075, 1.02552309338, 3.29000014602, 1.0000008214, 6843.02079238, 2.9490616622
2.86038334687, 1.03038559336, 1.46552071615, 0.997849622776, 2.83000040074, 1.0113005278, 3.40647511828, 1.26000044033, 1.14000048877, 3.28684118809, 1.95681646014, 1.03420253515, 3.04000057745, 1.03063598662, 0.938236412627, 1.00000060656, 1.00000045416, 1.09564985208, 8.24063387155, 0.913529115605, 1.0000006856, 75.3255094415, 0.8420126053, 5.84323226563, 1.02922848809, 3.29000089311, 1.00000029345, 29768.3768878, 2.68096514745
5.52375874683, 1.05080036698, 1.60852067173, 0.95012880786, 2.83000040945, 1.05899814681, 1.97574814865, 1.26000072622, 1.14000079848, 1.98389013925, 2.43787004032, 0.951564543739, 3.04000024261, 1.02361225155, 0.937141245713, 1.00000086776, 1.00000077796, 1.0109897566, 3.50311094239, 0.910251848205, 1.0000004804, 94.3719449067, 0.907861477724, 5.55718375453, 0.981978277576, 3.29000056393, 1.0000007925, 9437.54812553, 1.87667560322
4.31385233153, 1.01851674411, 1.69390840772, 0.898861008275, 2.83000030148, 0.918903772629, 3.34390583903, 1.26000022786, 1.14000056845, 3.27392218737, 2.63557442756, 0.955826468345, 3.04000035223, 1.01197366567, 1.00258936906, 1.00000050228, 1.00000038795, 1.07474500316, 6.36093524625, 0.940400201347, 1.00000077235, 76.8542348367, 0.916873892004, 5.96134640164, 1.02806580912, 3.29000099045, 1.00000038982, 18194.9241764, 2.14477211796
4.88636281403, 1.05293797464, 1.51868667317, 0.945638964052, 2.83000013605, 0.893542443654, 2.05006496763, 1.2600008006, 1.1400003937, 2.37038441383, 2.41027077939, 1.0899767184, 3.04000065341, 1.03690453556, 0.994024019868, 1.00000007049, 1.0000008319, 1.09874184834, 6.50727426859, 0.916109684441, 1.00000018612, 91.6293271662, 0.925952473542, 4.41487656347, 0.978865699281, 3.29000095083, 1.00000029957, 21376.2999023, 0.0
5.26743037987, 1.00284796019, 1.65652786241, 0.959258124664, 2.83000054589, 0.921253487447, 5.86122523071, 1.26000018945, 1.1400007736, 1.84060149682, 1.57226153121, 0.979915921257, 3.04000099826, 1.01182597659, 1.03639422135, 1.00000002865, 1.00000006077, 1.1051990098, 5.82110703474, 0.910299288899, 1.00000048018, 79.5483402586, 0.988259772143, 4.73858356904, 0.994474770238, 3.29000002377, 1.00000020853, 4118.44707639, 1.07238605898
4.51253057268, 1.02598390462, 1.47193168382, 0.942810177854, 2.83000023685, 0.97788108876, 1.63050702608, 1.2600007612, 1.14000070138, 1.40601952805, 2.5414642446, 1.02332312291, 3.04000090939, 1.05948789094, 1.06483576254, 1.00000020715, 1.00000030321, 1.0662758375, 7.99835830999, 0.910472166647, 1.00000097862, 77.1844219149, 1.03196609515, 2.86535385762, 0.95290189187, 3.2900009632, 1.00000088619, 7501.21392856, 5.36193029491
2.8185511181, 1.06539680088, 1.42025158078, 0.909694106402, 2.83000052374, 0.887060813506, 1.95699519793, 1.26000015667, 1.14000034354, 3.06544254406, 1.67525577614, 1.08204306995, 3.04000031316, 1.01196863486, 0.899265742656, 1.00000067503, 1.00000066957, 1.10545280957, 5.17221537427, 0.923101800739, 1.0000006196, 94.5743259303, 0.885937368818, 5.40169784843, 0.956639524172, 3.29000083994, 1.00000028365, 11770.9094346, 3.75335120643
5.66965700632, 1.02948361694, 1.56901267021, 0.988960173964, 2.83000005235, 1.11192833321, 3.21056319412, 1.26000082649, 1.14000050237, 2.18163049634, 1.96004711421, 1.05364573655, 3.04000050458, 1.00664957624, 0.872475809497, 1.00000054062, 1.00000058038, 1.06822560926, 9.61498954165, 0.944634700684, 1.00000023984, 86.4730274878, 0.901302566614, 5.74660107843, 0.958990087356, 3.29000013159, 1.00000014267, 26460.8550681, 4.02144772118
5.98959487396, 1.00851106038, 1.72252586995, 0.993071814589, 2.83000042698, 1.1689326775, 3.86219200267, 1.26000028125, 1.14000014492, 3.22699428811, 2.2640394651, 0.963688858874, 3.04000016625, 1.00154925644, 0.85753868295, 1.00000055045, 1.00000001291, 1.07294104382, 3.47975524979, 0.940971485408, 1.00000045086, 90.3231739791, 0.857724729184, 3.97737843341, 1.00818325973, 3.29000054956, 1.00000001947, 13568.8686923, 4.82573726542
4.43378586634, 1.07899018113, 1.6872261201, 0.915398704362, 2.83000044585, 0.866642090946, 2.27303362464, 1.26000035427, 1.14000033925, 1.58435796753, 2.82908007296, 1.04749767974, 3.04000066828, 1.00675099317, 0.979447768794, 1.00000025638, 1.00000092661, 1.10507984781, 5.59765661848, 0.95583462856, 1.00000033944, 94.5072315933, 0.953131097, 5.37634335911, 0.98638627789, 3.29000050156, 1.00000062344, 21377.1710742, 1.87667560322
3.10754312909, 1.02299957525, 1.53947880112, 0.882449951664, 2.83000057564, 0.856493924261, 5.22737615566, 1.26000040348, 1.14000044076, 2.41187665479, 2.46220858845, 0.896043147729, 3.04000045641, 1.06483686064, 0.891602342651, 1.00000072549, 1.00000012705, 1.09960204158, 9.59324362109, 0.923996153182, 1.00000096173, 75.7932933797, 0.864085694845, 5.67529824039, 1.01071245128, 3.29000075012, 1.0000002093, 22825.3321547, 1.07238605898
4.41606787934, 1.02307195428, 1.58983731961, 0.922500222802, 2.83000063652, 0.858139864719, 2.38715473483, 1.2600003972, 1.14000055852, 1.43612162592, 3.07811418691, 0.981926879358, 3.04000075144, 1.01710316013, 0.804457302972, 1.00000002284, 1.00000015031, 1.07130966817, 5.69471484673, 0.913380975069, 1.0000007804, 94.5314305482, 0.865210173337, 5.54470635988, 1.02001403044, 3.29000069343, 1.00000037555, 4987.99349258, 3.75335120643
2.51850024439, 1.12926329258, 1.48984721334, 0.949150429718, 2.83000022663, 0.850949505118, 3.14079524625, 1.2600005066, 1.1400000306, 2.303955104, 2.01720300566, 1.01923076048, 3.04000007836, 1.03686446074, 0.968368548875, 1.0000005988, 1.00000014228, 1.09988011509, 3.51418135314, 0.91791943659, 1.00000044429, 91.1513703819, 0.955415854296, 5.95064712557, 0.991814251966, 3.2900000213, 1.0000004696, 3314.2636901, 3.21715817694
5.54957862609, 1.04834898935, 1.6738332203, 0.977494619872, 2.83000060248, 0.925343274376, 4.57321916271, 1.26000096398, 1.14000027775, 1.43226304499, 3.04364472301, 1.03003728951, 3.04000058056, 1.04560042296, 1.03913168594, 1.0000008988, 1.00000061971, 1.08950393073, 4.4554234042, 0.933143775999, 1.00000005679, 86.3746739325, 0.895643072079, 4.99636093633, 1.00009660098, 3.29000049154, 1.00000040951, 51163.7822772, 2.41286863271
2.33761157296, 1.1107873413, 1.48758010571, 0.89995900356, 2.83000053736, 0.955110206356, 3.48707846589, 1.26000027145, 1.14000081601, 2.00787470732, 2.3545655853, 0.890627877537, 3.04000039794, 1.00740455825, 0.962482826914, 1.00000034807, 1.00000021498, 1.00313241465, 5.60331274243, 0.938959585533, 1.00000030021, 81.0571193404, 0.86600363355, 5.84337571344, 1.00817723904, 3.29000024032, 1.00000091611, 26191.8756005, 4.28954423592
1.36649719806, 1.03937734851, 1.43728137154, 0.981871045289, 2.83000083368, 1.14820391384, 1.74179040081, 1.26000061033, 1.14000038724, 1.49121243991, 2.04190196291, 0.939647633196, 3.04000023607, 1.01087375745, 0.928902485281, 1.00000073363, 1.00000067474, 1.07424904114, 6.13274582478, 0.927148425703, 1.00000073906, 92.3287916396, 0.863813786769, 4.57790705758, 0.950779861672, 3.29000015247, 1.00000075949, 851.607611289, 0.536193029491
4.04790915886, 1.01649583394, 1.43600623844, 0.992152847435, 2.83000002602, 0.977079263828, 4.24663727431, 1.26000082442, 1.14000050505, 3.5693673803, 2.5286561743, 0.934068759175, 3.04000014282, 1.08533685449, 0.883153857604, 1.00000059929, 1.00000040764, 1.06561116555, 6.7161923919, 0.91063797446, 1.00000099052, 83.9657476732, 0.867557624095, 3.5321568318, 0.976083207097, 3.29000050561, 1.00000067936, 24278.893167, 1.34048257373
5.85673940475, 1.02984644941, 1.44530693711, 0.961630638503, 2.83000092818, 1.05072921433, 4.46080404888, 1.26000086247, 1.1400003585, 2.32917466585, 2.54231112376, 0.938629299413, 3.04000037436, 1.08086638701, 0.971051461409, 1.000000979, 1.00000084892, 1.07271153892, 5.56886754319, 0.914473653563, 1.00000016392, 81.7442735383, 0.881913396514, 5.79018060626, 0.998808284824, 3.29000042519, 1.00000036274, 17792.521575, 2.9490616622
5.73202094631, 1.012103511, 1.44117840602, 0.970655835817, 2.83000023287, 1.03693942162, 3.3091351969, 1.26000077108, 1.14000061206, 2.12461661592, 1.98541507135, 0.977411476586, 3.04000079062, 1.03450558871, 0.874865091805, 1.00000032678, 1.00000026513, 1.05555521375, 4.94863743212, 0.91499319768, 1.00000002975, 79.6560718552, 0.865112536776, 5.36855934019, 0.965580002977, 3.29000001614, 1.00000011114, 4108.3759958, 1.07238605898
5.40800616052, 1.05894968982, 1.44651034505, 0.854194460637, 2.83000013496, 1.16560089373, 1.55853436869, 1.26000064147, 1.14000080114, 1.81508826498, 2.64196040807, 0.963793522801, 3.04000079376, 1.00531041546, 0.969735206991, 1.00000025267, 1.00000043279, 1.08197407071, 6.02831221168, 0.92548234918, 1.00000056181, 85.3189819077, 0.860629211004, 3.61159229253, 0.967957917153, 3.29000051244, 1.00000089294, 21439.3349939, 3.21715817694
4.54966343892, 1.00473204181, 1.51232551729, 0.862488159766, 2.83000061218, 1.11474614083, 3.62050660962, 1.2600008756, 1.14000056863, 2.30192086471, 2.79203125404, 0.945954765994, 3.04000056945, 1.052057688, 0.934336143572, 1.00000063204, 1.00000004453, 1.09002218463, 9.74372022712, 0.925475063895, 1.00000061177, 80.5771742428, 0.886782995719, 5.83863141305, 0.981680800392, 3.29000094335, 1.00000050581, 23248.145349, 4.55764075067
4.18430070347, 1.05558678974, 1.37521008593, 0.946535535271, 2.83000033689, 1.0519317956, 2.57604618908, 1.26000030328, 1.14000068974, 2.75301424032, 2.81625481172, 0.991003087953, 3.0400008564, 1.10026198571, 0.994124697963, 1.00000051441, 1.00000045299, 1.08644046974, 7.4000044923, 0.915883793634, 1.00000078555, 76.5489540874, 0.911090965535, 1.2346034229, 0.969518198636, 3.29000059563, 1.00000008476, 10563.6642119, 4.28954423592
4.97028425556, 1.03673726001, 1.47375115527, 0.885527806031, 2.83000076461, 0.921539846344, 2.22609412828, 1.26000059705, 1.14000055416, 2.49840442729, 3.01341785438, 1.06318406645, 3.04000073521, 1.00247051331, 0.980096697953, 1.00000060397, 1.00000019802, 1.0811618366, 3.50665013241, 0.932204967553, 1.00000070754, 90.206139833, 0.849799046738, 5.94339630625, 1.00288839134, 3.29000022164, 1.00000044927, 18014.5170032, 0.804289544236
5.79146104929, 1.08904949714, 1.52893860753, 0.895757767105, 2.83000068687, 1.11191225172, 3.16625257537, 1.26000046837, 1.14000062863, 1.28618381616, 2.43489892825, 0.892778684089, 3.04000085694, 1.03040365999, 0.960968100046, 1.0000002792, 1.0000007384, 1.08140468827, 6.28184624789, 0.926389335842, 1.00000054821, 76.2325491277, 0.963246475382, 3.75436662546, 1.01556334598, 3.29000067833, 1.00000030838, 8894.68931998, 2.41286863271
5.08750898176, 1.00402059072, 1.4060765609, 0.931003038617, 2.83000061928, 0.872890116867, 3.22036697297, 1.26000061463, 1.14000000367, 1.43593148369, 2.07644491097, 0.901464329281, 3.04000017398, 1.01387376768, 1.03290915195, 1.0000002045, 1.00000005964, 1.07983597966, 6.12614278926, 0.952760388317, 1.00000034867, 83.7630651208, 0.992755261264, 5.71397909068, 0.957952778127, 3.29000007687, 1.00000094779, 10910.4705061, 0.268096514745
4.5241131156, 1.01034916095, 1.38705403722, 0.897306703345, 2.83000006068, 1.06701318641, 3.22308108594, 1.26000033557, 1.14000015281, 2.92964276992, 1.59693740604, 1.00871436194, 3.04000031021, 1.03694621412, 0.944180049978, 1.00000086655, 1.00000003223, 1.1014489266, 8.18622374788, 0.934112261453, 1.0000007003, 78.2070605655, 0.867110365365, 1.19618032415, 1.00100828252, 3.29000001153, 1.00000008857, 57157.0301642, 5.36193029491
4.55569854803, 1.0224837471, 1.59954739341, 0.923033978775, 2.83000099261, 1.0949565991, 3.63999068275, 1.26000049846, 1.14000017627, 2.47774929986, 2.09466539861, 0.901617041807, 3.04000040302, 1.00003533015, 0.818384218099, 1.00000055236, 1.00000051717, 1.07458741134, 4.28920767443, 0.923329863649, 1.00000066825, 118.35085052, 0.917006562991, 5.01118785465, 1.00214063784, 3.29000043899, 1.0000004582, 3278.39120654, 3.21715817694
2.57024490384, 1.02650306759, 1.5854468379, 0.958447428901, 2.83000093033, 1.09738936855, 1.80227647177, 1.26000035415, 1.14000008802, 3.0494903472, 2.56656835659, 1.054028742, 3.04000065861, 1.01620725568, 0.918638405254, 1.00000061997, 1.00000032648, 1.07116969188, 3.61910158752, 0.924220168654, 1.00000036334, 88.2458190148, 0.928489124269, 5.6453223247, 0.994504325765, 3.29000089009, 1.0000007645, 20513.8125468, 0.268096514745
1.960239646, 1.00594350536, 1.40390496027, 0.828467853, 2.83000025213, 0.917839969554, 2.17907655568, 1.26000080831, 1.14000072141, 2.20547117378, 2.58388953669, 1.08837085247, 3.04000007065, 1.00013323523, 1.0532886111, 1.00000027778, 1.00000037175, 1.05436684345, 9.63144816028, 0.94508658353, 1.0000000275, 94.4091609369, 0.886302537679, 5.75170408084, 1.03141632076, 3.2900009933, 1.00000095764, 118462.61821, 4.02144772118
4.13971452803, 1.04888277571, 1.56011792863, 0.998928720554, 2.83000036482, 1.11577337858, 2.46412376934, 1.26000095382, 1.14000080799, 2.2985342227, 2.9337039386, 1.09784926815, 3.04000040779, 1.06511343681, 0.950520352856, 1.00000053356, 1.00000034719, 1.03588429932, 5.00997147424, 0.918355839973, 1.0000008514, 87.3054235537, 1.00443940851, 4.50861420307, 0.97400952477, 3.2900002185, 1.00000037298, 12248.1885858, 1.34048257373
5.33814523249, 1.03393689167, 1.534541352, 0.970061974326, 2.83000023167, 1.09024808366, 4.14621302108, 1.26000063363, 1.14000000224, 2.6515829493, 2.22896369237, 1.09867825399, 3.0400008056, 1.01983401809, 0.883331949428, 1.00000013025, 1.00000044956, 1.06396069539, 6.06700445513, 0.911311531721, 1.00000006247, 93.3356636928, 0.842418241963, 2.50371214558, 0.992121591364, 3.29000073524, 1.00000010228, 22137.8944527, 13.4048257373
3.19847843071, 1.00931456174, 1.66106272713, 0.90116452148, 2.83000092631, 1.05646071001, 4.3088558818, 1.26000082917, 1.14000027385, 2.29020579493, 2.86602315071, 0.946779635099, 3.04000004421, 1.01760987592, 0.917334342032, 1.00000035914, 1.00000044868, 1.05862157252, 8.13237816637, 0.94736639801, 1.00000033214, 93.1854196822, 0.868296849053, 5.18819085075, 0.987555991858, 3.29000047548, 1.00000026753, 852.19615048, 5.09383378016
2.34004136094, 1.09595455494, 1.49923734753, 0.991961396702, 2.83000059379, 0.924118971497, 2.22904842721, 1.26000051202, 1.14000045076, 1.561810887, 2.68622289897, 0.949171434056, 3.04000086881, 1.0703804877, 0.842673535175, 1.00000017001, 1.00000052177, 1.07992777495, 3.65516229974, 0.923342542059, 1.00000067882, 82.513338092, 1.02888219931, 5.61838764025, 0.953323774682, 3.29000070033, 1.00000094022, 2136.34331993, 2.14477211796
5.02981328865, 1.08952545373, 1.64308674933, 0.887178140509, 2.83000060347, 1.04304087221, 3.49543325955, 1.26000079788, 1.14000009088, 1.70206440655, 3.00640597708, 0.919145372255, 3.04000039162, 1.07064390043, 0.899591499542, 1.00000003676, 1.00000075606, 1.09865808387, 5.20975771595, 0.938392342891, 1.00000099267, 78.7931015266, 0.986071165833, 5.85414597197, 1.01056281373, 3.29000014659, 1.00000026176, 719.232819466, 1.34048257373
4.614576062, 1.02009296995, 1.69501249311, 0.89212246951, 2.83000004287, 0.970948656244, 2.37904994315, 1.26000022531, 1.14000029505, 1.38391331216, 3.0908404071, 1.07653668768, 3.04000053455, 1.02187248091, 0.889721759038, 1.00000006885, 1.00000023504, 1.0838645176, 6.40427965404, 0.910529872301, 1.00000031735, 118.194603362, 1.04680988462, 4.68953970852, 0.977923209692, 3.2900002154, 1.00000043764, 5998.00316454, 1.34048257373
1.84165239969, 1.00153213505, 1.5444481261, 0.891953418569, 2.83000095475, 0.911609649216, 3.19546918729, 1.26000054627, 1.14000018459, 3.20374262029, 3.05989402623, 1.04105277335, 3.0400003276, 1.02001088238, 0.984546758874, 1.00000053382, 1.00000043523, 1.02967712974, 5.43101659948, 0.932295361591, 1.00000016, 117.885341981, 0.840912718253, 3.63050441074, 0.972769523709, 3.29000069909, 1.0000000556, 9188.18298932, 1.07238605898
2.59000156352, 1.01438503195, 1.34759906222, 0.967470411351, 2.83000075641, 0.923849452857, 1.2158109803, 1.26000058158, 1.14000056592, 2.32577297748, 2.86856387026, 1.03022644461, 3.04000096319, 1.00190806574, 0.902232327952, 1.00000020222, 1.00000021479, 1.10223148557, 4.97403199972, 0.945807674012, 1.00000050771, 90.4502100611, 0.87428267298, 5.3945563378, 1.05147669254, 3.29000002237, 1.00000003807, 6638.89609225, 0.536193029491
5.10407387743, 1.03672391474, 1.44252416826, 0.890272871396, 2.83000074374, 1.05493216034, 3.4683932363, 1.26000080906, 1.14000037013, 1.84167666167, 2.68777645961, 1.05329326186, 3.04000001081, 1.03996960501, 0.834219535377, 1.00000031752, 1.00000025937, 1.09300977765, 7.69103115211, 0.924450035688, 1.00000065218, 101.558406817, 0.905478477436, 5.16592380305, 1.01918606312, 3.29000044256, 1.00000079442, 6115.19574611, 1.34048257373
1.55876575311, 1.04475428122, 1.36208290649, 0.885423802102, 2.83000055503, 1.12051823134, 4.21547409288, 1.26000040916, 1.1400006195, 1.9390030897, 2.1115561268, 0.91171404892, 3.04000094359, 1.02498400392, 0.905281244912, 1.00000080967, 1.00000034707, 1.07458257132, 6.82440978914, 0.92247643384, 1.00000089876, 98.8002331587, 0.849106314514, 4.33584952011, 1.0204701725, 3.29000040864, 1.00000071515, 102350.863725, 1.60857908847
1.29555430749, 1.04980919526, 1.42394001725, 0.879093535042, 2.83000003243, 1.1308980104, 1.87079680218, 1.26000017021, 1.14000088508, 3.0096551546, 2.9691080061, 0.883975021363, 3.04000014516, 1.09611223557, 0.795766155094, 1.00000056657, 1.00000078833, 1.04760723614, 6.35236560849, 0.91700755064, 1.00000091019, 88.0479190086, 0.929907044873, 5.69131284192, 0.970675332587, 3.29000058264, 1.00000047298, 14745.7720518, 4.28954423592
5.45401891697, 1.06390354801, 1.36618855987, 0.928687382039, 2.830000758, 1.06227162307, 2.6178748286, 1.26000097108, 1.14000021495, 1.69826016913, 2.8035105542, 1.09507208836, 3.04000043333, 1.05818260999, 0.859968645387, 1.00000020482, 1.00000085755, 1.05864113703, 3.37139308264, 0.930549649061, 1.00000009626, 120.119943658, 0.871031149019, 5.8620330638, 0.988543852172, 3.29000015518, 1.00000060943, 37986.0713596, 2.14477211796
3.28988745371, 1.01870060524, 1.52628370326, 0.858094821185, 2.83000084869, 1.03219472532, 3.92650726603, 1.26000062725, 1.14000033667, 1.78270883018, 2.44590696785, 0.968550827884, 3.04000063287, 1.0094471485, 1.01375288498, 1.00000036796, 1.00000040577, 1.04305850383, 3.71561626891, 0.949548061622, 1.00000061464, 75.7798060842, 0.866240440081, 4.8120173772, 0.973763521867, 3.29000065412, 1.00000043664, 28107.8694998, 0.536193029491
3.36379391863, 1.01644821759, 1.56527478661, 0.962276272269, 2.83000000078, 0.929342229402, 4.64423582185, 1.26000037098, 1.14000019963, 2.59374391701, 2.27770100257, 1.02883435482, 3.04000078722, 1.00708836355, 0.979537182858, 1.00000090631, 1.00000059296, 1.05590165471, 6.22918041491, 0.936379127266, 1.00000024479, 98.8454079022, 0.921474943545, 1.32075774585, 1.00480285756, 3.29000003073, 1.00000076018, 19535.9364459, 5.8981233244
3.5414173733, 1.00093799195, 1.3469687077, 0.984005493991, 2.83000083814, 0.992853549434, 3.56093529232, 1.26000035677, 1.14000091528, 1.3575646066, 1.91738728805, 0.973764190415, 3.04000055898, 1.02085788797, 0.833040928882, 1.00000033759, 1.00000064874, 1.07309984245, 5.59616566322, 0.92326120041, 1.00000049265, 77.8848693145, 0.948276259555, 5.57256038184, 0.954143579216, 3.29000038086, 1.00000083934, 4061.73187567, 1.60857908847
3.60168209944, 1.00798598325, 1.35350777803, 0.844856852819, 2.83000086003, 1.0573140034, 4.43071115497, 1.26000067246, 1.14000042067, 1.9782617315, 1.64995138606, 0.960523695195, 3.04000021709, 1.01606050181, 1.03847780212, 1.00000028336, 1.00000067662, 1.03662729837, 6.30500822895, 0.914219286272, 1.00000065037, 77.6956665623, 0.928996023108, 4.19011172315, 1.03854020753, 3.29000077995, 1.00000008371, 1248.3286535, 3.21715817694
1.70283734248, 1.03839648757, 1.3645998499, 0.891874762287, 2.8300003669, 1.02224267108, 1.7432222749, 1.26000015839, 1.14000047246, 1.36350335004, 2.12354107, 1.05521352937, 3.04000085679, 1.08249676846, 0.851502122462, 1.00000003517, 1.00000009775, 1.03437795339, 7.32106316055, 0.912394196529, 1.00000002, 77.3612492199, 0.944375545023, 4.25805635219, 0.998380558902, 3.29000017868, 1.00000092878, 22487.5232471, 2.41286863271
5.12345511334, 1.08169239494, 1.50986517292, 0.916693204564, 2.83000071655, 1.04687159402, 3.82225855227, 1.26000058968, 1.14000029713, 1.79640117981, 2.9879196114, 1.07822274063, 3.04000050103, 1.00680020124, 0.829451057216, 1.00000075254, 1.00000091686, 1.02492268782, 8.10779864602, 0.918032657391, 1.00000008125, 75.1549496371, 0.862936250883, 5.19716379353, 0.963793574396, 3.29000081226, 1.00000088233, 6380.89272697, 2.9490616622
3.979228412, 1.06754335607, 1.36760996086, 0.905018440808, 2.83000007042, 0.901714154888, 1.80893163116, 1.2600005094, 1.14000066671, 1.52475647972, 2.38671237836, 1.09951475507, 3.04000008456, 1.03083336528, 0.983549812006, 1.00000007752, 1.00000034632, 1.0677448179, 3.36269698552, 0.936881745773, 1.00000008187, 81.1107318122, 0.99619115373, 2.90593265113, 1.00720663056, 3.29000076046, 1.00000014608, 70626.4406453, 1.60857908847
4.26038521884, 1.01770966615, 1.53925984572, 0.983510806809, 2.8300008052, 0.96726949777, 4.96385781785, 1.26000050733, 1.14000080693, 2.56879967195, 2.34950072899, 1.04170757494, 3.04000012267, 1.02365826023, 0.839072614188, 1.00000016993, 1.00000030416, 1.09900166644, 4.58205277483, 0.930631441124, 1.00000027399, 91.7273198275, 0.95363930214, 3.56428178047, 0.997536535741, 3.29000054989, 1.00000099935, 11435.4288798, 0.0
3.41856373015, 1.04812436824, 1.53725163505, 0.908539007156, 2.83000051815, 1.12416412415, 4.12208257132, 1.260000303, 1.14000043006, 3.19348838741, 2.91651270156, 0.914309335176, 3.0400009061, 1.01899977162, 0.870892546409, 1.00000081199, 1.00000047063, 1.04079365125, 4.26494140774, 0.927614040158, 1.00000052238, 76.2892515263, 0.857002741216, 4.21581455613, 0.970396546756, 3.290000997, 1.0000006022, 9710.96370884, 4.82573726542
3.72881492953, 1.05615468326, 1.36849528274, 0.888331654187, 2.83000082987, 1.01742381341, 3.49146396331, 1.26000077854, 1.14000040261, 3.45220495719, 1.81244072828, 1.08463800472, 3.04000051197, 1.02268223275, 0.923734313369, 1.00000051283, 1.00000086594, 1.08537151324, 8.59525552137, 0.93191907875, 1.00000013252, 75.4264775814, 0.953038417364, 5.56791146752, 0.998510631794, 3.29000000407, 1.00000044109, 19490.4721016, 1.60857908847
5.8980466037, 1.05018519372, 1.5670540013, 0.993274183414, 2.83000089678, 1.09012216011, 5.51534149154, 1.2600008253, 1.1400001003, 1.81626951081, 2.94404716004, 1.05314005477, 3.04000033125, 1.01760875783, 0.814352338275, 1.00000021128, 1.00000074216, 1.06203637501, 4.87736946706, 0.93174310194, 1.00000064115, 83.5838361891, 0.86185662697, 5.75411305047, 0.976885167955, 3.29000034277, 1.00000056416, 996.422756444, 2.14477211796
2.68391437129, 1.0850362413, 1.38220531638, 0.841608523994, 2.83000014247, 0.940741504298, 3.58545269802, 1.26000010534, 1.14000046295, 3.5994342345, 2.49840983613, 1.07277420371, 3.04000007414, 1.0708831434, 0.985987266357, 1.0000003087, 1.0000006531, 1.01513965509, 5.10770310712, 0.934562938974, 1.00000023379, 79.7307723746, 0.937660083415, 5.66746502096, 1.00616791785, 3.29000030174, 1.0000000701, 12819.1390695, 8.8471849866
3.42599206467, 1.05242485328, 1.53980406841, 0.936375280728, 2.83000054594, 1.07566874804, 4.36472190799, 1.26000018048, 1.14000030268, 1.87500284051, 2.22465758045, 0.967021968578, 3.04000075565, 1.01202345813, 0.780753393912, 1.00000061844, 1.00000065773, 1.09647228373, 3.78544667815, 0.98156271601, 1.00000009274, 91.2999948035, 0.858081932186, 5.5686391544, 1.04453471445, 3.29000088507, 1.00000035373, 7670.48806751, 2.14477211796
4.66981457684, 1.01396693263, 1.35022878313, 0.894898908445, 2.83000097713, 0.992022231258, 4.79123118282, 1.26000034642, 1.14000069644, 3.04875765283, 2.54427220767, 0.951408702506, 3.04000045206, 1.05633086666, 0.958540420461, 1.00000052184, 1.00000077025, 1.088925122, 3.82649849263, 0.923607757209, 1.00000035789, 80.5786763741, 0.949564220068, 5.99059341296, 0.961667503138, 3.29000073087, 1.00000050056, 34839.1072605, 5.8981233244
2.26099063387, 1.00780076741, 1.38380979817, 0.983583589838, 2.8300003937, 1.17563012782, 2.98531278252, 1.2600006921, 1.14000004854, 1.58322357865, 2.13294819912, 0.950891687178, 3.04000025869, 1.05543541756, 0.83234212076, 1.0000005403, 1.00000089511, 1.05669849172, 3.39367288241, 0.92349570372, 1.00000045261, 87.2505573196, 0.862682141163, 4.77039831527, 0.97184561086, 3.29000013166, 1.00000034393, 2938.44935307, 0.268096514745
2.52345659314, 1.03770318523, 1.42458817717, 0.976589635047, 2.83000098597, 0.878425262571, 4.8047704459, 1.2600008006, 1.14000000332, 1.25884324644, 2.10109739278, 1.096713832, 3.04000085685, 1.04497557053, 0.822695705379, 1.00000076757, 1.000000399, 1.03575332955, 3.68526088661, 0.933506185357, 1.00000063946, 94.3314355661, 0.906846274432, 5.83283345805, 0.980083603863, 3.29000081164, 1.00000004743, 9386.34061439, 1.07238605898
1.34161712884, 1.10175046711, 1.43909490789, 0.963806120811, 2.83000024144, 1.06721244225, 2.45483251402, 1.2600005476, 1.14000009651, 1.77989586437, 2.56608107118, 1.08596292547, 3.04000070746, 1.02318713919, 0.824642617533, 1.00000031724, 1.00000031969, 1.06561434128, 4.38568954959, 0.934705060781, 1.00000042021, 75.409468251, 0.877265109383, 5.47714614379, 0.980287093177, 3.29000013982, 1.00000086369, 978.772125141, 1.07238605898
1.77454532711, 1.00355783744, 1.38383337479, 0.806067565575, 2.83000040286, 0.912537024998, 2.34155164236, 1.26000091394, 1.14000057311, 2.53976499926, 1.69836176414, 1.04898779628, 3.04000021951, 1.02931490485, 0.882861321027, 1.00000077328, 1.00000015395, 1.05242407643, 3.11185513321, 0.98160956273, 1.0000008037, 76.3124307863, 0.853745331915, 3.87280020991, 0.99185285849, 3.29000088792, 1.00000008708, 6880.05184933, 2.41286863271
1.02395216787, 1.02641749098, 1.34293205547, 0.8463102052, 2.83000073722, 1.08216447372, 2.12416544595, 1.26000062165, 1.14000006702, 2.27754164241, 2.35783043217, 1.04105127272, 3.04000001659, 1.04651967354, 0.902369506748, 1.00000040347, 1.00000044737, 1.03142891442, 3.73403145362, 0.938918865673, 1.00000024837, 106.256076341, 0.844340199509, 4.76066074616, 0.990868554465, 3.29000080772, 1.00000086068, 124547.011285, 2.68096514745
4.26707052085, 1.02115715218, 1.58065765002, 0.814030750589, 2.83000054712, 0.907143044434, 4.5061068963, 1.26000036479, 1.14000017636, 3.49529887685, 2.79663867831, 0.922715979699, 3.04000006112, 1.02453071516, 0.912382709088, 1.00000007118, 1.00000076006, 1.08333081893, 4.25354868037, 0.917668195063, 1.00000039768, 83.1799076163, 1.00361777482, 4.79854947866, 1.03632707458, 3.29000091732, 1.00000075509, 6305.09222911, 5.8981233244
2.27692931975, 1.04798288262, 1.42351680908, 0.967423832089, 2.83000013233, 1.11533692327, 3.61499962296, 1.26000025607, 1.14000026038, 2.87794944097, 2.79310949911, 1.00956951438, 3.04000056677, 1.10872861593, 0.857497808911, 1.00000069824, 1.0000004061, 1.0306897945, 3.98986491523, 0.929705864847, 1.00000054827, 75.2407413025, 0.891828178691, 1.71745556955, 0.96592031754, 3.29000006877, 1.00000053217, 19646.4462735, 2.41286863271
2.70564253865, 1.02143477403, 1.45234430176, 0.92203766308, 2.83000036165, 1.01312789559, 5.38353512565, 1.26000087602, 1.14000032488, 3.53245225259, 2.92425361624, 0.998027887017, 3.0400000015, 1.08133240115, 0.867380355884, 1.00000060925, 1.00000017845, 1.01258077869, 5.24138031463, 0.978308930918, 1.00000084231, 77.7884793345, 0.842053031357, 4.42090141796, 1.03165909765, 3.29000084266, 1.0000007732, 2107.38396137, 2.14477211796
2.06594009328, 1.01299079969, 1.43664655388, 0.935466930511, 2.83000011369, 0.902817276799, 2.79638912804, 1.26000052429, 1.14000072164, 1.91824978538, 3.06441832756, 1.00606548854, 3.0400006252, 1.04249249283, 0.937788255859, 1.00000088407, 1.00000058245, 1.04436463957, 6.78789891866, 0.935980425035, 1.00000072251, 78.6109198647, 1.06773386219, 3.54137261114, 0.953934645143, 3.29000089685, 1.00000017007, 3313.14425647, 5.8981233244
1.24406622132, 1.02591462788, 1.44450611964, 0.989278941475, 2.83000018014, 0.875320296875, 5.03511196367, 1.26000053116, 1.14000000337, 3.18284461139, 2.37195831449, 0.932059645645, 3.0400000006, 1.01728859742, 0.796557940916, 1.00000088189, 1.00000009607, 1.10927938859, 4.59413671155, 0.921107125996, 1.00000017251, 81.3011003763, 0.936322610097, 3.97571090566, 0.970765438942, 3.29000066039, 1.00000075053, 8986.54808336, 1.87667560322
2.49741833176, 1.05083964782, 1.44228815946, 0.982004046384, 2.83000021643, 1.11485645682, 2.0009481739, 1.26000083872, 1.14000014333, 3.05024713457, 1.84335532218, 1.0773875191, 3.04000092632, 1.00925038562, 0.826632854208, 1.00000072746, 1.00000077648, 1.10709081979, 6.75123976691, 0.924845212688, 1.0000008417, 75.4326974751, 1.05792231692, 1.88910786036, 0.972739961675, 3.2900006126, 1.00000042682, 16631.9915966, 5.8981233244
3.1979472651, 1.00915235992, 1.37354278846, 0.880817651206, 2.83000055605, 0.916354343403, 4.18593246574, 1.26000089358, 1.14000018173, 3.42988875988, 2.3199505179, 0.931540216506, 3.04000022451, 1.00796171934, 0.898373784842, 1.00000075376, 1.0000006188, 1.10848072586, 5.05275297611, 0.950785596482, 1.00000012886, 85.7442493766, 0.840376339441, 2.18058462872, 1.05348340971, 3.29000004037, 1.00000088812, 7675.56921982, 0.268096514745
4.0196659635, 1.01796808735, 1.35937500222, 0.968586961146, 2.83000023715, 1.18037822611, 3.19972675874, 1.26000017392, 1.14000012994, 2.17024042438, 2.39366284096, 1.03443763368, 3.04000059805, 1.04223460153, 0.833876393931, 1.0000002246, 1.0000002628, 1.01150790836, 4.51812385884, 0.93325726511, 1.00000057974, 89.7568533656, 0.955962255817, 3.05713854507, 0.966886717607, 3.29000047827, 1.00000072863, 17441.2056143, 0.0
2.09621526026, 1.03792581114, 1.42097071197, 0.987699563955, 2.83000093763, 0.976963101476, 3.96557131438, 1.26000004544, 1.14000086208, 2.04401550104, 3.03574200182, 1.09490912384, 3.04000055741, 1.03719110982, 0.886001820733, 1.00000053561, 1.00000097077, 1.09558028853, 5.93556113542, 0.921372027321, 1.00000068299, 79.7476407154, 1.01879887635, 5.46276268658, 1.04299729352, 3.2900002434, 1.00000029084, 7415.44714527, 2.41286863271
1.59058956085, 1.00407900834, 1.379355414, 0.966098115498, 2.83000071782, 1.01438674366, 4.26662298574, 1.26000046017, 1.14000017793, 2.68172363783, 2.49423860944, 1.07624275491, 3.04000079956, 1.02208183925, 0.80795449579, 1.00000003206, 1.00000006103, 1.02156344773, 3.42832780116, 0.965858851288, 1.00000068775, 103.59796254, 0.857195981053, 4.36452888738, 0.950491868854, 3.29000029647, 1.00000005391, 7734.45430936, 3.75335120643
1.02797914515, 1.06679818252, 1.34126080428, 0.86738069843, 2.83000080644, 0.981951100624, 4.78447934182, 1.26000022847, 1.14000029567, 1.38377027849, 2.91044270617, 1.05361132961, 3.0400000651, 1.06480182386, 0.823140324992, 1.00000028477, 1.00000029652, 1.09117419961, 3.41807713799, 0.924084102268, 1.00000005009, 96.3861412005, 1.02202972973, 4.77460698984, 0.984726689846, 3.29000006869, 1.00000028419, 15972.743538, 4.02144772118
1.65495383131, 1.04086321136, 1.3939897388, 0.871165077643, 2.83000099211, 0.975279413325, 5.79178989106, 1.26000071227, 1.14000010551, 1.64782585621, 3.03797642266, 1.09194296259, 3.04000079033, 1.00263102883, 0.805844842142, 1.00000060394, 1.00000095425, 1.0939889594, 4.72368153391, 0.938003702968, 1.00000022375, 83.251812669, 1.05145131598, 3.98005791783, 1.03406270125, 3.29000001624, 1.00000097462, 20706.8671773, 0.0
