5.21558956342, 1.02291825352, 0.815184946697, 0.830141937842, 6.67957689727, 0.927275307164, 1.50327910035, 1.07069902387, 0.910092392467, 1.42392185745, 1.76041681174, 0.896590545261, 3.75111129658, 1.19390533826, 1.09000041967, 1.08534507855, 1.02442726999, 1.04246647863, 4.25304030052, 0.92330429897, 0.865866712285, 49.2139703262, 0.919155859097, 1.98930422902, 0.9893499331, 3.84544561422, 0.99853754924, 30202.7458425, 2.14477211796
4.86701653744, 1.20844931839, 0.97341942587, 1.19880345636, 3.87623154668, 0.978721255684, 3.12211858643, 1.0654361433, 0.910090095685, 1.25994488373, 3.78640570527, 0.844633370528, 1.86904522846, 1.09539700065, 1.09000009271, 1.07539962411, 1.01966787701, 0.911161172034, 7.49894554779, 0.942916065877, 0.854622593961, 211.301761266, 0.920670340656, 1.18175266771, 0.961009469785, 1.58372554941, 0.993133539753, 1685.71250588, 1.87667560322
5.83736181561, 1.04075169344, 0.856674294808, 1.0109137566, 6.55857547011, 0.934492522496, 3.9648357359, 1.04456682822, 0.903823405428, 4.37270404686, 5.34869269201, 0.930176473162, 1.74913748699, 0.936386871959, 1.09000030058, 1.05920908003, 1.00028796485, 0.942248793994, 6.65272912213, 1.02653527032, 0.917376834726, 142.826700548, 0.919126602551, 3.97044646356, 1.02770034779, 5.10929461035, 1.15064789217, 2773.84895076, 0.804289544236
5.91802575695, 1.12446681921, 1.06701984773, 0.982877120535, 6.50830636657, 0.896291118397, 5.64610591014, 1.08902271291, 0.979818947624, 2.62907993998, 3.13129587486, 0.900762283046, 1.29839037162, 1.21973839793, 1.09000060768, 1.10766004632, 1.00079319241, 1.07311486082, 7.2319772986, 0.997848841399, 0.838246544841, 297.117054382, 0.977240003479, 5.73331836767, 1.03462193225, 2.19203558933, 1.00027583954, 35499.6206653, 1.60857908847
5.94690178484, 1.11365168771, 1.10984902214, 1.2147531082, 5.34537598772, 0.983745374217, 4.59532792535, 0.862672819102, 0.983279887931, 1.69796674296, 4.73188968831, 0.834984090876, 1.67112117738, 1.23008342135, 1.09000093279, 1.09649021731, 1.00164762386, 1.08221744013, 3.72646288734, 0.944565895236, 0.808212621467, 141.815938423, 0.932513712936, 2.20331994881, 1.1229722422, 2.43817691059, 1.20868011982, 1752.84197602, 1.34048257373
3.79004936501, 1.16610738308, 1.05389221254, 1.19690671048, 5.95809258963, 0.945500071497, 4.81041368169, 0.874270918703, 0.937516600095, 1.53659058659, 1.81410246128, 0.882012988983, 2.08658412649, 1.21940125248, 1.09000092126, 1.08879644093, 1.03529554616, 1.13056029431, 7.69649693001, 0.95401481979, 0.873988181596, 75.0172739994, 0.92306106581, 2.07643627348, 1.22969212202, 5.22736420079, 0.964982784981, 11859.7080415, 0.536193029491
5.06004928193, 1.0103471267, 0.801357448563, 1.18794618175, 4.24872387578, 0.876785373932, 3.3327300748, 1.08721932678, 0.976203630074, 1.47247766942, 3.49733279699, 0.942590308669, 1.05755948625, 1.11836916813, 1.09000000164, 1.04158017248, 1.04844543152, 1.01555208483, 7.03387652003, 0.978676431518, 0.856658782537, 95.6788923127, 0.935281121308, 2.5206683525, 1.08983935564, 3.35915704563, 0.918738506198, 25446.8425719, 7.23860589812
4.97161013251, 1.12065767599, 1.03810056403, 0.981956110527, 4.13549380739, 0.759844626638, 3.68309696485, 1.08401764179, 0.906161394605, 2.75788098906, 1.72451187802, 1.00351518976, 3.94409211445, 0.815377784867, 1.09000076122, 1.06839343548, 1.03174853772, 0.892604092066, 4.85350138782, 0.991153885805, 0.938602276179, 59.9050603775, 0.913514370727, 2.08653446969, 0.969209423197, 3.21272964621, 1.24919361725, 30632.2372353, 2.68096514745
2.9838466351, 1.01293677139, 1.00925522911, 1.00071743655, 3.14442140843, 0.872777007329, 2.60566633936, 0.952946607143, 0.954403812151, 2.14807584329, 3.41630064753, 0.84230033605, 2.32153370412, 1.02762968064, 1.09000037533, 1.07597183506, 1.01188739292, 1.21418022569, 5.33248876185, 0.986061583531, 0.968498635645, 26.2169093566, 0.92270869235, 4.24574323716, 0.978189758895, 1.22049967262, 0.960341290453, 2010.48465946, 0.0
1.95948925876, 1.04446558208, 1.06838940256, 0.954923064488, 6.75932174989, 0.873544358503, 5.37337574163, 1.09199926829, 0.925536106074, 1.42860335375, 3.16053668445, 1.08047634866, 1.79018855172, 0.908925444187, 1.09000097265, 1.04491126477, 1.04930074093, 0.886926711959, 4.06238620244, 0.994550436728, 0.79219304054, 123.495844465, 0.976794036317, 1.23159154126, 0.965787902087, 1.58476815924, 0.877942139085, 95096.8912444, 3.75335120643
5.25537213043, 1.07253645546, 0.761283515008, 1.08817596486, 4.06314659986, 0.840404626863, 5.20650717466, 1.08626766524, 0.927215286773, 3.13317413195, 2.50866730761, 0.914342099195, 1.25257777047, 0.934489731432, 1.09000043351, 1.10179446715, 1.02173065622, 0.999610408381, 5.35483583953, 0.986814499851, 0.959586288404, 216.229415949, 0.920725333075, 5.20848996974, 0.950407077973, 2.23911318205, 1.03565827559, 269089.470066, 8.04289544236
3.33358845854, 1.03726762513, 0.975709598797, 1.19627390006, 3.75467892444, 0.97082692665, 5.05399516185, 1.05919312568, 0.98414824567, 2.56489984333, 1.8780329365, 0.935781892508, 1.14878933194, 0.900018016981, 1.09000025678, 1.08522651138, 1.01487562158, 1.03977673003, 3.02281575395, 0.997346722924, 0.841211304386, 122.692358596, 0.960676526318, 4.14985692392, 1.08707133101, 4.15529310643, 0.999310559713, 18923.5975921, 2.68096514745
2.43620475943, 1.09924929769, 0.784594027142, 1.0915403866, 5.59141600437, 0.987343107296, 1.84483913492, 0.88931593783, 0.958870537348, 1.29359694464, 3.11996900064, 1.00667176396, 1.737744569, 1.28888835693, 1.09000053368, 1.07694057708, 1.04834879525, 1.11430550777, 4.5460727407, 0.928860428996, 0.88617604086, 176.881747959, 0.91690569561, 3.90326839936, 0.951892297752, 4.97969174528, 1.12728216991, 28887.4080656, 3.48525469169
3.08378987207, 1.27454588412, 1.05427285902, 1.1426009824, 3.57114320116, 0.92919701861, 1.89617181842, 1.08115243648, 0.931687042884, 1.79893065741, 2.76278433411, 0.897564439374, 1.07465952258, 1.14352316544, 1.0900005335, 1.01288751907, 1.02886783617, 1.12961183985, 6.45782100373, 1.00474412361, 0.825965978558, 291.83044582, 0.968805758237, 1.57087178304, 0.99984995072, 4.67066819972, 0.926507031748, 12483.6909564, 1.87667560322
5.65071861997, 1.02501150879, 0.760760418923, 1.15620415326, 5.77513924727, 0.968445220607, 5.28389312867, 0.915432078898, 0.911314093939, 2.80260799991, 3.97893586383, 1.02173688649, 2.29584934875, 1.1465064474, 1.09000071362, 1.04426167409, 1.02751651992, 0.92686114511, 5.19020158929, 0.980584109826, 0.985281273586, 179.758365438, 0.964333254913, 1.61435883963, 1.04376666995, 4.29314094532, 1.18780085324, 5447.19781686, 3.48525469169
4.1458703121, 1.03524665772, 0.841924760441, 1.09087387576, 5.16002399066, 0.979315276554, 1.04614590878, 0.896261836473, 0.942511943054, 4.20848621876, 2.137663307, 1.04526527057, 4.45704956138, 1.16161813476, 1.09000074516, 1.06932112985, 1.00133324945, 1.14906004145, 4.42422909329, 0.944050907422, 0.933831723075, 102.097392671, 0.95296767853, 4.89148550899, 1.06830037913, 4.04075926257, 1.05860635235, 11438.0462573, 7.77479892761
5.40656819467, 1.07488623682, 1.1038319351, 1.07082717897, 5.54447700595, 0.715262843278, 2.49817998061, 1.07111000805, 0.976365072944, 3.05803334664, 2.07811221006, 1.01027454998, 1.99920444979, 0.915507870165, 1.09000078437, 1.06282307635, 1.01450292916, 1.12466435647, 3.18371945741, 1.02064379729, 0.999466062283, 14.3465942199, 0.994595564187, 5.63318757656, 1.20997784925, 4.82779502138, 0.907857774255, 22467.4799863, 1.60857908847
3.09697136822, 1.02029299137, 0.888404563623, 1.03978588521, 5.1058370237, 0.74640896869, 5.8017769092, 1.04914280268, 0.901853308731, 2.32785371274, 4.63022365709, 1.05523768492, 1.81293900654, 1.03711174845, 1.09000008322, 1.10053336149, 1.00383208642, 1.05861542222, 6.58793940409, 0.933995145279, 0.955434552687, 342.471399573, 0.960550875575, 3.15217593076, 1.1859500113, 4.32913164012, 0.939619912035, 39995.1041032, 3.21715817694
4.2377606457, 1.04906899973, 0.877002875221, 1.02091588831, 4.64152682219, 0.837128767762, 4.31502302227, 1.08689843323, 0.922689906947, 1.66730864926, 2.10653173065, 1.0119528307, 2.90357521297, 0.980241667249, 1.09000023322, 1.04609827538, 1.00669197681, 1.00651506149, 5.41985664508, 1.04072475629, 0.824532566127, 264.903953946, 0.994794311155, 5.47355153107, 1.07123582372, 4.00061582684, 1.04376092329, 83102.7633943, 3.75335120643
4.97256347048, 1.20477474897, 0.733396903531, 0.815676842053, 3.6844829719, 0.994953133035, 3.86333834331, 1.04552551942, 0.901415975, 1.2978880293, 2.53045981557, 0.992779830596, 3.49353153906, 0.888339193574, 1.09000017011, 1.02457975195, 1.02334686211, 0.99057538249, 4.50898720597, 1.06018373232, 0.908689903664, 273.745978138, 0.947056742761, 5.44649158743, 1.08970887696, 4.87177911014, 1.16333918614, 29882.6444014, 1.87667560322
4.43625693643, 1.00325775985, 0.966742733693, 1.15099095055, 4.7948060136, 0.786103955628, 5.84732883639, 1.09734386354, 0.908500016199, 3.65282725974, 2.96655268022, 0.935750901128, 1.98712580475, 1.16632296269, 1.09000083866, 1.02067215718, 1.00085461338, 1.21518304431, 9.28358146352, 0.992880589953, 0.875949093295, 284.306688669, 0.922207575067, 4.67104191385, 1.13368952418, 5.23345845583, 1.22225932898, 15925.5619078, 1.34048257373
4.531545129, 1.22513277397, 0.951161144115, 0.98487541039, 1.97365487178, 0.974372131923, 5.88199890419, 0.924319468826, 0.90692579701, 2.26948816689, 1.86579969164, 0.926865080804, 1.78439496756, 1.17444408884, 1.09000002932, 1.00903823384, 1.04820913369, 0.870100824376, 3.14322633364, 0.947240085315, 0.876030744988, 66.9181935548, 0.931429577266, 4.66257874229, 1.02825750576, 4.63593859698, 1.13592993601, 8065.83996319, 5.36193029491
4.54190365351, 1.00687455647, 0.982875887178, 0.866786273413, 5.39556014682, 0.835317689719, 5.86206589777, 0.901733087119, 0.920470225242, 2.88892526045, 3.75701263558, 1.07417436972, 3.66909135715, 1.13961687493, 1.09000005815, 1.04024759203, 1.03710335814, 0.826582314002, 6.29980163704, 0.938121981087, 0.947422761295, 320.278191931, 0.990268541637, 3.47745918981, 1.04363645811, 4.54929486639, 1.01187616734, 6461.47420639, 6.16621983914
1.6838948858, 1.15437659745, 1.05232854327, 1.16065354094, 4.49511970399, 0.798951144622, 1.69974866018, 0.932135761583, 0.901862374955, 1.67026891774, 1.69033663143, 0.988312904636, 1.21150373444, 1.21758130951, 1.09000036816, 1.10509502222, 1.04544448687, 0.993432386219, 4.94635096845, 1.04321834283, 0.862464689511, 193.178340827, 0.944273847695, 2.24256514298, 1.17514300992, 2.81335630947, 1.12460675352, 46140.6620581, 1.07238605898
5.57962437857, 1.00881158162, 0.760458897313, 1.20865920499, 5.48261682193, 0.905408139777, 2.8334439156, 1.06535210134, 0.924483086118, 3.41837483701, 4.24509598808, 0.927536565048, 1.90174179802, 0.878631173535, 1.09000091098, 1.0890056525, 1.01444197361, 1.17805702184, 3.25837938533, 1.07539809005, 0.856528134733, 34.099878374, 1.09703517606, 5.14996534634, 1.07427949162, 2.7407903462, 1.18125511435, 8339.57340598, 2.14477211796
5.80927349139, 1.23583170369, 0.836421863975, 1.19493902422, 6.84172164477, 0.740338026544, 5.30546434711, 0.844657411072, 0.912848384236, 4.33921943567, 2.89637264215, 0.854397855676, 1.95084656541, 0.910370071422, 1.09000063311, 1.03722001783, 1.01277795966, 1.17611839303, 3.70390091903, 0.930676574688, 0.838408581086, 56.1122770105, 1.04056119421, 1.72179279852, 0.964819709407, 4.88165266727, 1.14892151932, 2864.95843134, 5.36193029491
2.16858855007, 1.05493805749, 1.11368475427, 1.00698431652, 5.74781130427, 0.783825604822, 5.36788595475, 1.01157456341, 0.90071532085, 3.88902161222, 4.56699823191, 0.872043969289, 1.78964150423, 1.13104347412, 1.09000059662, 1.07373920583, 1.04558261645, 1.2231628244, 3.41323784407, 0.911209025499, 0.78620893636, 151.120889876, 1.01422003234, 2.75956291119, 1.04190249941, 3.50701707591, 1.2009690917, 27750.6483649, 5.36193029491
3.88998120639, 1.26523228716, 1.07183301336, 1.06904080876, 3.84974033887, 0.850363589803, 5.50995842779, 0.990337898294, 0.917568329749, 1.71240352556, 3.26728426173, 0.995062979345, 1.72243706124, 0.891497858477, 1.09000083133, 1.06505104575, 1.02270400199, 1.21452004678, 6.78145977628, 1.14772437212, 0.827539439347, 152.71178762, 0.969278703544, 2.64873735304, 0.962019424626, 3.52994710792, 1.14747681678, 64970.6754273, 3.75335120643
3.85107737701, 1.01763167164, 0.961241590159, 1.2044903784, 2.45139832254, 0.762894568827, 4.89726656657, 1.09138570613, 0.958164224382, 5.87352840397, 5.08589704379, 0.994617302734, 1.86991128427, 1.14392163243, 1.09000064901, 1.05841545641, 1.04180484479, 1.06121093189, 5.302772126, 1.00665516443, 0.939023874852, 358.520110074, 0.922306492687, 2.06470749096, 0.977573350169, 5.23602411747, 0.994298362932, 5062.69113629, 2.14477211796
5.02670231573, 1.06918514686, 1.03720254732, 1.11623307754, 5.79366674038, 0.988858928936, 5.52737465404, 1.0897782198, 0.936129086927, 2.51784582618, 1.78619241561, 1.00059866938, 1.04501098034, 1.21854518226, 1.09000044745, 1.03804237842, 1.03731742859, 1.19828776865, 4.7914550563, 0.945265836604, 0.949085145037, 337.803508405, 0.9380857644, 2.51019809068, 1.21311416963, 1.23711463211, 1.1309641363, 1681.62357156, 1.07238605898
3.06592582778, 1.02287964646, 0.881340257847, 1.17686017461, 3.27868754044, 0.977502406204, 4.91768712107, 0.855517460737, 0.904770840208, 2.74631105581, 1.64657098356, 1.01548563685, 2.0240636772, 0.892349960901, 1.09000023461, 1.0820289662, 1.03534106223, 1.09614508921, 9.15246970771, 0.992846529641, 0.76822951545, 264.524856318, 0.997125658606, 1.4007095025, 1.00234568122, 4.16363923436, 0.967766603853, 3379.34108652, 3.48525469169
5.5831021318, 1.15926184376, 0.945039085879, 1.07883179049, 2.66598014603, 0.961669779712, 3.02690691905, 0.985590002677, 0.921876390559, 2.30580648036, 2.42990329452, 1.09787025594, 1.22881488317, 0.959087429662, 1.09000054674, 1.06020801703, 1.01727374671, 0.831434183586, 3.11019013339, 1.13185899028, 0.790637460173, 290.18413555, 0.922094431071, 4.83706864814, 1.11571718334, 1.1305184954, 1.10075746553, 70724.2546918, 3.48525469169
5.21400843415, 1.08490036154, 1.07044594175, 1.09992594756, 2.22670419072, 0.754562803399, 1.6312582089, 1.08186808295, 0.908307358324, 4.35740709703, 4.79725524851, 0.901813482766, 1.36176584138, 0.835601149509, 1.09000092155, 1.03782068276, 1.0473159672, 1.11975235826, 3.39495976444, 1.08953512059, 0.893273813577, 43.3491964982, 0.920671458773, 3.23751893251, 1.04836957268, 1.38742890475, 1.1888581595, 72257.0464847, 3.48525469169
2.81182361294, 1.19103822833, 0.768458433674, 1.20513320208, 5.79842899073, 0.981878081117, 4.98600657979, 0.981958820216, 0.928975319253, 1.59892875289, 4.06353815499, 0.813201805583, 4.73510235085, 0.868075333612, 1.09000019852, 1.05088920197, 1.02759427026, 1.09708268244, 4.0213722533, 1.04203469827, 0.992072336635, 252.392719755, 1.03318605877, 3.45892996956, 1.02061337506, 4.8355897859, 0.962465682706, 2278.66133512, 0.536193029491
1.96041393499, 1.01427797858, 0.783435739349, 1.08491462612, 3.70020357833, 0.970845580729, 5.77187147309, 1.02033351698, 0.938212270446, 3.30083687769, 2.59368824856, 0.878730702498, 1.74206977249, 0.84636572146, 1.09000034748, 1.06967843461, 1.0298509601, 0.963437735672, 3.63030759121, 0.958256259598, 0.968217531708, 185.759622053, 0.984399776442, 5.85029769798, 0.981600348143, 2.71927477413, 0.906920754637, 57081.4886177, 2.9490616622
2.19266634756, 1.24693284793, 0.824939862616, 1.16644856396, 4.29825713702, 0.852678430555, 5.95337978837, 0.950185963022, 0.925597489566, 2.55892566159, 2.95873428977, 0.887715745779, 4.12506464722, 1.15228025194, 1.09000022849, 1.03654306133, 1.04298262186, 1.21564492126, 4.57062530642, 0.947053152326, 0.948761312588, 133.725834735, 0.932416513465, 3.4326320117, 1.07349847107, 4.78537830395, 0.950224372284, 527.879069208, 1.34048257373
4.72299902911, 1.10753893658, 1.14127600767, 1.15390094259, 2.91202061969, 0.89260855983, 1.62394274493, 1.09336518614, 0.923308242745, 1.55566202568, 2.11732568589, 1.09699201039, 3.2416149068, 1.08038394183, 1.0900003787, 1.04845059001, 1.01521493394, 1.14267964253, 6.52427783042, 0.924245095652, 0.846021263622, 357.837604128, 1.09291633898, 1.51247770264, 1.16830608444, 4.37297968958, 1.09539852695, 195.73000328, 2.14477211796
5.41744431607, 1.10517604574, 0.853695624376, 0.951681443348, 3.78693768217, 0.901400658434, 4.67423370715, 0.825828294343, 0.943122955662, 2.67528574678, 3.10592046791, 0.86650798456, 2.64936191498, 1.05439172854, 1.09000021943, 1.004899451, 1.03837927131, 1.17775795828, 3.91256010813, 0.943474734576, 0.881365227136, 254.238262797, 1.06345460508, 1.16718348427, 1.10099768515, 5.2892240646, 1.12411468638, 8208.56806556, 0.804289544236
3.9394352245, 1.0775564895, 1.12769223919, 1.20537970871, 6.63521512502, 0.720095282371, 3.3838520909, 1.06671071562, 0.929605490449, 1.77237927898, 2.8644241359, 0.823688001574, 1.39739304141, 1.22285213475, 1.09000072271, 1.03321508003, 1.0216118358, 1.00121226366, 5.85721621338, 1.03308384447, 0.999287237445, 379.709497741, 1.0265148574, 4.97021100012, 1.10923140649, 4.02821554461, 1.28951183367, 44641.6463387, 2.14477211796
2.60213423893, 1.08327026993, 0.918173171988, 1.14369419214, 6.7442596149, 0.780766904315, 3.57946427083, 0.927023210631, 0.927465508516, 3.50786592194, 1.76601317513, 0.922594157649, 4.82682196058, 0.909947625506, 1.09000084309, 1.00834826554, 1.03610073951, 1.05261610864, 3.72266595328, 0.999194875481, 0.875847872985, 40.9053424171, 0.954912330268, 4.11286616919, 1.22063698415, 4.00965775103, 0.928529551634, 11262.5999585, 2.14477211796
4.43392217871, 1.03050623113, 0.935350039581, 1.18222651719, 4.65505497133, 0.923127740611, 2.35666244434, 0.95703770566, 0.947400543801, 1.53001247532, 4.58690293185, 0.992142300645, 1.64101141137, 0.851147305658, 1.09000027056, 1.05340281611, 1.01839297223, 1.22016320998, 5.26280278652, 1.07302485814, 0.921921994226, 259.199062838, 1.02687203615, 2.3448848591, 1.1919271583, 5.4119639267, 1.13078476038, 17744.3643588, 3.75335120643
2.06433159623, 1.02867224348, 0.978428839868, 1.12773397958, 2.13801616924, 0.933033202283, 4.39908507149, 0.91836980528, 0.909442915723, 3.73026559244, 1.92706269745, 0.914157755658, 1.51078948438, 1.01187334546, 1.09000092211, 1.00543818087, 1.01802791075, 0.946855374406, 3.37143403608, 1.12734952396, 0.920828114097, 63.5507201313, 0.91034933667, 5.08487226632, 1.07318465336, 4.51633221277, 1.17342889715, 36774.3799839, 2.41286863271
4.57044953174, 1.07612583464, 0.75636359723, 1.18864353991, 2.66201326799, 0.905785891602, 5.28376645332, 1.00415457927, 0.930414851194, 4.55902739358, 2.46264120761, 0.897711513531, 1.84843588559, 0.872094240062, 1.09000014551, 1.04490599471, 1.03256257908, 0.867070173236, 6.5881234024, 1.00563603339, 0.870238104808, 310.678156219, 0.993623086358, 3.32616410707, 0.982224231555, 1.64001687021, 0.890014982504, 8432.58079582, 1.87667560322
2.77367222402, 1.05593761014, 1.13203276827, 0.876951188572, 5.54636589003, 0.914257141248, 2.85975545144, 0.943689679933, 0.906811433182, 1.80811051292, 2.94293774065, 1.09141862019, 2.5197739277, 1.12740344345, 1.09000066172, 1.06622113019, 1.01699977362, 1.06893916579, 4.91741798947, 0.932236130739, 0.766629535145, 334.446735012, 1.02634992891, 4.31448623936, 1.09384805553, 1.04178103155, 1.09129740124, 42506.9421873, 2.41286863271
5.70416062981, 1.07367367633, 1.15436648792, 0.9530821915, 7.03485226602, 0.737103262519, 4.2513073076, 0.994383364542, 0.907806220774, 3.09896817709, 3.1170733079, 0.992329651463, 3.42600107996, 1.27599779829, 1.09000096085, 1.02060900183, 1.02859141693, 1.0814779911, 4.32064992046, 0.95393156292, 0.992145042699, 276.264946388, 1.03788375531, 5.25789467588, 0.95708253001, 1.54196080233, 1.12593741765, 23510.8622173, 5.8981233244
3.7530702988, 1.09335658629, 1.05647495776, 1.10374518371, 3.87644489701, 0.930195299918, 5.94850079046, 1.05425464102, 0.904952376072, 6.05978270983, 1.63318641618, 1.04565028696, 2.04818637794, 0.910557542261, 1.09000026051, 1.08424410901, 1.00940429207, 0.967712503474, 7.60842002186, 0.954239604097, 0.882315840819, 271.582950127, 0.945149058503, 4.50197336799, 1.21185049315, 3.54625622276, 1.26049799384, 10074.5626334, 1.07238605898
2.42056203597, 1.11136277566, 1.13100998856, 0.924639456671, 2.18476348635, 0.928643678159, 5.88296034601, 0.917996650536, 0.956232518078, 2.91071015794, 2.22854543889, 0.922140085173, 2.48510829231, 0.871889706518, 1.09000048755, 1.06134960496, 1.03573866976, 1.21700424356, 6.16472807523, 1.06717859375, 0.807158836342, 146.910931421, 0.91615601674, 4.88459448994, 1.02060287416, 3.34101555118, 1.21077374291, 43122.1560728, 3.48525469169
4.32793782598, 1.27538132493, 1.07023045887, 1.20699354166, 5.16442643072, 0.876905610602, 5.17171554586, 0.941678860582, 0.902638356764, 1.43391270746, 2.31954027255, 1.0517296529, 1.62202127068, 1.28844387192, 1.09000005449, 1.09965084183, 1.03264369143, 1.1376710405, 3.07601922479, 1.04859201469, 0.894527433167, 260.655826681, 1.02233570565, 5.72807418343, 1.02976290318, 5.43384828988, 1.10625430244, 2150.00596231, 0.804289544236
1.07124364565, 1.22589035623, 1.07073239192, 1.20257838515, 5.69556419418, 0.881013534552, 5.61210328147, 1.02317674164, 0.998119944376, 4.01135292042, 2.44041337349, 1.03275926407, 1.30641502782, 0.902153635167, 1.09000069158, 1.09055011699, 1.04216201155, 1.12372857563, 5.80627969168, 1.03563246628, 0.781428740997, 50.9018323316, 0.938796660303, 5.50189994394, 1.02698115637, 2.40546348357, 0.975906903072, 18990.1781066, 5.09383378016
1.34495480128, 1.03215182749, 1.01739487837, 1.19540148311, 2.39948582023, 0.875074129219, 4.51539021604, 1.09079457231, 0.940290489852, 1.2577532064, 2.28513656773, 0.893758499084, 2.67979833426, 1.22394307478, 1.09000068123, 1.01281927708, 1.02347982491, 1.03221862476, 3.56667000157, 0.917534429868, 0.79272312819, 206.290931482, 1.04952150946, 4.67894229548, 1.00213800065, 4.44117371653, 1.29483071422, 3091.6613203, 3.21715817694
2.26246485787, 1.01594082261, 0.955899591189, 1.18412822829, 5.93233080205, 0.779868768613, 4.2987734882, 0.967898179936, 0.923737979086, 3.84553985945, 3.6634625056, 1.0761123804, 1.9506243028, 1.19221756073, 1.09000070044, 1.03508385923, 1.04728918161, 1.01747186846, 3.05779829053, 0.93553841729, 0.853907456194, 345.883165241, 0.930920595881, 1.76340200253, 1.09554480265, 3.74956516796, 1.00067286317, 1484.07008247, 0.804289544236
5.50663786289, 1.01926689662, 1.12810812422, 1.12546890897, 4.45640452641, 0.955368644126, 3.32629315524, 1.06551327672, 0.918757940955, 5.78774081205, 2.13541639819, 0.889775907338, 4.44626100066, 0.97813228805, 1.09000050464, 1.01854752934, 1.0440797702, 1.03200394636, 7.78929596738, 1.09532674042, 0.932950820857, 326.508482397, 0.980670581353, 4.38223255927, 1.13646826107, 2.55815834453, 1.19353260483, 5685.22379088, 3.21715817694
1.26183333194, 1.13940165588, 0.79810033691, 1.18464517449, 4.63307240892, 0.850767714944, 5.53141255521, 1.04778653526, 0.904210334851, 1.66378095538, 2.97325618621, 0.992479636478, 4.54733330394, 1.03267689171, 1.09000038615, 1.02682319777, 1.04207817667, 1.01323320435, 4.93648665613, 1.00330683441, 0.882667604538, 239.327461497, 0.928196734506, 4.210368512, 1.15044443968, 4.18942420647, 0.969234974771, 3879.80468862, 0.0
1.51393527567, 1.10716529143, 0.959106105106, 1.19398392564, 6.23567006495, 0.734311858616, 3.8600068429, 0.919405198697, 0.949096892156, 4.20086509018, 2.48663790787, 0.877108797016, 2.0874187016, 1.20386682807, 1.09000015147, 1.07332539612, 1.0449634629, 1.09988103812, 5.27745534205, 0.910678236288, 0.906439121158, 376.226557982, 0.946292238158, 3.12046404664, 1.15635723436, 4.52319137083, 1.06892360389, 2303.54118609, 2.68096514745
2.35102495556, 1.35627735895, 0.935207535949, 1.21453394838, 6.05838189456, 0.729546706315, 2.51391198845, 0.961623569364, 0.930100846433, 2.1931524151, 1.70910391368, 1.09444191215, 1.89556142012, 0.812192935344, 1.09000028083, 1.07775294252, 1.01203430542, 1.21215602311, 9.77120418351, 1.11362755978, 0.880205842562, 349.841722123, 0.934298445874, 1.50677177736, 1.0855889897, 5.29242724576, 1.13949722445, 712.898667019, 1.34048257373
2.33796967671, 1.20596693954, 1.13994082818, 1.04203324399, 2.16533762081, 0.742865498439, 3.26833556547, 1.0299329589, 0.914149746859, 2.52589543087, 2.61405017885, 1.0419390461, 1.41894172708, 1.05831571179, 1.09000056143, 1.05706642259, 1.0398497237, 1.15492973732, 7.40717376759, 1.0713516491, 0.923327774268, 250.84566793, 0.915315211915, 4.47486576296, 1.06697608792, 3.57187938273, 1.00583706297, 60508.1800817, 2.14477211796
4.57666880819, 1.19791005194, 0.814586570654, 1.19979012495, 4.4574553976, 0.97284828756, 4.9040589797, 0.957161977724, 0.994524574011, 2.3673229321, 1.71909407358, 0.961399833407, 2.31179939344, 0.816999437408, 1.09000084346, 1.03585298903, 1.04477312048, 0.902492909107, 8.16532574397, 1.0789876667, 0.764972230749, 325.061798757, 0.932369762837, 5.61517468125, 1.09177850329, 2.76648399922, 1.03774674757, 7907.51770198, 1.60857908847
3.55635355483, 1.11067279406, 0.897652219251, 0.894259360074, 2.15263475138, 0.956113202201, 3.43790993727, 1.09767883728, 0.90628011933, 5.48633587337, 2.38714078865, 1.01408201573, 3.24758771712, 0.913395053609, 1.09000052878, 1.00409033697, 1.04435250727, 0.991701873998, 3.34834531039, 0.989912686961, 0.924662111631, 286.702026228, 0.989348266851, 5.79933596334, 1.12193685179, 5.12247876532, 0.876672552691, 8074.26655868, 5.36193029491
2.39342655042, 1.08551842581, 0.790514847023, 1.20393772765, 2.84677545077, 0.803465953325, 4.75757995264, 1.05662133615, 0.906819104879, 3.57540872485, 2.53264417738, 0.976013723895, 3.94343078022, 0.998904477954, 1.09000037366, 1.0586533102, 1.04154248162, 1.11266126967, 6.20384996207, 0.962514898326, 0.7646544016, 164.757078365, 0.984395876841, 4.61901612466, 1.08216215825, 4.77745662353, 1.25545406054, 4649.03206866, 2.14477211796
4.44978790532, 1.07563516193, 1.13236361555, 1.11773858894, 3.16921670605, 0.906005358221, 5.12706814997, 1.02961427453, 0.903783063986, 3.73324191819, 5.23957094883, 1.06036170414, 1.69728319732, 0.989976744144, 1.09000024785, 1.05214619563, 1.02025421463, 1.08628802567, 3.44678303764, 1.09927583593, 0.980970753735, 39.8709350795, 1.08915973521, 4.60809711779, 0.988324532549, 3.50922379505, 1.19685003249, 10784.5664347, 8.3109919571
4.97858457187, 1.06427405969, 0.888938921397, 1.10573276371, 4.30975227475, 0.851999327376, 4.45130383997, 0.898094146897, 0.932946878536, 1.97839303599, 4.27008449075, 1.09334869595, 1.58273832061, 0.872728279185, 1.090000528, 1.01680123364, 1.00256321462, 0.998927349057, 8.78104741917, 1.04969938245, 0.948299445897, 378.821146125, 0.952725037083, 3.59833696183, 1.08325263328, 4.3471766294, 1.20204812957, 8486.54514423, 2.41286863271
5.67438257823, 1.19423960066, 1.06141390638, 1.19527125087, 2.42264633758, 0.787619613536, 3.57639355393, 1.05269329144, 0.920946937337, 2.29895242556, 2.55071126136, 1.07778024001, 4.55022691136, 0.815662770261, 1.0900005111, 1.0782683006, 1.02254877946, 0.942775592012, 7.41124284872, 0.932273987281, 0.967591032287, 204.916269952, 0.966380981908, 5.14490333365, 1.23813091227, 3.47076576828, 1.23900509158, 5170.54233002, 2.41286863271
2.95930133522, 1.22856267984, 0.96193057322, 1.20429597045, 2.0214301796, 0.880462218397, 5.42857279796, 0.947579304676, 0.910022210676, 3.77389456616, 2.66828583345, 0.90210085877, 1.06269650623, 0.939425471503, 1.09000018366, 1.07947781524, 1.01821167675, 1.18866269212, 5.57301873838, 1.10921677972, 0.97830902753, 45.4796010352, 0.919450970311, 5.35621707343, 1.16908499348, 2.37943170272, 1.1522837192, 3347.30354727, 0.536193029491
4.21708682974, 1.31580378541, 1.10488207447, 1.03415319048, 2.40963259682, 0.92740334345, 5.69851050334, 1.08022129614, 0.919136891063, 5.34619340644, 1.94309333885, 1.02181262962, 1.8168231174, 1.0713580724, 1.09000028739, 1.03660356538, 1.04792378918, 1.13393543897, 7.25011854431, 0.973470865216, 0.906440247439, 249.421662919, 1.00572804942, 4.80202422546, 1.05062463032, 4.57388528713, 1.05595970658, 6972.78519638, 1.07238605898
1.98437288134, 1.25721757887, 0.932665963736, 1.18852044449, 3.82168342333, 0.974663817938, 2.34259310658, 0.919120174264, 0.935928024771, 2.73682639862, 3.15438490723, 1.0321426989, 2.40842957051, 1.12157911756, 1.09000086302, 1.09816417464, 1.01955655582, 1.20950061917, 5.27903929982, 1.06144895177, 0.906924466142, 371.886014981, 0.956321224167, 4.76692506887, 1.11032673296, 5.04754398799, 1.28756622765, 49411.2290087, 0.536193029491
3.35035041566, 1.29825553333, 0.931963158339, 0.986134701531, 5.75473073082, 0.73954377751, 2.99551419397, 0.981901539466, 0.906036396584, 1.29053153062, 4.15963239048, 1.02707685299, 1.89129159246, 0.910696920221, 1.0900005074, 1.0260084092, 1.03344827081, 1.20007467343, 8.1113986762, 0.921264237565, 0.859456355124, 364.04089827, 1.01872802381, 4.20490037229, 0.990951586132, 5.24845203084, 1.14361752752, 56067.4710805, 1.60857908847
4.53711566386, 1.34332331296, 1.06363192696, 1.11755089923, 2.48842292114, 0.928541546221, 5.73845733147, 1.01296330659, 0.966606772488, 1.53077859362, 2.54833932369, 1.04819041633, 2.3148288628, 0.9194076373, 1.09000051863, 1.00347839827, 1.03512876511, 1.13426333999, 7.36994990104, 0.997963910188, 0.816650017184, 189.800203081, 1.05491113281, 4.31725438151, 1.02305198783, 5.41112502356, 1.08540218142, 377.354743413, 0.268096514745
3.412903095, 1.07774085099, 1.04649051798, 1.09409380751, 5.28560423985, 0.985455663245, 5.68428507233, 0.859441335846, 0.909383714984, 1.93674536927, 3.31147888105, 1.05878482187, 4.33863819601, 0.918572231586, 1.09000078015, 1.03858645638, 1.03823583756, 1.09600540222, 7.83850252461, 1.01393989376, 0.911120506037, 239.838645538, 1.0101455515, 4.41633056857, 1.13901699942, 5.00612637211, 1.12723710519, 47847.1220203, 6.97050938338
4.29104788264, 1.41155753627, 1.09307692875, 1.15108819377, 2.60196814459, 0.936269328782, 5.06110468541, 1.04140997044, 0.924741654192, 1.73490207459, 2.94787393006, 1.03952744576, 1.20960383369, 0.93637607981, 1.09000029094, 1.01325664456, 1.01382871975, 1.18658286661, 5.60050189633, 1.09524834845, 0.944064658512, 43.1968628172, 1.09718723508, 5.6841442361, 1.00650921662, 3.90700950417, 0.885771153806, 24500.0239531, 2.14477211796
3.30511701574, 1.1016670001, 0.819530908398, 1.12868133777, 5.54546345293, 0.910181599406, 4.76617537198, 1.05637274737, 0.943749893097, 4.22363779004, 3.17475925468, 0.922583069092, 3.34721441704, 0.914057619935, 1.09000033746, 1.02220307654, 1.03546313972, 1.22267226186, 5.29981620211, 1.02391769272, 0.984586700392, 344.93815999, 0.965818382643, 5.04190219505, 1.06502360117, 3.77936990458, 1.18894958051, 26507.6600889, 1.87667560322
2.32587345128, 1.10551223176, 1.05606785096, 1.18550604136, 2.43335808889, 0.992199350422, 3.47382125061, 0.867934703681, 0.912877248881, 2.2374811206, 2.26052502152, 1.05548628241, 3.55281496975, 0.837071985418, 1.09000092773, 1.05816351958, 1.00100576572, 0.895958151363, 7.1988902408, 0.973248824625, 0.892276944569, 209.133248311, 0.985598506093, 5.67090118909, 1.23110303016, 3.8489741157, 1.16856527106, 27712.7459568, 6.97050938338
3.74781935373, 1.28642789328, 0.89057587496, 1.1570415896, 5.19078711171, 0.802983211797, 5.17156707185, 0.963384066094, 0.990688005644, 1.77589672648, 3.10398366142, 1.06122999043, 1.4589246639, 1.17553915253, 1.09000028364, 1.02047916971, 1.04137161817, 1.05975254984, 6.28227549412, 0.993921088932, 0.943899191512, 390.344104019, 0.984394825878, 5.59744201277, 0.970280962596, 3.66778781132, 0.912880983427, 14355.6423806, 0.804289544236
2.58106221476, 1.05159437065, 1.1253711647, 0.87613689137, 4.83856859535, 0.907567174814, 4.73433987028, 0.956329210915, 0.926356215588, 2.96309057956, 2.51694279623, 1.02699526766, 1.34760832117, 0.823128767933, 1.09000084311, 1.04310359936, 1.01310755098, 1.09576446704, 5.37619531533, 1.05093111995, 0.9710163723, 340.180017188, 1.05252743706, 4.78307135245, 1.09430557853, 3.37064415596, 1.21962156228, 870.1709362, 0.0
1.10244893705, 1.12363780981, 1.02238691351, 1.14712845614, 5.14677468497, 0.784993633435, 3.17466585858, 1.00697080536, 0.918430816662, 4.06389412568, 1.59534379259, 1.00576700392, 4.57050004757, 0.82436389884, 1.09000024093, 1.03836688458, 1.01762782023, 1.15939746121, 5.31054166509, 0.940057641975, 0.91761364898, 387.535483203, 0.914322519141, 4.92691377651, 0.959834521649, 3.02397396156, 1.00246860806, 16457.0328847, 5.36193029491
1.54288583454, 1.06071064426, 1.14404680479, 1.16027534755, 3.87816747603, 0.930984616283, 4.80120060366, 0.983283946289, 0.902755093171, 3.93364850155, 2.43791555111, 0.827995312388, 1.16100075379, 1.0001935618, 1.09000061196, 1.05473620445, 1.03739145339, 1.15680598147, 3.91390276266, 0.97674191344, 0.894698613542, 340.290970806, 1.07162041344, 4.34488889075, 1.12069800901, 1.45893146733, 1.0731155943, 6364.72874103, 5.36193029491
1.53314595572, 1.0109751933, 0.815220110185, 1.11457760211, 2.4047693939, 0.810497655217, 3.56024239752, 0.942331916463, 0.903766402037, 3.22765865654, 1.7991782496, 1.05826783902, 3.98634209619, 0.858982953763, 1.09000081964, 1.03919787776, 1.04069406535, 1.10218824471, 3.2431134496, 1.09306180436, 0.857370022825, 202.055572799, 1.02523571915, 3.59199421301, 0.952282197625, 2.359510842, 1.15674506124, 38105.3546418, 8.8471849866
1.27797471356, 1.15394611381, 1.16252169833, 1.16734570422, 3.44255316541, 0.791618723512, 3.3926358669, 0.950632643863, 0.950984601304, 2.54370933252, 3.51931151403, 1.04465291093, 1.2764439181, 0.913078210252, 1.09000053612, 1.01884000322, 1.02890074752, 1.21128125318, 3.02494168824, 0.948370527486, 0.942640598228, 270.035235969, 1.05045746609, 4.7873978345, 1.01511659351, 2.75467782616, 1.25137334922, 10859.9012374, 1.87667560322
1.65234977519, 1.19662208096, 0.832459964922, 1.12596110106, 4.19290954945, 0.831598230856, 2.53470885126, 0.858409217907, 0.904661443181, 3.34381982392, 2.1070501265, 1.09693501446, 3.83020648027, 0.891952306917, 1.09000024371, 1.00463646393, 1.04958140835, 1.22775740271, 3.01508746295, 0.917217861454, 0.930204601641, 362.604938611, 1.13038697244, 5.44275750843, 1.07380123501, 1.42101801479, 1.19521935702, 9171.90152124, 2.68096514745
