2.29160142936, 1.04299427665, 1.46726688617, 0.960973842002, 2.83000046111, 1.16733652079, 4.36419728444, 1.26000019945, 1.14000056622, 1.55169558293, 1.58478371825, 0.944871113477, 3.04000019988, 1.0703922337, 1.08953548049, 1.00000079371, 1.00000031252, 1.10347855423, 4.93527962826, 0.938153745179, 1.00000095438, 95.8927894907, 0.90947551604, 2.14604437765, 0.996031190436, 3.29000030745, 1.00000060948, 25684.8112278, 0.536193029491
5.36243468483, 1.0838425349, 1.66976604325, 0.926394245245, 2.83000019905, 1.07526068315, 4.28801878466, 1.26000043332, 1.14000098743, 1.3681725384, 1.81078265759, 0.950354280031, 3.04000029564, 1.11149871978, 1.07444014678, 1.00000093671, 1.00000024452, 1.10549697205, 4.19719819275, 0.950678946391, 1.00000098037, 108.684099245, 1.03916459722, 3.90684001684, 1.06136224026, 3.29000076451, 1.00000039072, 482.143134267, 2.68096514745
1.67221183866, 1.0326933434, 1.48295636364, 0.978408522484, 2.83000036553, 1.09756060957, 3.26740881319, 1.26000081878, 1.1400004181, 1.67358298093, 1.64387600944, 1.03900589385, 3.0400000645, 1.09807409193, 0.94142732055, 1.00000082834, 1.00000082031, 1.10281232121, 3.42693559264, 0.99944411952, 1.00000046581, 123.298630174, 0.953075835948, 3.61441471232, 1.01838224977, 3.29000046782, 1.00000051943, 5707.38944536, 0.536193029491
2.05279875418, 1.08937303005, 1.65353570491, 0.958195718728, 2.83000098786, 1.11864412431, 4.41853529158, 1.26000066132, 1.14000089703, 1.28126942474, 1.66252887526, 0.97098115515, 3.04000083257, 1.08254708999, 1.02045592921, 1.00000053914, 1.00000074426, 1.0944790046, 4.76322990416, 0.921326579013, 1.00000081372, 103.979276475, 1.00328672863, 3.86969086979, 1.0477552622, 3.29000097509, 1.00000063637, 34219.7502162, 1.07238605898
5.35540459852, 1.11223734886, 1.55405371937, 0.88707893069, 2.83000055342, 1.15251543973, 3.15844477501, 1.26000030221, 1.14000064553, 1.56900335584, 2.04158671622, 0.964182167984, 3.04000049513, 1.1115317785, 1.07491371453, 1.0000009334, 1.00000094462, 1.07208511183, 7.09551005488, 0.972077421974, 1.00000077479, 122.884729778, 1.04066586387, 2.20195200754, 0.957242268594, 3.29000036844, 1.00000058848, 9486.01505443, 3.21715817694
2.09547814939, 1.03362122009, 1.6267262787, 0.960983012498, 2.83000068099, 1.17785443727, 3.74055569859, 1.26000021119, 1.14000096287, 1.48196761394, 2.10779806439, 0.967712659895, 3.04000028438, 1.09525481354, 0.993909970355, 1.00000095243, 1.00000082972, 1.09532171256, 3.13208669935, 0.940224296818, 1.00000009587, 102.624523054, 1.08405370259, 4.98748628664, 1.00790004023, 3.29000032053, 1.00000037762, 15289.8907938, 5.8981233244
4.11919339037, 1.11071621995, 1.5548342873, 0.967068275859, 2.83000045153, 1.09326372529, 3.52390708145, 1.26000083365, 1.14000064605, 2.80797260629, 2.19950917412, 0.947826525023, 3.04000032235, 1.09356729239, 1.06147280696, 1.00000064877, 1.00000098304, 1.10158546225, 9.03779864038, 0.989892925381, 1.00000096295, 105.575624398, 0.987368925989, 2.83791160172, 1.03277447585, 3.29000045008, 1.00000037863, 937.928097126, 0.0
3.63940097012, 1.00220960318, 1.68257370818, 0.879547452711, 2.83000043847, 1.16908172296, 1.95032627853, 1.26000044689, 1.14000087276, 1.47457874959, 1.58963914642, 0.985910562909, 3.0400002903, 1.11336237394, 1.05396815401, 1.00000062209, 1.0000007532, 1.10621058211, 8.20906752719, 0.964570899519, 1.00000062971, 105.088648804, 1.08344148875, 4.05207756373, 1.04327305811, 3.29000007037, 1.00000029206, 2804.38220346, 2.41286863271
4.11883125164, 1.08247911323, 1.65742183724, 0.84144530073, 2.83000089346, 1.0956586759, 1.80294515656, 1.26000090104, 1.14000095528, 2.28259727947, 1.60364179834, 0.999634433151, 3.04000093368, 1.06633788315, 1.07788476495, 1.00000039195, 1.00000043807, 1.10436254729, 5.07037117563, 0.970684521779, 1.00000014925, 102.681531438, 1.03513113829, 4.98067408242, 0.976603785625, 3.29000020754, 1.00000012636, 20676.7103073, 2.68096514745
5.92377401217, 1.06554324726, 1.68364866532, 0.93090983608, 2.83000044256, 1.18729688182, 5.67404862269, 1.2600005185, 1.14000081126, 2.69951391623, 1.96483986894, 1.0036562356, 3.04000055021, 1.06527140634, 1.07580969486, 1.00000052238, 1.00000010908, 1.08788136818, 9.2827440784, 0.964190836882, 1.00000084307, 104.272735741, 0.953613529913, 3.73981505606, 1.02811127037, 3.29000061018, 1.00000065172, 13716.4045835, 0.804289544236
1.26300524965, 1.04063579508, 1.6835122394, 0.942431939388, 2.83000039782, 1.09586729293, 3.56168377551, 1.26000053816, 1.1400008709, 1.35156764673, 1.70445503678, 1.02413628424, 3.04000083662, 1.05969558526, 1.01883961173, 1.00000078306, 1.00000033917, 1.08702241589, 9.16173089449, 0.944079815234, 1.00000056711, 92.9140359636, 0.979133311308, 4.71259303136, 1.00419186305, 3.2900008915, 1.00000027854, 583.332217475, 2.41286863271
1.05891532963, 1.08849413822, 1.62419059051, 0.908904626523, 2.83000027184, 1.04217734466, 5.64758759163, 1.26000058259, 1.14000028433, 2.63353276065, 2.72301850302, 0.961346774659, 3.04000088822, 1.11727065056, 1.0801694413, 1.00000078909, 1.00000092739, 1.0963434425, 6.53044691416, 0.996243247869, 1.00000072347, 113.426863578, 1.06142621788, 2.27538136701, 1.06354566386, 3.29000039222, 1.00000079882, 11474.7172387, 4.55764075067
2.35020606772, 1.02446709008, 1.7369917617, 0.915038728158, 2.83000004931, 1.13849651346, 1.92827358962, 1.26000033742, 1.14000089631, 1.38176533006, 2.48580905761, 1.0275286836, 3.04000030795, 1.05652940614, 1.04472863793, 1.00000099944, 1.00000007656, 1.10049527912, 9.40242957473, 0.946052618456, 1.00000078484, 112.643947311, 1.00456817272, 1.7439795727, 1.04820578859, 3.2900000125, 1.00000023013, 102531.591969, 4.82573726542
1.93953344894, 1.00810031798, 1.65828476299, 0.970956385263, 2.83000069539, 1.0341369489, 5.75474882244, 1.26000053478, 1.14000042393, 1.72101348552, 2.18746766622, 1.07733798204, 3.04000083178, 1.03763605497, 1.08880061898, 1.00000025904, 1.00000001002, 1.10309266647, 6.63845088283, 0.932252269817, 1.00000007103, 109.726897252, 0.998888875897, 5.92147674888, 1.05883851234, 3.2900001749, 1.00000078245, 6892.96580131, 0.268096514745
1.27740560271, 1.07623367298, 1.72715634543, 0.954459419078, 2.83000054139, 1.06587130214, 1.27666907403, 1.26000034634, 1.14000041977, 3.01537279401, 1.72130040181, 1.00042479204, 3.0400002807, 1.05897291104, 1.05764537542, 1.00000036446, 1.00000025878, 1.09623898737, 9.1862357355, 0.943013079259, 1.00000042295, 100.93115618, 1.00234160266, 3.77335728303, 1.06248896132, 3.29000026779, 1.00000042675, 4935.97919302, 0.536193029491
1.87998816313, 1.08952151389, 1.63104661365, 0.888431402684, 2.83000003124, 1.07090024521, 1.59229904402, 1.26000030901, 1.14000050071, 2.16622821517, 1.58370639274, 1.04726921498, 3.0400004629, 1.06430366469, 1.05853846122, 1.00000022533, 1.00000059927, 1.08498093968, 5.97317601783, 0.953793542129, 1.00000090309, 105.480222447, 0.962959117077, 5.71132423821, 1.05178645714, 3.29000047187, 1.00000099657, 9339.19962472, 5.8981233244
3.81472237327, 1.04454002638, 1.37306966422, 0.950889566141, 2.8300006985, 1.06024933508, 1.81009706335, 1.26000034332, 1.14000086969, 1.61764665326, 2.46284761265, 1.07300441972, 3.04000097789, 1.03328245153, 1.03879868908, 1.00000055016, 1.00000012118, 1.0936010032, 8.22390241453, 0.983692081741, 1.00000060761, 118.639683451, 0.973393191893, 4.6571468094, 1.06937038303, 3.29000084141, 1.00000080313, 1723.11607643, 1.60857908847
4.64424111448, 1.02636512982, 1.55543247999, 0.881257736527, 2.83000021199, 1.12606648098, 5.71663704009, 1.26000053343, 1.14000098708, 1.79413107385, 1.88551556958, 1.05761988352, 3.04000005381, 1.07134911748, 1.06162809649, 1.00000038182, 1.00000066863, 1.04633704383, 3.68545502862, 0.95726029881, 1.00000067198, 122.049893011, 1.04941449268, 5.04032565666, 1.0550792386, 3.2900005346, 1.00000091993, 7934.97829339, 1.07238605898
1.41631417486, 1.10481348587, 1.62712722932, 0.942385831314, 2.83000071159, 1.00571242639, 4.81290599595, 1.26000032318, 1.14000070434, 1.95141596625, 2.34552029333, 0.904702663074, 3.04000097227, 1.06831270586, 1.00730824416, 1.00000067785, 1.00000007885, 1.07273674333, 6.44491693094, 0.9331934828, 1.00000058175, 117.499779887, 1.05978926064, 2.93693673853, 1.05479453373, 3.29000075429, 1.00000065047, 5100.53093086, 6.97050938338
3.79663039686, 1.02894794571, 1.51839644811, 0.838502563972, 2.83000044073, 1.17883049776, 2.17960362704, 1.26000072742, 1.140000406, 1.32390382607, 2.54703713824, 1.05585260015, 3.04000051396, 1.0642968592, 1.05832276994, 1.00000013632, 1.00000040125, 1.07015581061, 8.47823786001, 0.997578485613, 1.000000486, 102.963007624, 0.91387838493, 5.73578783248, 1.04597640468, 3.29000018013, 1.00000036643, 5142.92678764, 2.14477211796
3.88636184648, 1.1114022391, 1.71320553077, 0.852008143172, 2.83000022795, 1.04309721294, 4.56489714176, 1.26000068919, 1.14000060999, 2.45821606934, 1.56640674191, 0.951251451441, 3.04000037881, 1.06974740689, 0.996641961937, 1.0000007483, 1.00000089886, 1.09792550032, 7.64087307047, 0.967735859759, 1.00000082697, 119.631025047, 1.08792126517, 5.73485690469, 1.03581197046, 3.29000028449, 1.0000009274, 77643.3910677, 4.82573726542
1.95110566326, 1.10559676459, 1.56602959622, 0.851596807857, 2.83000045035, 1.08653742918, 5.09748155738, 1.26000047079, 1.1400000831, 1.77064324733, 2.58553090206, 0.925993635532, 3.0400003141, 1.08553962351, 0.934609740421, 1.00000066199, 1.00000056678, 1.10196301178, 4.49618451979, 0.945726756124, 1.00000077069, 124.547661913, 1.05167840071, 4.65914570211, 1.06614190438, 3.29000012228, 1.00000027673, 2446.6524704, 1.07238605898
2.2014075237, 1.0760531207, 1.51974261758, 0.886142074641, 2.83000079143, 1.13706658177, 3.41585789922, 1.26000031011, 1.14000045896, 1.59515526849, 2.99604694682, 1.04664635041, 3.0400006834, 1.07158094293, 0.979622346355, 1.00000049555, 1.00000007857, 1.09300253516, 6.18036561304, 0.993058139018, 1.00000052494, 123.242790778, 1.00475993247, 4.61209657901, 1.06104321748, 3.29000092928, 1.00000077262, 9678.47858404, 4.02144772118
4.60104526435, 1.10757710878, 1.57585293025, 0.827305887989, 2.83000035474, 1.18374066934, 5.10395935237, 1.2600005271, 1.14000004816, 1.26812507178, 2.44420812501, 1.0134287418, 3.04000018356, 1.00198735953, 0.936016790592, 1.00000012576, 1.00000056385, 1.09091114704, 3.96627565669, 0.91648864485, 1.00000010242, 101.177853955, 1.07803465499, 5.5176977983, 1.04546990675, 3.29000069211, 1.00000065382, 9231.8570384, 0.0
1.7002630093, 1.06346602714, 1.64314356914, 0.862589912566, 2.83000030614, 1.12465155418, 3.70791736951, 1.26000040569, 1.14000071957, 2.10589852648, 2.78894766641, 0.987785292409, 3.04000008163, 1.01366404118, 0.888801177675, 1.0000003825, 1.00000001738, 1.05120833069, 9.6067230066, 0.927505581163, 1.00000043052, 119.263402867, 0.958154145456, 5.87703358382, 1.06655720838, 3.29000039276, 1.00000006272, 8427.20100386, 5.09383378016
