2.5969009886, 1.13787142938, 1.73599042112, 0.924432538228, 2.83000027394, 1.1577119612, 1.22286594373, 1.26000047686, 1.14000080809, 2.47179234805, 1.93502264844, 1.06342969913, 3.04000083137, 1.00715401414, 0.781019736209, 1.00000020433, 1.00000087518, 1.00088588481, 3.72325937725, 0.944116245124, 1.00000029294, 122.051964547, 0.943645882897, 4.32810394664, 1.04113715926, 3.29000053192, 1.00000029614, 1756.21225061, 1.07238605898
2.47771649908, 1.09576646191, 1.68962910031, 0.923626841611, 2.83000020589, 1.17634367418, 4.03317142389, 1.26000091787, 1.14000037742, 3.71174664786, 1.70232567517, 1.05833352005, 3.04000065698, 1.02965505513, 0.826129577897, 1.00000089427, 1.0000006141, 1.01832761621, 4.10864659661, 0.945179905505, 1.00000051253, 119.009426863, 1.03573860297, 2.48654504172, 1.05052948541, 3.29000092492, 1.00000013022, 3321.35064972, 1.87667560322
4.9510493226, 1.1232077708, 1.6654845073, 0.854640262148, 2.83000013844, 1.15507296082, 1.02434591378, 1.26000005631, 1.14000075542, 3.35837656947, 1.87516849194, 1.01276682357, 3.04000003156, 1.08985749842, 0.788209055197, 1.00000058472, 1.00000027658, 1.01610235241, 6.52329135575, 0.948275491137, 1.00000099371, 117.553161337, 0.927622114613, 5.63289489195, 0.997102056982, 3.29000030764, 1.00000002808, 34063.9132903, 3.75335120643
1.87974872704, 1.02957078218, 1.63741264396, 0.963369965612, 2.83000069041, 1.00175056195, 1.17179868063, 1.26000065158, 1.14000002255, 2.87264914502, 1.62793381997, 1.0421989174, 3.04000027587, 1.01163141474, 0.826192417537, 1.0000008989, 1.00000018911, 1.01946090551, 3.88009239717, 0.927483539508, 1.00000096562, 96.295006757, 0.923327018831, 5.39962749119, 1.06359880229, 3.29000036556, 1.00000047423, 21394.8768577, 2.14477211796
5.40157380226, 1.12937047661, 1.59250589906, 0.848801416385, 2.83000002609, 1.1656251308, 1.38870173358, 1.26000019106, 1.14000008396, 3.17266266526, 2.63922899666, 0.981338308977, 3.04000089719, 1.08408322086, 0.795973830092, 1.00000085903, 1.00000079622, 1.00563688354, 3.55881354882, 0.970368959146, 1.00000091021, 90.9986958033, 0.918417902786, 2.68893913483, 1.06886740614, 3.29000046018, 1.0000003049, 6078.43176365, 2.9490616622
1.90136405004, 1.10947594776, 1.65218302689, 0.92411210247, 2.83000052812, 1.14620397667, 1.09418666276, 1.26000019698, 1.14000041382, 3.60991807874, 1.80558737585, 1.08111648626, 3.04000049281, 1.07253537267, 0.83211881148, 1.00000053749, 1.00000060255, 1.00607867346, 7.32021720173, 0.933693480836, 1.00000070571, 92.9869256421, 0.934367260634, 5.58517029718, 1.0291180287, 3.29000076968, 1.00000001983, 9487.8703291, 2.14477211796
1.92313079026, 1.04728925129, 1.70056973175, 0.973117999629, 2.8300008877, 1.13799914472, 3.1752032472, 1.26000012187, 1.14000071103, 3.48698792559, 1.7288923145, 0.945194477577, 3.04000044549, 1.00087814436, 0.806856037017, 1.00000046268, 1.00000064303, 1.05744946896, 9.42807402594, 0.937404734931, 1.00000072408, 81.0755303558, 0.920366364011, 5.61248360945, 1.04867676849, 3.29000071921, 1.00000013532, 12016.6714189, 3.48525469169
1.26632425548, 1.01702368386, 1.58029496104, 0.874553483215, 2.83000037909, 1.14431809768, 5.75704326267, 1.26000055933, 1.14000089625, 3.57436958239, 1.78667435886, 1.0951999955, 3.04000080081, 1.02119839776, 0.824227047333, 1.00000028731, 1.00000088272, 1.01030101756, 5.85700718615, 0.938059323453, 1.00000036111, 118.468074338, 0.998011585038, 4.92076827722, 1.03138024002, 3.29000034194, 1.00000094462, 8242.47295454, 1.07238605898
2.24224135929, 1.12432542392, 1.57537834384, 0.942121163272, 2.83000024239, 1.10300286337, 2.19293243359, 1.26000087877, 1.14000025345, 2.24873261468, 2.88198773459, 1.07850920821, 3.04000092154, 1.03728969852, 0.958557287559, 1.00000086373, 1.00000019657, 1.01510438571, 6.50931814395, 0.9235630276, 1.0000003354, 85.4742846432, 1.04688362112, 4.96592770798, 1.03860446058, 3.29000051974, 1.00000012079, 2904.51971342, 0.0
1.43222000146, 1.12326126992, 1.65865168525, 0.913803464719, 2.83000072113, 1.1552416183, 2.10107142802, 1.26000057295, 1.14000066361, 1.96622715828, 2.41959955829, 1.0920297915, 3.04000007112, 1.07810869767, 0.781345878607, 1.00000010617, 1.00000060605, 1.04235071453, 9.67016047883, 0.947976795799, 1.00000012612, 78.3522181176, 0.854617614868, 5.68671375252, 0.976603433187, 3.29000038221, 1.0000005422, 35508.7525605, 4.28954423592
2.69150323161, 1.12376521962, 1.62755250813, 0.923889650604, 2.83000063368, 1.08821573693, 4.99509878654, 1.2600005105, 1.14000048979, 3.52433526337, 2.02320776428, 0.913018669693, 3.04000068385, 1.01304698742, 0.841183331054, 1.00000066106, 1.00000059432, 1.03977468885, 4.36257433346, 0.960097529635, 1.00000026112, 93.1837137318, 1.01563983709, 4.56358251833, 1.02689551203, 3.29000047891, 1.0000001918, 8055.42007393, 1.07238605898
3.78636917994, 1.13968331303, 1.61007418331, 0.827519836808, 2.83000027145, 1.17189852717, 1.46261110667, 1.26000037255, 1.14000002182, 2.63563379119, 1.74119377069, 0.957243879538, 3.04000062422, 1.04961291954, 0.809779091698, 1.00000020218, 1.00000038604, 1.03541360091, 8.21093241018, 0.948862535067, 1.00000012898, 85.5501149119, 0.932171981564, 4.95369936447, 1.03534624739, 3.29000004581, 1.00000032468, 39294.240638, 2.9490616622
1.30374095951, 1.06923741606, 1.51963287981, 0.912867893595, 2.83000090184, 1.16221519815, 1.26493791097, 1.26000042456, 1.14000009524, 3.21672132505, 2.34766971001, 1.05032697616, 3.04000077091, 1.00758976653, 0.84339884661, 1.00000028877, 1.00000080434, 1.05018737463, 6.78469550855, 0.987996199425, 1.00000064622, 92.6093041018, 0.927123623143, 5.22127813358, 1.0270194627, 3.29000090893, 1.00000096964, 1817.8568855, 2.14477211796
1.17448863179, 1.07315903722, 1.71039142622, 0.900589440615, 2.83000045393, 1.13502247126, 2.79771455332, 1.26000064429, 1.14000010797, 2.8507744383, 1.62432281133, 1.07287186403, 3.04000066472, 1.00725319229, 0.989263575858, 1.00000075269, 1.00000085196, 1.04339540393, 7.26507516628, 0.927417609779, 1.00000063956, 107.20639244, 1.01486276673, 5.3652329309, 1.06064639247, 3.2900000269, 1.00000094277, 126022.472351, 2.41286863271
2.70664370793, 1.12915772989, 1.68475963604, 0.826235980505, 2.83000004347, 1.12520907635, 3.33119598177, 1.26000073522, 1.14000053692, 2.24808685137, 1.77918131183, 0.984433988708, 3.04000001994, 1.0548740041, 0.869270381234, 1.00000048935, 1.00000078815, 1.00338834653, 6.13321157377, 0.98573373801, 1.00000060008, 80.8371529655, 0.990492323673, 5.49583895655, 1.03997790677, 3.29000023935, 1.00000041079, 45419.0575849, 3.75335120643
2.16027895592, 1.1234241904, 1.72754591525, 0.832972314099, 2.83000044547, 1.08952425604, 2.5778382574, 1.26000015165, 1.14000045279, 3.55756097881, 1.58421525593, 0.980751935875, 3.04000016661, 1.07801494943, 0.781230321618, 1.00000024492, 1.00000092482, 1.04649821913, 9.00229818472, 0.956178053413, 1.00000013555, 93.7766370072, 0.968781376101, 1.36830447368, 0.961456129488, 3.29000066988, 1.00000032726, 24613.16306, 4.02144772118
3.74772869683, 1.06666563146, 1.68858874767, 0.848991018893, 2.83000029578, 1.16922563078, 2.21216702733, 1.2600008196, 1.14000089835, 2.52612681169, 1.67896309945, 1.07682046444, 3.0400002498, 1.07986719107, 0.83979696956, 1.00000009455, 1.00000093399, 1.0009201127, 8.14401250896, 0.92009987138, 1.00000016898, 77.5572990962, 0.916351083949, 4.0898071703, 0.960674630801, 3.29000024351, 1.0000005503, 3123.25426465, 2.14477211796
1.72968031323, 1.09850871756, 1.73534149789, 0.857737025148, 2.83000053277, 0.868861147945, 3.03677403657, 1.26000039159, 1.14000063265, 2.49308683691, 1.65679340972, 1.02178871223, 3.04000018111, 1.05440252401, 0.804995750763, 1.00000022732, 1.00000034013, 1.03858656755, 7.42386569761, 0.932224474187, 1.00000061818, 78.1380745779, 1.02396255633, 3.53971638681, 1.03745807613, 3.29000040276, 1.0000001083, 2488.67025529, 1.34048257373
1.89430839821, 1.13516192032, 1.64057931709, 0.956904049206, 2.83000027887, 1.15814105343, 1.39728079364, 1.26000052056, 1.14000028824, 3.3822723235, 2.10703522317, 1.09818292178, 3.04000057456, 1.09458825453, 0.91311887346, 1.00000014121, 1.00000086665, 1.02384291309, 3.16396503952, 0.969533143893, 1.00000017854, 83.5378949254, 0.844717479205, 1.89299330101, 1.00811845144, 3.29000082027, 1.00000034727, 11074.5037266, 0.804289544236
1.66628598639, 1.12446654668, 1.42855855554, 0.828245783186, 2.83000046389, 1.01102406, 1.62713867014, 1.2600001172, 1.1400007034, 3.3052410301, 2.20249246356, 1.04276585882, 3.04000029266, 1.09286684234, 0.801888944867, 1.00000053711, 1.00000062665, 1.02432116414, 9.57163820174, 0.917461598968, 1.00000023366, 117.568954756, 1.06302339019, 4.3530222911, 0.979369076445, 3.29000033108, 1.00000016701, 8392.11778372, 2.41286863271
2.29578659351, 1.13830307265, 1.7034338084, 0.800345275082, 2.83000095827, 1.10456525769, 2.43576844577, 1.2600003848, 1.1400004282, 1.97963490075, 1.60694182317, 1.03522101669, 3.04000085606, 1.11963369519, 0.827073774083, 1.00000013968, 1.00000085689, 1.01595469216, 9.03887742425, 0.987091310201, 1.00000012668, 80.9668841313, 0.923814165397, 3.40520626435, 0.971980818194, 3.29000030041, 1.00000042224, 13468.9909664, 2.14477211796
2.99168188365, 1.06248088814, 1.56719081777, 0.89617740467, 2.83000046265, 1.07358873105, 5.62924726232, 1.26000020888, 1.14000006903, 3.20036108396, 2.00695005562, 0.982661949454, 3.04000093859, 1.02806997148, 0.877090282659, 1.00000078023, 1.00000025089, 1.00791394059, 8.15913864076, 0.930748448867, 1.0000005691, 90.225984055, 0.966207771794, 3.64618848096, 1.06920187381, 3.29000030299, 1.00000035244, 10187.835099, 1.07238605898
2.46796994937, 1.09854937901, 1.61269256334, 0.889388151042, 2.83000014963, 1.09086793338, 1.26020467027, 1.26000000479, 1.14000012947, 1.64308245423, 1.82967865999, 1.06694483801, 3.04000010946, 1.1195698075, 0.789186791206, 1.00000030715, 1.00000072021, 1.07024940222, 4.39233213479, 0.967970887265, 1.00000007282, 99.2743925488, 0.980561292572, 4.70382710443, 1.02396617491, 3.29000096853, 1.00000022463, 6399.29018025, 2.41286863271
3.42316948785, 1.12659343003, 1.52497841812, 0.921850158119, 2.83000084578, 1.03089383826, 2.41208199393, 1.26000042309, 1.1400002079, 3.13169570723, 2.11938422346, 1.04164255189, 3.04000026177, 1.09456382121, 0.786537233033, 1.00000023677, 1.00000015902, 1.01781011058, 5.64364478351, 0.954232555472, 1.000000973, 88.9880279482, 1.08722443821, 3.45183478725, 1.01356909827, 3.29000009255, 1.00000059495, 42019.3706819, 3.21715817694
3.15760835074, 1.13453502192, 1.61224318133, 0.926824383122, 2.83000099823, 1.11372744167, 4.71077771737, 1.26000002398, 1.14000085175, 3.49399491402, 2.19718115354, 0.998356838425, 3.04000057541, 1.05209776884, 0.853919692689, 1.00000050997, 1.00000059003, 1.03616374006, 8.74674085918, 0.98928743212, 1.00000097218, 89.3680591779, 0.961659685116, 5.79447556905, 0.971569595105, 3.29000036471, 1.00000002681, 23512.8083434, 1.60857908847
2.94012769892, 1.11551987124, 1.44344594164, 0.905821683439, 2.83000056743, 1.14798449329, 3.12701672809, 1.26000029057, 1.14000003952, 2.9744333485, 2.22710776915, 0.945592649241, 3.04000086001, 1.03051323747, 0.895658188217, 1.00000000233, 1.00000079863, 1.02339245246, 4.40936320785, 0.960125332883, 1.00000018779, 86.1877073421, 1.00844856684, 5.77809157142, 1.00554619431, 3.29000035826, 1.00000080984, 3487.77099477, 5.36193029491
1.3639014363, 1.13715223049, 1.5595375429, 0.8842494026, 2.83000013131, 0.924630553719, 4.75061106524, 1.26000075369, 1.14000003495, 2.44076688728, 1.8311824879, 1.06521608652, 3.04000015461, 1.05097804825, 0.808289130463, 1.00000085235, 1.00000060266, 1.0345560039, 7.37756345532, 0.920189619677, 1.00000071104, 76.5375718468, 0.954369625673, 5.5382094702, 1.03718103232, 3.29000048581, 1.0000007434, 9383.56212724, 2.41286863271
1.47044684144, 1.02473566087, 1.6204246161, 0.952709403884, 2.830000317, 1.07690870145, 1.90251079815, 1.26000072175, 1.14000071927, 3.47152990845, 1.61821078931, 1.01122478345, 3.04000070735, 1.10853193131, 0.790506012686, 1.00000000319, 1.00000080032, 1.02607192855, 8.71490500611, 0.923780919458, 1.00000093904, 77.406369366, 0.957373025519, 4.79509649872, 1.05219755533, 3.29000086232, 1.0000008763, 15273.9868192, 6.16621983914
3.03565494419, 1.07281480552, 1.70906011958, 0.800593939496, 2.83000020608, 1.08082925623, 5.05349147156, 1.26000046543, 1.14000037407, 2.76304972001, 2.9089598754, 1.0490358983, 3.04000068374, 1.0504263375, 0.887588584799, 1.00000064349, 1.00000019047, 1.00215329458, 7.06632155448, 0.922666823849, 1.00000047312, 81.6271371777, 1.03327018144, 4.60124588062, 1.02291356006, 3.29000030036, 1.00000092202, 7989.49068301, 2.68096514745
1.83489425414, 1.09684262462, 1.56019961879, 0.832450273472, 2.83000055366, 1.14119761588, 2.27960656575, 1.26000026272, 1.14000097063, 3.519917096, 2.03206252914, 1.08741650166, 3.04000081421, 1.08043854481, 0.785094429169, 1.00000045396, 1.00000090167, 1.02851961255, 5.31778216455, 0.936812128582, 1.00000073196, 83.8156848168, 0.907782863665, 5.23094914696, 0.992429121793, 3.29000057844, 1.00000052689, 18409.453638, 0.536193029491
4.21209733961, 1.05857864093, 1.66376340963, 0.822085567953, 2.83000050052, 1.10739711636, 5.9085858014, 1.26000099928, 1.14000001136, 3.60128036073, 2.1310264489, 0.983610438496, 3.04000098659, 1.03397779704, 0.807696903675, 1.00000064, 1.00000053178, 1.01890675896, 7.74350173153, 0.95603890343, 1.00000069338, 77.8615380967, 0.927981635253, 5.05267887707, 1.01278972176, 3.29000079357, 1.00000042625, 4658.1043234, 3.75335120643
1.35377157339, 1.1375119904, 1.44149262856, 0.80928607938, 2.83000050926, 1.18091704226, 1.3126223827, 1.26000017076, 1.14000064998, 3.54699122114, 1.73984978682, 1.02876586414, 3.04000025327, 1.01846883949, 0.891095970759, 1.00000049445, 1.00000031055, 1.00238435293, 6.71646509169, 0.947665222374, 1.00000084575, 75.051556752, 1.01406659203, 5.15372892613, 1.05616818426, 3.29000023407, 1.00000052129, 27729.6512751, 0.804289544236
3.26209174706, 1.12539957305, 1.40094806598, 0.885284265474, 2.83000017623, 1.03393030535, 2.0271034717, 1.26000085557, 1.14000075983, 3.48188973938, 2.06017357136, 1.0834330069, 3.04000005352, 1.1103365094, 0.838000440951, 1.00000001108, 1.00000068477, 1.03128784651, 5.23386584594, 0.926589370129, 1.00000019929, 104.426496382, 1.01959095867, 5.66711776897, 1.03666228749, 3.29000069759, 1.00000087649, 24265.2613041, 0.536193029491
4.52921086267, 1.08341997934, 1.55211013373, 0.853973537987, 2.83000040168, 1.03519086377, 1.48479635964, 1.26000088325, 1.14000049884, 3.5396472167, 1.58966958894, 1.03082165774, 3.04000007925, 1.08113677098, 0.801935189926, 1.00000034825, 1.00000098254, 1.02923431652, 6.43980481484, 0.926168693185, 1.00000027197, 80.4445957448, 1.0819157441, 4.64867854576, 1.06879550447, 3.29000055699, 1.00000071799, 3137.05942029, 6.16621983914
2.32565126994, 1.06661635572, 1.70370243564, 0.840186102461, 2.830000525, 0.994700755173, 4.48172640147, 1.26000086533, 1.14000081282, 3.62491680446, 1.57292167438, 1.04979850125, 3.04000092427, 1.03323032921, 0.927433978919, 1.00000071389, 1.00000011392, 1.01126650409, 4.32169810487, 0.935893981996, 1.00000057991, 79.6434221374, 1.0104928499, 5.91228340931, 1.0344610032, 3.29000019121, 1.00000036538, 6284.71741201, 3.48525469169
1.23253151114, 1.103509165, 1.37144162381, 0.883698177375, 2.83000013135, 1.10798433101, 2.25722356332, 1.26000014133, 1.14000006247, 3.4461967109, 2.14083934777, 1.03197171652, 3.04000094422, 1.05208240694, 0.854313014091, 1.00000071902, 1.00000087123, 1.02123806772, 6.16468828667, 0.955224890051, 1.00000044551, 76.5615990803, 0.997009456301, 4.49901321184, 0.995007914962, 3.2900008883, 1.00000043893, 2915.76820534, 2.14477211796
2.20092266629, 1.04748597462, 1.34774930767, 0.825022081104, 2.83000038756, 0.979822975245, 3.31483101408, 1.26000046538, 1.14000021676, 2.79319703276, 1.90229018498, 1.02312359842, 3.04000045643, 1.07585585323, 0.844312985102, 1.00000061307, 1.00000056696, 1.01439201828, 6.91569417196, 0.965823365228, 1.00000040158, 100.749794697, 0.92951729058, 5.43137693591, 1.0333260822, 3.29000027681, 1.0000009514, 12805.2107841, 2.9490616622
2.63410765324, 1.09799198987, 1.51451444463, 0.954577317718, 2.8300004665, 1.18104687424, 4.08499103084, 1.260000275, 1.14000052322, 3.66149175316, 1.72694841595, 0.982115139126, 3.04000025733, 1.11934566022, 0.828287496756, 1.00000051123, 1.00000006096, 1.00340377575, 3.10134866037, 0.934582572768, 1.00000097196, 75.7468569316, 0.984066666642, 2.83032674229, 0.985868130949, 3.29000053961, 1.00000039546, 20411.0559601, 1.60857908847
3.03886432123, 1.02386543166, 1.5803935695, 0.853691861672, 2.83000060169, 1.04503610427, 3.40073505723, 1.26000049994, 1.14000010446, 3.4382446699, 2.43767215575, 1.09590888052, 3.04000068537, 1.05396446286, 0.870684016826, 1.00000077009, 1.00000009337, 1.01810477276, 8.31937520074, 0.952442827514, 1.00000083037, 78.3756350215, 0.882943915537, 4.93448649657, 1.05342598553, 3.29000055082, 1.00000017641, 29872.9776046, 6.16621983914
4.9880603724, 1.13028844935, 1.62867566114, 0.906976605355, 2.8300004357, 1.15180314676, 1.75303557805, 1.26000096716, 1.14000064438, 3.70421531673, 1.98187860702, 0.970041555062, 3.0400000231, 1.11820965063, 0.821814882086, 1.00000014943, 1.00000079146, 1.04848415998, 6.28475605599, 0.980701512006, 1.00000073474, 75.669137321, 0.977724282447, 5.8608401064, 0.950867630275, 3.29000055782, 1.00000030703, 34335.4223039, 1.34048257373
1.15406352611, 1.1006755861, 1.36159733563, 0.86793101689, 2.83000022257, 1.05521632571, 2.0478274681, 1.26000009016, 1.14000083225, 2.9034935079, 1.67899566643, 1.03666736277, 3.04000044199, 1.04129225887, 0.942918269865, 1.00000038327, 1.00000074611, 1.05208183336, 3.88513316643, 0.937585370416, 1.00000023011, 87.0975109487, 0.853242479681, 4.99948590083, 1.05474167805, 3.29000089139, 1.00000028451, 10637.8331099, 0.536193029491
2.06651858668, 1.07264475954, 1.47157468501, 0.947095154242, 2.83000095534, 1.18894017511, 1.7023355031, 1.26000003914, 1.14000052363, 3.6072644456, 2.58102453835, 1.00110826269, 3.04000042567, 1.06996560211, 0.893379117777, 1.00000086016, 1.00000061006, 1.04636535895, 4.8572567573, 0.935218407454, 1.00000047945, 83.7210873393, 0.977101059215, 5.97358220066, 0.97938812116, 3.29000034567, 1.00000023203, 15161.1373791, 2.68096514745
1.2641161171, 1.11120930991, 1.70557335637, 0.836396290429, 2.83000007658, 1.06456854138, 3.97067360843, 1.26000012813, 1.14000094386, 3.6358725453, 1.56398399807, 1.03394222623, 3.0400002172, 1.07222989593, 1.08186491441, 1.00000010658, 1.00000058519, 1.00531044524, 3.3031620034, 0.926193597712, 1.00000008809, 95.9903924596, 0.956139853087, 5.71420966429, 1.02431027407, 3.2900003448, 1.00000037613, 8908.35603311, 2.9490616622
1.53791748221, 1.03613079079, 1.44431683442, 0.857082651898, 2.8300008111, 1.12423866765, 4.42218564111, 1.26000015576, 1.14000011235, 1.87306227524, 1.98319660355, 1.04357641767, 3.04000083613, 1.06425574952, 0.884655646176, 1.0000007925, 1.00000033741, 1.02666019673, 7.7329457061, 0.912630992808, 1.00000017988, 76.8090455638, 0.946536546101, 5.11085138079, 1.02204604564, 3.29000095954, 1.00000065923, 24867.2145157, 1.60857908847
2.03007406537, 1.12760566342, 1.4387136823, 0.910203864355, 2.83000082007, 0.949777569806, 2.15538104383, 1.2600009992, 1.1400003821, 3.22792818409, 1.74721797827, 1.07487339797, 3.04000096034, 1.07895553957, 0.882029118808, 1.00000069581, 1.00000005438, 1.05612386856, 7.00782215578, 0.967337018561, 1.00000092076, 82.3650343647, 0.900156769687, 4.44783926328, 1.03034708485, 3.2900000084, 1.00000097406, 21470.3385239, 1.87667560322
2.66971635365, 1.09420188287, 1.37264088863, 0.803345140018, 2.83000098748, 1.18167656554, 2.94401403487, 1.26000040499, 1.14000048813, 3.70079689037, 1.8358604434, 0.885554790761, 3.04000000534, 1.04048352579, 0.864731434027, 1.00000050164, 1.00000053295, 1.01767017871, 4.3127425657, 0.913445432469, 1.0000005584, 79.4084035387, 0.861187930675, 4.67322376013, 1.02498910886, 3.29000024064, 1.00000009401, 27464.0755781, 2.9490616622
2.58537215504, 1.00864962209, 1.62185006354, 0.851553023464, 2.83000004439, 1.1220313431, 3.42411312856, 1.26000063875, 1.14000085141, 2.94729459389, 1.8992234751, 0.930257859875, 3.04000005622, 1.04719966166, 0.925889866945, 1.00000051984, 1.00000027629, 1.03465950278, 5.3259575507, 0.9202851176, 1.00000073877, 76.5839061373, 1.02703355274, 5.75118217774, 0.992895174369, 3.29000072545, 1.00000045903, 94600.3438793, 4.55764075067
1.8413519082, 1.1193725054, 1.52585894431, 0.931145565101, 2.83000004946, 1.14394999844, 2.356237074, 1.26000051012, 1.14000025447, 3.63567803322, 1.91363875888, 1.05747335308, 3.0400004394, 1.09178338788, 0.869742783872, 1.00000053891, 1.00000080593, 1.07065426544, 6.31899482694, 0.935993883532, 1.00000029399, 78.1598873005, 0.882648781699, 3.01991101249, 1.03198984929, 3.29000064721, 1.00000007069, 6129.547921, 1.07238605898
1.09193605728, 1.06323916287, 1.63587766873, 0.818612076416, 2.83000010693, 1.05161527454, 3.4232202223, 1.26000012844, 1.14000079672, 2.85729744823, 1.86307942968, 0.985215049976, 3.04000079238, 1.06998427088, 0.960225446298, 1.00000017705, 1.00000079214, 1.05075263573, 8.6552005564, 0.958740704302, 1.00000055337, 88.6635278275, 1.08762676921, 5.24885748489, 0.98792393555, 3.29000063679, 1.00000070409, 414.891577197, 1.60857908847
1.82701617194, 1.10694489383, 1.56417814077, 0.869450171915, 2.83000068276, 1.16279035459, 1.59022006297, 1.26000007391, 1.14000033938, 3.07766208133, 1.99372754261, 1.06787461331, 3.04000018319, 1.04140645507, 1.02725255609, 1.00000027551, 1.0000009397, 1.07566110676, 4.2675075174, 0.967971125422, 1.00000024412, 93.0545311705, 0.881788951927, 5.73190145899, 0.976763478159, 3.29000074012, 1.00000071334, 6435.39941071, 0.804289544236
1.65684859885, 1.05438489054, 1.39136595336, 0.848448826923, 2.83000008946, 0.984300483206, 4.40011067771, 1.26000036634, 1.14000018789, 2.27927668407, 1.95888124173, 1.09919847572, 3.04000089071, 1.0542037893, 1.01544223389, 1.00000064489, 1.00000006393, 1.0136524381, 4.68458332385, 0.939368896591, 1.00000051504, 84.2776989029, 0.880926806057, 5.73814679948, 1.05352854568, 3.29000088595, 1.00000072804, 42607.6625378, 9.11528150134
2.45062450737, 1.09929713143, 1.34957426638, 0.904614011551, 2.83000066832, 1.05788801186, 2.70432521671, 1.26000089914, 1.14000054561, 3.19592953848, 1.59937950371, 0.8928318314, 3.04000052787, 1.0889529724, 0.782333494814, 1.00000019655, 1.00000067237, 1.09611420568, 4.06694619494, 0.942896850685, 1.00000045853, 91.3511705147, 1.05363878742, 5.24197024967, 0.982240351576, 3.2900002846, 1.00000005993, 17241.2006457, 3.75335120643
4.13931147268, 1.09033811808, 1.60460972231, 0.852880273207, 2.83000087478, 1.18634952691, 3.82037646347, 1.26000030345, 1.14000026211, 3.46655248316, 1.59607332662, 1.01284708203, 3.04000004492, 1.10430069552, 0.865542540906, 1.00000072591, 1.00000051319, 1.06100190582, 4.85983844513, 0.979373168546, 1.00000033736, 94.227480607, 1.08117463759, 4.45537731498, 1.04732883182, 3.29000079595, 1.00000031059, 425.645077028, 3.21715817694
1.53808259871, 1.07991703732, 1.50660310163, 0.832426228689, 2.83000015574, 1.15241073915, 2.87445196234, 1.26000056885, 1.14000052206, 3.63926806066, 1.74692743881, 1.08801449738, 3.04000007206, 1.08142011355, 0.858500316779, 1.00000003761, 1.00000037159, 1.07045866336, 3.28268911224, 0.934238506798, 1.00000066261, 84.7256074847, 1.00782315652, 3.79056673969, 1.0242620389, 3.29000073035, 1.00000073124, 178799.473536, 7.50670241287
4.02457702683, 1.07207405064, 1.50545111064, 0.819504614437, 2.83000050125, 1.18997532049, 3.28397445396, 1.26000068977, 1.14000044857, 3.10218843138, 2.63188940923, 1.09596586723, 3.04000068841, 1.11768824275, 1.07828311889, 1.00000074585, 1.00000079545, 1.03579647362, 4.38459941224, 0.957101552739, 1.00000082679, 76.8462708454, 1.00626493175, 4.69891219039, 1.02101258735, 3.29000000476, 1.00000085376, 139.609061792, 3.75335120643
2.40322138895, 1.08211775312, 1.45517478535, 0.8322677256, 2.83000041233, 1.1536243688, 3.5285282357, 1.2600004747, 1.14000046075, 3.61105488362, 1.84949798583, 1.09380396893, 3.04000019207, 1.1121925156, 1.08153394258, 1.0000003378, 1.00000059071, 1.0932539847, 3.41239172911, 0.945032260959, 1.00000013184, 79.0124980996, 0.982736384602, 4.97149073169, 1.03527381227, 3.29000020368, 1.00000033909, 86512.447034, 6.97050938338
